448.37,89.373,29.373,35.373
440.14,99.696,34.885,26.116
436.22,103.29,35.027,26.819
430.26,106.86,34.15,26.866
430.94,110.07,30.22,26.77
423.26,112.28,33.622,25.6
425.69,112.42,25.317,25.771
420.28,114.45,23.726,25.346
413.7,114.62,25.465,23.51
407.87,116.97,27.785,24.091
405.48,120.37,25.222,23.384
402.92,121.44,24.71,23.321
400.57,124.97,26.743,21.843
398.25,123.39,29.337,23.032
398.66,122.58,25.926,26.132
399.49,125.46,24.759,24.714
400.7,127.28,21.552,27.518
398.36,131.5,22.359,26.416
395.01,133.68,24.146,27.708
391.81,137.3,25.002,29.712
390.44,141.46,25.81,31.626
388.76,143.52,25.439,29.915
387.75,145.94,26.508,28.359
387.01,146.99,26.126,24.83
386.42,147.48,25.093,23.137
389.89,147.49,20.425,25.424
385.17,145.71,22.357,24.876
383.66,144.87,21.486,24.633
386.02,142.11,20.983,24.868
381.05,139.96,22.768,25.723
376.1,138.63,25.72,25.406
383.16,136.63,19.652,20.923
381.53,136.51,19.897,22.501
380.97,137.61,18.637,21.562
381.62,137.55,17.357,20.907
380.76,139.2,17.551,20.491
379.96,140.88,18.412,19.289
377.47,142.33,21.476,27.988
376,143.37,22.903,27.89
376.3,144.2,23.202,28.511
376.19,145.02,22.011,24.624
375.29,145.84,21.681,23.357
375.01,146.05,21.922,21.436
379.86,147.83,24.234,20.291
373.96,148.37,24.219,23.697
375.52,147.52,25.451,23.585
371.2,150.93,25.032,24.906
372.15,156.18,23.356,24.584
374.52,152.54,20.826,28.756
375.08,153.08,20.591,29.754
375.34,154.49,20.419,27.16
375.45,160.46,20.49,22.162
375.64,161.17,20.797,22.771
376.1,157.08,21.182,26.5
375.76,158.7,22.03,26.73
376.47,159.85,21.462,26.432
377.6,162.1,20.036,24.878
378.92,163.11,19.528,25.819
379.37,163.7,20.131,21.601
380.47,165.35,20.769,25.353
380.98,165.6,23.353,22.061
382.01,163.61,24.986,22.038
380.85,165.98,22.648,24.591
380.51,167.5,22.119,27.933
382.33,169.54,21.531,29.631
383.72,170.16,20.623,27.069
383.81,175.2,20.661,24.832
384.59,176.2,20.186,22.512
384.53,178.23,20.476,23.141
384.55,176.33,21.736,24.852
384.36,176.58,22.102,25.552
384.55,177.38,21.238,24.984
385.36,178.79,19.484,21.82
385.66,178.95,19.608,18.986
386.64,179.42,19.169,19.429
386.14,179.98,21.564,20.31
384.64,179.93,22.439,19.435
383.89,182.29,22.305,24.439
383.73,183.09,21.559,26.966
383.8,183.32,20.026,25.318
382.69,184.61,20.316,28.548
382.98,184.83,20.376,23.944
382.37,185.07,20.757,24.139
381.76,185.1,20.219,24.345
381.57,185.39,21.412,24.714
381.19,185.07,20.863,25.607
380.97,185.41,20.707,26.369
381.15,185.47,20.847,27.141
380.55,185.63,20.731,27.382
379.08,186.01,20.835,27.122
378.34,185.89,21.11,26.915
377.64,186.71,21.381,26.595
377.08,187.35,22.07,26.418
376.81,188.29,22.36,25.8
375.72,188.08,22.889,26.525
374.59,188.7,21.932,26.992
373.54,188.92,22.38,26.464
371.68,188.8,23.743,27.149
370.5,188.79,24.809,28.69
369.67,188.91,25.419,29.653
368.57,188.76,24.954,31.25
366.84,187.91,26.431,32.691
366.33,186.84,25.105,33.504
365.88,186.83,24.843,34.068
368.18,187.1,22.92,29.232
367.04,187.86,21.783,28.954
363.8,188.81,24.417,29.207
364.61,189.87,23.261,27.454
364.28,190.01,22.863,24.98
363.05,189.39,22.564,25.979
360.22,189.39,23.937,26.519
359.32,188.53,23.833,27.716
357.92,188.18,25.254,29.729
356.06,187.96,25.813,32.402
357.03,188.39,24.675,32.271
358.66,187.4,22.1,27.999
358.35,187.68,22.112,26.655
356.8,187.95,22.443,25.734
356.33,190.4,22.159,22.481
354.97,190.45,22.144,21.332
354.57,189.86,22.422,21.544
353.99,190.17,21.552,20.745
353.1,189.99,22.171,21.088
352.12,190.78,23.477,21.009
350.43,189.46,23.835,20.185
350.29,187.81,23.797,20.295
350.02,187.49,24.397,20.38
341.79,186.95,29.228,19.839
340.38,186.68,28.982,18.898
343.27,184.52,29.629,18.962
342.65,183.69,30.535,19.779
347.59,178.76,26.373,22.939
344.56,179.49,27.037,19.88
345.73,180.21,23.754,16.844
348.22,178.97,20.149,16.495
348.92,178.37,21.873,16.473
348.45,177.54,22.027,16.473
348.73,177.77,22.035,16.473
348.27,175.63,19.601,16.473
348.29,174.68,18.973,16.753
346.05,172.82,20.836,16.681
355.36,176.4,18.362,16.648
356.78,176.15,16.162,16.473
356.93,175.25,15.772,16.473
351.62,177.18,17.179,16.473
342.01,171.55,16.666,16.473
340.48,167.67,18.252,16.473
339.51,165.88,18.629,16.473
338.46,163.21,20.142,16.473
342.98,160.13,21.566,16.473
344.74,157.07,22.34,16.473
343.74,158.88,21.323,19.201
342.27,158.44,25.186,17.182
340.82,155.7,23.621,17.878
340.92,152.28,23.579,17.144
341.4,148.12,22.45,17.488
340.77,145.04,21.941,17.161
340.23,141.9,21.54,16.739
340.79,138.59,21.784,16.821
339.13,136.5,22.242,16.776
341.87,133.15,21.475,17.007
342.74,127.96,20.758,16.799
343.08,128.02,21.127,18.823
342.09,132.57,24.377,17.412
350.96,129.96,25.463,18.759
357.63,127,26.569,19.156
368.46,128.08,25.099,20.742
381.95,136.46,23.868,22.696
382.47,138.56,26.799,21.045
381.34,139.79,29.261,20.833
382.9,138.54,30.239,22.392
384.3,138.56,31.591,23.505
385.34,137.15,29.87,25.355
387.92,133.1,29.14,25.854
388.59,130.86,31.567,25.491
388.31,129.69,31.125,26.236
389.79,128.23,31.123,26.84
387.17,128.03,32.441,26.564
383.97,128.06,35.923,25.961
378.76,120.04,36.632,27.094
378.67,124.61,36.604,28.886
371.35,124.2,42.318,27.249
348.44,160.95,52.362,20.904
350.68,161.47,62.853,20.521
342.76,155.99,47.799,25.907
347.47,154.91,45.14,22.026
340.46,151.8,40.19,21.813
344.29,150.52,37.122,22.37
343.64,150.91,36.624,21.602
344.06,151.17,36.233,21.989
346.55,150.6,34.959,22.74
345.99,150.5,37.162,22.706
345.04,150.26,37.135,21.994
342.13,149.74,39.913,22.852
339.72,149.15,44.031,21.376
342.31,147.44,41.545,20.25
343.35,147.19,36.514,20.138
346.53,147.8,31.685,21.883
349.59,146.8,26.299,22.278
349.3,146.54,24.925,21.868
351.8,146.03,24.137,21.956
350.55,146.64,25.665,21.832
346.63,145.28,31.894,20.095
350.12,145.7,35.7,21.751
343.72,145.05,44.461,22.482
338.12,140.68,47.297,21.966
343.49,140.66,41.466,19.557
341.84,140.96,41.062,20.799
341.27,141.39,36.569,23.862
329.17,141.16,34.889,30.158
330.78,154.58,36.112,30.016
328.19,154.39,35.247,29.454
332.26,154.69,33.141,28.498
330.88,152.44,33.624,29.208
331.2,153.53,30.833,28.406
331.34,152.12,29.427,28.505
330.47,151.66,29.403,27.358
331.16,151.11,27.523,27.387
331.69,147.57,26.368,28.424
331.14,146.81,25.681,28.872
331.16,146.04,25.976,27.876
330.26,144.91,26.474,28.818
330.92,144.31,26.802,29.216
331.64,143.72,30.829,27.627
330.36,141.28,31.515,28.445
331.18,138.9,33.99,28.177
328.44,138.5,33.664,26.903
329.19,138.25,33.492,28.471
327.79,135.51,33.085,28.908
328.25,134.77,30.709,28.396
328.69,132.48,33.484,28.604
328.59,132.28,31.057,29.771
328.68,129.86,30.213,28.72
325.85,130.52,30.285,26.454
329.6,128.22,33.335,25.46
329.07,127.48,32.938,25.061
328.36,127.98,32.433,27.753
326.67,127.73,32.984,27.543
326.39,126.55,30.432,29.759
326.55,125.59,29.72,28.163
328.51,123.62,32.195,28.988
326.95,121.24,31.59,31.154
325.51,118.96,30.126,31.472
326.36,117.94,30.05,30.584
327.55,117.1,29.139,29.887
327.25,115.5,29.522,30.275
325.82,112.57,29.569,31.573
326.06,110.08,29.805,30.777
324.64,106.54,30.837,32.489
319.09,97.427,38.085,26.75
317.48,99.757,35.785,28.862
319.96,108.17,39.861,27.722
319.83,101.15,35.214,32.754
329.87,97.262,26.288,32.338
330.54,95.462,26.208,30.031
330.7,95.24,26.905,29.262
334.14,93.434,28.548,28.614
337.93,89.196,29.256,29.4
333.93,90.045,30.641,26.152
339.76,84.67,30.788,27.67
340.8,80.392,30.703,29.209
341.77,80.005,28.822,29.04
342.31,77.497,29.942,29.501
346.16,78.669,27.88,30.593
349.28,77.943,26.631,30.795
350.53,77.474,28.94,29.079
347.65,78.755,32.123,27.592
353.18,78.123,31.223,28.398
355.32,79.906,30.293,27.535
359.73,81.034,29.833,27.311
361.3,81.368,29.756,27.221
364.07,83.509,29.099,26.593
361.89,79.922,29.797,28.664
364.08,79.944,31.319,29.298
357.28,79.17,37.085,29.339
362.69,79.664,36.76,30.448
362.06,80.879,37.948,30.498
361.79,83.269,39.451,30.655
353.57,82.029,44.153,27.469
326.6,77.206,45.569,25.055
318.73,77.659,41.576,21.733
324.64,79.959,35.897,21.655
328.3,82.059,37.019,19.985
336,86.363,34.296,22.902
342.15,91.941,33.258,26.027
345.45,93.607,35.103,24.557
349.49,94.906,36.373,25.482
342.42,97.051,37.417,26.016
346.37,97.636,32.696,28.627
343.36,99.925,38.456,26.275
339.04,101.73,37.494,27.437
339.55,105.34,37.257,26.593
340.64,105.49,33.568,26.701
337.65,107.43,35.813,26.81
335.84,108.8,33.113,28.229
336.91,110.77,32.138,29.665
334.42,112.29,32.47,30.101
334.11,115.54,31.984,29.913
333.16,116.63,31.986,30.027
332.05,122.24,34.767,29.664
329.78,122.16,35.197,31.056
326.2,125.78,39.369,29.513
290.01,129.89,39.236,25.793
290.19,131.72,35.756,25.828
288.6,131.78,35.43,26.366
288.69,132.03,35.098,25.75
286.45,132.11,34.545,26.3
285.53,132.84,34.464,26.14
284.3,132.99,34.084,26.067
278.96,131.32,36.245,26.896
279.71,131.75,35.786,27.248
276.61,132.13,36.972,26.77
268.24,131.03,38.916,28.067
268.47,130.96,40.464,28.03
257.91,131.06,43.982,28.386
249.65,124.23,40.022,30.863
248.19,125.06,38.962,30.629
245.66,124.87,38.898,29.447
249.88,124.37,34.014,30.018
249.34,125.04,34.188,29.889
250.93,125.12,32.732,28.3
248.39,125.64,34.182,28.165
247.15,125.84,34.976,28.455
245.72,125.89,36.663,30.018
243.24,126.48,39.34,29.401
243.26,128.08,39.754,29.435
245.54,127.8,37.444,30.245
243.58,127.38,37.865,30.146
242.06,127.59,40.369,29.803
239.38,128.39,42.719,29.521
235.39,128.7,44.716,30.816
230.32,126.74,48.259,31.495
221.07,127.57,54.565,33.098
202.91,127.86,63.976,33.029
180.96,165.09,43.826,49.581
174.25,163.34,48.511,50.243
176.58,164.37,45.848,51.684
175.03,165.04,45.112,50.357
178.5,159.22,38.864,56.269
171.61,160.27,45.954,50.564
171.94,158.08,42.82,53.206
183.73,192.27,63.758,33.714
186.93,190.04,57.336,31.619
187.16,191.59,55.858,30.191
180.78,191.85,60.573,31.777
179.21,192.24,60.506,32.272
172.65,194.56,65.599,31.439
174.91,195.02,63.446,31.49
172.94,194.14,64.772,31.881
162.88,193.57,72.779,31.258
150.14,194.54,83.984,34.094
138.45,196.31,94.751,36.29
137.55,198.54,95.803,36.085
136.91,199.46,96.903,35.635
139.62,199.69,95.064,37.543
135.8,200.69,97.669,39.237
137.88,200.8,98.032,37.972
137.16,200.95,90.741,41.657
139.35,200.47,86.471,40.969
137.04,204.05,87.281,40.968
138.43,159.08,64.276,70.979
137.06,155.87,69.646,75.883
139.73,155.37,63.521,77.417
137.8,160.27,70.901,77.841
137.97,163.45,76.877,83.343
136.23,175.16,93.418,79.929
134.81,168.1,100.93,89.317
135.11,170.49,104.7,90.202
139.48,171.72,107.82,90.985
141.04,171.42,113.93,88.217
148.3,172.41,140.85,71.505
149.14,170.45,142.96,78.236
148.97,170.35,135.21,82.866
148.89,173.3,140.73,81.452
149.58,173.39,144.99,82.098
149.09,170.65,146.51,83.811
150.53,173.75,146.79,80.046
151.29,174.92,137.79,85.717
155.31,174.23,128.64,84.524
173.21,174.95,115.14,84.44
179.95,172.46,108.07,79.369
194.25,174,89.241,83.925
201.4,175.31,80.457,84.317
199.59,176.85,80.496,79.152
177.41,174.9,97.696,68.469
182.27,169.03,92.502,59.982
183.81,169.39,85.865,55.891
199.19,170.25,72.599,53.169
202.62,171.27,72.379,49.189
207.81,169.56,77.33,45.494
217.78,167.7,73.699,49.991
211.92,162.75,76.506,51.916
233.34,170.93,75.627,62.148
231.36,182.91,82.918,60.663
226.93,183.9,83.939,65.231
211.45,169.96,85.9,69.597
190.72,164.14,80.987,68.524
200.92,163.68,70.807,70.273
213.58,162.97,62.447,72.269
204.19,166.13,66.109,70.864
192.56,162.81,62.81,74.404
179.98,166.64,70.372,70.562
172.27,166.95,68.01,78.154
147.13,162.52,73.617,84.045
115.91,170.41,84.024,89.973
108.86,172.65,85.506,98.786
95.58,217.68,90.163,101.22
91.618,244.67,100.53,85.605
