225.85,205.85,120.85,97.851
237.45,207.36,125.17,95.914
253.71,211.91,123.85,95.729
258.56,220.16,122.4,97.385
257.85,229.3,123.04,97.842
254.36,237.05,124.48,97.816
246,243.47,124.64,98.92
239.28,248.53,125.47,98.89
247.58,250.23,126.92,98.777
259.16,256.82,126.93,100.53
253.69,265.32,128.47,100.22
247.5,265.41,126.57,99.824
247.45,265.39,127.3,100.78
256.21,271.56,126.3,101.97
263.08,285.7,127.09,102.22
270.03,297.98,127.29,102.96
275.36,303.87,129.67,102.54
259.37,303.33,127.74,102.39
239.58,291.87,126.94,102.29
238.76,275.88,126.87,102.07
244.75,261.88,129.23,102.67
261.98,250.87,128.33,104.72
274.12,257.62,125.98,104.77
260.66,277.41,129.41,104
228.5,295.53,130.11,105.38
215.47,294.98,127.21,102.89
235.28,268.91,129.85,104.56
260.84,247.95,129.39,103.88
275.2,249.33,132.2,102.45
285.09,259.44,129.76,102.97
276.34,263.43,132.09,104.17
248.08,258.55,131.83,103.74
213.61,252.8,132.63,104.23
202.09,247.39,128.11,103.64
205.85,246.45,132.79,103.84
213.23,248.68,131.33,103.32
216.78,248.88,132.51,102.5
219.34,254.05,130.21,104.97
210.59,257.44,131.07,105.37
205.14,250.81,132.12,104.29
204.03,236.89,131.31,103.92
205.97,220.31,132.3,104.09
221.05,202.71,133.28,105.16
229.78,205.25,132.69,105.38
218.89,224.8,134.49,107.5
212,246.14,132.61,109.64
218.46,258.98,135.68,107.2
234.84,268.32,132.13,106.35
226.65,279.28,133.5,106.95
216.9,285.03,133.34,106.2
215.2,271.6,133.4,108.18
201.62,248.45,137.01,108.53
197.55,225.06,132.35,108.39
205.38,217.23,139.4,106.56
218.03,218.94,134.13,106.71
225.08,221.05,137.79,105.85
235.03,214.6,134.33,106
241.68,204.53,133.94,106.3
233.99,205.83,133.82,106.49
212.65,220.31,134.19,107.35
193.98,241.4,135.32,108.43
190.9,246.78,137.51,108.36
210.51,236.92,139.82,110.17
232.81,228.74,139.78,109.28
244.26,217.27,137.23,108.11
244.02,206.11,139.63,108.99
239.6,198.79,136.29,108.79
218.91,204.14,139.24,109.52
192.99,213.94,139.76,111.22
176.97,212.06,139.24,108.59
170.7,195.67,143.53,111.29
173.23,165.59,142.95,112.44
170.42,160.27,140.56,110.2
169.2,176.27,144.44,109.93
200.13,174.91,141.2,111.19
232.95,169.35,142.54,110.08
228.24,192.42,143.71,115.14
211.06,245.97,146.65,119.09
222.73,303.12,149.46,117.35
273.2,327.86,148.72,115.7
299.74,312.29,149.3,118.7
276.03,278.99,148.22,117.34
234.22,243.08,148.81,115.55
194.49,215.39,146.41,116.4
181,210.04,144.95,115.24
186.22,226.04,144.88,115.81
193.23,244.47,145.14,114.72
192.86,243.17,143.94,114.29
198.63,223.44,143.09,115.74
204.4,199.35,145.37,115.66
205.07,185.52,143.59,113.65
197.21,187.86,148.83,115.33
192.38,204.89,149.44,115.07
205.78,219.34,147.31,113.68
233.88,212.71,146.74,115.53
249.52,202.74,149.95,114.09
261.64,206.89,151.18,115.65
292.78,221.86,149.9,114.96
327.89,231.17,150.32,116.48
351.24,230.43,150.07,116.95
351.66,217.96,147.8,117.92
332.39,202.26,150.35,115.18
304.68,193.72,146.81,118.75
286.34,199.01,146.62,115.56
286.1,199.9,147.37,116.3
286.32,200.6,148.8,116.4
279.57,208.42,148.04,119.33
269.44,222.08,149.87,118.72
263.32,230.44,148.73,117.84
267.7,231.58,150.54,118.49
273.98,232.69,150.97,117.76
252.72,244.97,147.94,118.25
217.16,255.16,150.77,119.06
208.33,243.08,149.47,118.4
227.95,220.96,149.08,116.77
254.7,201.12,149.61,118.6
262.81,193.27,150.72,116.78
251.35,202.88,150.69,120.72
235.4,220.52,151.64,118.55
231.21,233.56,151.58,118.83
238.44,237.72,149.27,117.96
258.75,237.27,149.01,117.53
271.56,232.73,149.36,117.91
262.75,225.53,149.54,116.58
253.56,220.67,148.72,116.91
262.15,224.93,148.63,116.5
280.4,225.93,148.92,117.84
278.23,214.64,151.57,118.53
262.11,198.8,149.85,117.42
244.86,189.08,152.18,119.57
250.65,186.41,151.02,116.24
253.86,186.87,155.56,117.99
240.88,187.67,149.96,117.67
210.25,182.77,149.67,116.47
195.67,177.95,147.38,115.87
206.38,174.18,148.18,117.74
217.82,173.03,148.67,117.92
197.9,171.95,150.96,117.92
152.13,177.2,150.96,120.23
133.74,186.32,152.13,119.14
178.84,188.1,157.44,119.64
245.79,189.48,151.91,117.41
279.24,189.85,149.63,119.56
281.85,192.09,150.23,117.76
277.75,192.34,145.9,120.12
257.32,185.1,148.14,119.46
217.11,180.02,147.43,118.17
188.66,177.07,149.01,120.31
189.81,179.76,150.24,118.87
201.06,179.68,152.87,120.45
205.3,177.42,151.89,120.3
194.82,173.23,151.1,119.38
193.49,172.29,150.53,117.44
198.04,169.72,150.8,120.24
214.92,166.82,150.73,120.34
246.08,157.16,151.48,120.32
260.83,141.11,152.24,120.12
248.51,140.69,149.57,118.89
236.96,149.32,150.3,119.89
254.03,145.82,148.58,119.51
281.38,139.44,147.96,118.05
291.5,142.31,148.92,120.27
280.91,170.34,149.58,120.8
264.65,212.58,148.37,120.52
258.72,234.99,147.83,116.35
259.68,221.28,148.3,121.47
254.23,198.95,147.58,122.21
246.06,183.77,146.4,120.01
230.17,182.74,148.35,120.48
219.48,188.21,149.28,121.28
213.19,188.89,148.36,119.62
220.31,184.61,143.32,118.23
238.6,176.69,146.87,119.31
260.92,167.34,146.59,119.56
269.02,167.62,145.72,119.01
265.52,173.47,145.89,119.32
270.77,181.23,145.34,120.61
272,196.45,145.57,119
266.39,214.66,147.05,118.25
261.55,225.81,143,119.1
258.35,222.63,146.36,119.85
263.02,210.09,145.05,117.96
269.49,194.87,147.07,118.85
267.42,182.33,144.85,116.28
251.05,170.04,142.06,116.57
240.55,169.77,143.19,116.89
231.93,177.28,145.4,119.62
219.99,193.18,146.33,116.84
218.41,213.7,145.12,117.97
241.06,224.56,148.77,117.89
279.42,216.48,146.44,116.74
305.29,197.65,145.6,118.69
302.99,185.48,143.03,115.4
301.56,177.8,143.23,116.91
319.94,175.74,143.15,116.83
338.45,172.12,141.09,115.84
348.08,166.94,140.83,114.61
345.67,159.46,141.35,115.04
323.04,168.91,140.76,112.56
305.34,179.77,141.75,115.13
327.26,183.71,141.56,112.08
372.97,178.34,139.27,114.61
403.81,175.72,138.25,114.48
413.43,178.73,136.41,113.88
416.43,188.49,140.13,114.65
430.13,192.51,138.05,114.03
446.29,184.82,134.15,112.18
438.3,172.47,138.74,113.82
412.41,172.47,138.34,112.75
375.47,183.62,138.03,111.36
335.62,193.88,136.33,111.59
318.44,198.32,134.24,109.11
327,192.42,135.69,109.25
339.78,185.66,134.28,110.27
352.91,175.63,136.07,109.92
362.36,170.52,135.48,108.46
355.83,177.81,130.34,106.67
347.45,190.31,132,107.65
340.65,200.84,131.21,108.39
314.33,195.33,135.41,108.82
268.98,184.26,139.02,109.96
226.83,182.82,135.62,108.96
205.62,186.84,131.99,108.35
211.67,189.28,130.44,108.72
224.03,187.29,133.36,108.77
224.85,179.85,131.43,109.73
209.3,184.86,127.62,106.83
195.33,196.24,133.38,110.76
209.86,215.51,134.61,105.68
248.21,225.83,132.62,105.92
267.7,228.8,130.72,107.99
247.84,227.18,128.68,107.69
210.98,220.55,129.91,105.84
186,213.64,130.11,107.92
183.52,209.83,128.06,107.63
209.54,209.9,132.1,106.42
257.05,206.85,133.39,109.13
288,211.75,130.31,105.22
286.03,216.83,128.54,105.19
246.92,216.48,132.1,106.31
188.52,213.58,133.92,106.91
148.12,214.42,126.31,102.58
135.32,207.4,123.03,104.62
148.86,195.36,128.61,105.17
177.4,186.98,125.57,105.15
193.84,180.39,123.06,105.05
199.13,183.54,124.66,103
216.19,186.45,121.66,100.59
237.44,186.58,126.21,104.64
254.05,192.09,127.47,102.23
257.2,198.28,125.13,100.66
247.5,203.78,125.43,100.98
237.34,211.49,123.52,99.145
232.83,220.74,123.17,103.08
233.59,235.5,121.25,100.77
236.06,237.83,124.1,100.35
243.53,212.31,123.65,102.65
248.72,189.51,124.81,101.57
250.56,193.87,117.94,100.85
242.57,213.75,123.26,100.94
236.16,232.86,119.15,99.44
223.76,239.65,119.59,103.52
210.78,238,120.1,102.55
210.66,225.16,118.88,98.776
217.5,200.55,118.45,101.15
219.57,191.62,117.03,97.897
227.88,199.88,116.64,95.39
245.75,216.58,117.46,99.519
258.81,233.89,115.93,98.7
251.82,238.42,122.39,99.933
243.75,226.36,123.31,100.81
246.73,212.81,118.35,96.704
252.7,203.64,120.93,96.978
257.69,201,119.11,100.08
261.84,207.11,117.06,96.22
265.51,205.23,116.09,95.368
268.18,200.89,114.72,94.582
275.53,196.99,114.04,95.257
284.97,193.75,117.6,97.638
290.83,185.6,117,96.143
290.45,172.11,113.83,96.416
281.46,168.29,113.17,95.42
268.08,178.42,114.35,98.126
276.02,201.53,115.27,96.3
299.5,224.84,116.21,97.132
311.84,216.43,117.65,99.048
299.16,190.33,118.85,94.959
280.58,177.02,114.04,94.955
262.75,183.09,114.49,96.441
266.11,198.89,114.34,95.181
282.72,208.42,113.27,94.126
286.49,213.13,115.85,94.289
284.3,207.48,114.64,94.795
281.37,186.31,115.29,95.643
270.69,165.37,114.99,96.174
279.19,163.28,112.88,93.78
301.43,177.53,114.77,93.332
312.9,187.26,112.47,94.924
285.96,177.81,117.31,94.107
249.98,169.78,114.6,92.934
224.89,172.44,111.68,91.528
229.5,174.47,111.93,90.035
247.84,165.67,112.3,90.052
264.89,159.74,111.45,93.079
267.44,155.25,115.23,93.391
247.24,154.36,112.44,91.164
217.71,159.36,110.35,91.419
202.05,172.91,109.53,90.564
198.72,182.45,110.58,91.291
181.37,190.07,112.49,89.528
161.29,199.16,112.81,91.68
156.01,208.61,115.18,91.881
169.42,206.32,114.75,88.611
189.45,189.51,113.12,89.479
198.09,182.17,115.14,92.839
186.93,186.43,115.91,89.975
175.17,196.43,112.72,90.335
179.69,204.64,112.45,92.599
196,198.35,111.69,90.254
206.34,178.34,111.65,91.068
213.31,160.56,111.31,88.799
234.51,150.98,111.75,89.986
249.44,158.55,113.16,89.159
250.65,176.32,112.04,90.486
246.73,194.06,108.88,88.95
242.64,193,108.25,87.469
237.29,166.28,110.35,89.861
224.74,143.2,107.98,86.199
212.13,140.3,108.33,87.264
213.28,152.4,115.31,91.46
231.25,174.2,112.99,90.578
245.15,183.69,108.89,88.275
255.14,177,108.64,86.65
270.52,162.81,108.03,84.373
280.69,155.57,107.34,88.23
284.11,165.68,108.39,88.643
278.37,182.44,110.74,87.007
248.45,184.33,111.87,87.077
198.67,172.29,118.52,88.97
168.58,162.86,110.3,88.848
156.64,162.54,110.7,87.407
157.36,168.81,109.62,89.039
163.6,176.85,108.01,87.133
174.21,178.28,107.31,84.178
197.38,169.78,110.84,86.083
228.89,161.08,106.74,87.133
244.61,161.85,106.17,84.838
249.34,158.89,103.99,84.323
246.38,157.33,109.56,85.649
242.5,165.27,105.12,82.481
231.67,177.89,106.54,88.021
225.24,193.28,104.66,83.706
202.48,199.66,109.06,85.454
170.95,204.28,108.04,86.498
141.54,204.42,106.42,83.328
116.93,197.73,105.27,85.313
114.79,192.43,104.63,84.062
129.84,192.82,104.39,84.72
155.57,188.92,104.19,83.703
177.76,180.91,105.14,85.012
193.63,174.19,106.8,85.115
212.69,172.49,106.02,84.313
230.16,171.23,109.07,84.996
238.04,160.74,106.13,85.237
225.08,144.43,108.48,85.628
207.02,148.05,103.39,85.531
194.81,154.89,104.16,85.788
207.08,157.59,104.07,82.775
227.31,160.75,106.21,84.064
239.23,154.33,109.63,83.536
253.5,142.36,104.35,83.593
260.84,139.41,107.96,85.233
259.84,142.9,105.25,83.629
251.67,151.32,105.01,84.038
241.58,169.46,108.67,86.72
240.33,185.81,105.66,84.888
240.6,188.69,103.99,81.872
245.24,184.49,104.87,84.972
256.57,179.35,102.84,83.965
264.58,165.75,101.78,83.114
279.86,156.74,103.18,83.404
301.66,163.13,106.15,83.312
325.49,181.15,104.4,83.941
329.67,200.48,100.87,84.796
301.38,222.08,103.35,83.744
270.05,232.45,102.42,83.179
253.87,215.98,101.76,82.495
257.51,190.52,102.25,84.314
249.97,173.49,101.48,81.584
237.87,176.05,103.63,82.461
250.34,191.69,107.16,85.569
272.68,213.97,103.41,83.56
268.49,220.72,103.01,81.295
266.95,201.09,99.802,84.122
270.23,176.96,101.79,82.552
268.49,175.41,102.28,84.758
273.46,196.72,103.94,87.181
281.05,219.95,102.67,84.293
289.93,209.45,100.5,82.514
297.47,188.81,102.41,81.533
296.05,188.2,103.39,81.684
292.83,203.82,101.33,83.087
293.2,214.93,100.96,81.486
289.11,205.52,105.27,83.247
265.95,188.06,106.91,82.527
245.42,179.74,101.98,79.943
243.46,186.94,104.56,82.605
259.78,205.99,104.27,86.56
272.77,218.32,98.721,82.96
279.43,210.37,102.66,81.35
281.19,190.32,105.32,82.688
288.55,183.14,103.27,81.564
306.53,194.27,104.36,81.561
317.95,202.47,102.58,80.19
293.83,196.42,108.37,81.908
256.48,178.96,106.5,83.619
232.46,169.73,102.86,81.806
231.91,174.27,100.22,82.765
222.53,185.33,101.04,81.942
204.62,192.27,99.015,81.908
213.26,193.32,102.5,83.26
243.35,188.66,106.44,87.029
261.23,190.26,98.298,82.538
240.69,193.6,104.59,83.227
212.69,202.1,101.02,82.127
212.71,206.49,102.16,80.803
252.11,196,104,85.704
279.22,187.36,105.54,84.202
272.56,179.5,104.11,84.289
258.04,179.79,102.99,82.373
242.21,185.81,104.84,83.372
246.96,191.31,106.14,82.986
291.37,193.03,110.1,83.081
341.75,190.14,106.94,85.291
350.43,185.34,105.39,83.708
333.09,176.63,108.29,85.001
300.89,170.68,111.66,84.591
257.35,172.88,108.45,87.025
234.85,188.9,104.31,86.295
253.45,202.27,109.34,84.56
286.67,209.27,108.71,86.694
303.68,204.8,106.84,87.299
289.2,190.83,108.17,86.198
259.41,186.19,102.95,85.092
235.47,198.67,104.98,83.972
244.24,214.43,104.53,83.149
263.45,213.33,105.12,82.656
272.9,193.25,104.11,86.067
267.43,182.41,105.7,84.928
255.53,188.2,104.89,83.985
253.1,202.34,107.55,85.809
271.16,208.19,104.98,83.216
289.86,196.54,105.09,85.347
305.73,178.83,104.56,84.646
321.29,172.25,107.19,85.574
342.47,190.69,106.6,89.156
352.69,215.41,109.76,86.432
355.31,211.84,106.39,87.332
354.43,192.56,106.34,87.101
347.63,172.21,110.59,89.315
352.16,165.08,106.48,88.055
357.2,170.15,110.63,90.195
353.7,175.87,111.27,88.367
342.38,178.19,111.06,90.903
306.16,185.2,116.3,91.409
275.21,190.4,109.48,88.61
261.14,187.85,111.01,89.112
244.55,177.34,113.44,89.448
215.37,158.24,116.74,90.62
185.63,153.88,112.05,87.966
162.74,164.76,113.07,90.475
172.07,182.65,113.71,88.606
207.14,181.02,122.17,93.143
254.85,159.69,116.86,91.922
274.99,140.39,115.28,91.202
270.93,139.1,116.84,91.824
269.31,154.88,118.21,93.892
285.5,178.52,113.22,92.768
303.43,177.58,112.95,87.856
299.31,163.25,117.94,93.208
268.58,164.21,121.19,94.049
217.96,183.34,126.81,101.73
196.18,216.84,115.2,94.27
206.42,223.06,122.9,94.452
226.19,215.56,120.5,94.753
222.39,203.89,119.28,93.406
199.59,198.71,119.01,93.408
189.74,210.47,122.07,97.24
199.54,237.84,122.13,99.474
215.75,264.2,122.51,96.122
229.03,263.19,124.11,96.817
238.02,245.83,122.55,98.118
252.55,216.82,125.83,98.329
268.35,206.67,126.27,98.49
270.02,214.8,127.47,98.853
280.62,231.03,126.22,97.152
311.28,227.8,129.52,98.888
341.97,214.34,124.07,100.11
331.36,184.7,130.87,102.83
288.57,172.68,131.41,100.14
235.77,184.82,132.94,104.21
216.95,221.11,134.15,105.97
228.99,241.47,131.19,101.74
251.53,212.56,133.35,107.33
265.49,190.01,134.29,103.1
264.47,192.88,135.69,103
275.05,197.64,134.08,105.05
309.53,196.23,136.01,106.35
352.19,192.81,141.84,106.96
361.83,196.75,138.89,106.66
323.21,203.88,139.86,105.11
267.64,211.98,140.58,106.36
228.34,210.51,138.76,105.68
205.38,193.9,140.06,108.39
199.24,177.31,141.01,108.17
212.55,169.88,147.23,111.9
232.84,172.1,140.61,108.67
248.23,174.64,144.37,108.21
268.63,176.11,147.49,110.84
293.95,176.01,147.25,110.36
298.37,170.54,145.01,109.83
278.67,165.7,148.42,110.49
258.64,165.14,148.49,110.87
242.28,169.38,147.91,110.24
231.63,173.52,150.16,111.4
234.9,172.61,154.68,114.83
248.16,168.81,152.23,112.4
245.24,168.23,153.91,113.45
234.37,173.18,153.63,113.77
245.69,182.08,156.25,119.08
287.13,201.42,163.1,117.88
328.03,204.78,160.16,115.45
316.53,192.66,163.5,121.4
283.38,185.67,159.65,122.06
247.56,184.94,164.17,122.44
213.94,184.97,162.29,119.29
194.8,185.22,167.85,122.18
203.5,186.31,167.8,123.07
220.24,186.27,163.97,123.14
227.6,179.2,161.95,123.43
238.03,168.23,167.19,125.26
243.23,163.03,170.3,124.62
239.03,160.62,169.41,125.91
233.11,161.73,167.26,126.72
231.34,162.58,173.96,127.88
228.82,156.31,172.69,129.6
206.77,152.56,173.84,131.62
175.08,161.39,174.09,131.78
166.89,174.9,182.21,131.93
182.74,180.24,181.61,133.12
185.5,172.95,181.79,134.96
167.1,164.02,187.8,136.27
146.75,173.19,187.19,137.47
133.34,194.84,187.34,138.92
125.75,215.04,194.68,140.19
117.96,216.23,198.25,140.49
120.21,209.51,194.74,139.95
124.47,196.85,203.73,145.12
138.8,188.36,206.17,145.41
150.99,191.7,208.52,145.15
160.71,196.27,204.73,143.8
166.06,197.01,204.18,145.1
173.16,187.62,205.95,146.99
160.45,179.51,215.76,150.67
150.13,183.47,211.26,148.35
135.35,197,217.92,150.98
135,194.67,214.52,154.43
129.88,185.38,220.41,152.88
115.9,179.25,225,154.7
112.67,184.72,223.79,157.28
121.01,201.21,224.81,157.32
123.27,208.87,226.88,157.54
118.52,207.64,231.86,157.99
102.9,199.2,237.02,165.49
98.243,192.69,233.39,164.33
100.69,190.52,235.85,164.62
102.04,197.7,239.4,168.45
98.93,207.66,245.52,168.83
94.108,207.02,248.5,171.96
93.523,202.4,248.65,173.15
92.269,198.1,257.51,173.93
89.057,188.14,256.09,176.12
69.516,182.1,262.28,180.2
43.839,190.39,262.69,179.16
32.71,198.02,265.34,180.82
