164.62,121.62,27.622,24.622
164.73,121.05,27.424,24.442
164.85,121.35,27.558,24.214
165.95,121.57,27.531,24.36
165.93,121.13,27.317,24.274
166.84,121.32,27.272,24.207
166.46,120.7,27.428,24.527
166.88,121.32,27.273,24.255
167.14,121.2,27.241,24.161
167.84,120.93,27.09,24.493
167.94,121.14,27.225,24.53
167.67,121.75,27.484,24.281
168.21,121.6,27.426,24.494
168.77,122.36,27.297,24.202
168.67,122.32,27.328,24.48
168.96,121.59,27.579,24.34
169.18,121.63,27.352,24.311
169.41,121.36,27.3,24.418
169.82,121.92,27.47,24.349
169.74,121.61,27.255,24.419
170.4,121.25,27.198,24.395
170.52,121.89,27.523,24.305
170.58,121.9,27.594,24.446
171.18,122.16,27.458,24.207
171.15,122.17,27.51,24.363
171.46,122.42,27.716,24.428
172,122.23,27.696,24.573
171.26,121.54,27.644,24.538
171.14,120.97,27.619,24.206
171.14,119.7,27.822,24.063
171.35,120.28,27.816,24.258
171.05,120.52,27.888,24.288
170.77,121.36,27.914,24.283
170.72,122.07,27.953,24.201
170.78,121.85,27.785,24.938
170.48,122.17,27.911,24.351
169.47,122.88,27.988,24.211
169.79,121.58,27.883,24.397
169.41,121.8,27.974,24.384
170.15,121.01,27.613,24.621
169.36,120.83,28.023,24.484
169.86,121.11,27.652,24.329
169.59,121.55,27.773,24.463
169.61,122.73,27.741,24.537
168.84,123.83,28.32,24.386
169.74,124.16,27.586,24.291
169.18,124.5,27.757,24.648
169.03,124.83,28.043,24.524
169.18,124.37,27.683,24.697
168.89,124.42,28.047,24.421
168.93,124.1,27.831,24.505
168.79,123.68,27.714,24.612
169.2,123.97,27.913,24.514
169.04,123.95,27.771,24.544
168.91,123.47,28.175,24.47
168.55,123.93,28.285,24.628
168.83,123.12,27.891,24.865
168.49,124.16,28.329,24.564
169.49,124.52,27.813,24.389
169.03,124.71,28.031,24.815
169.32,124.76,27.94,24.844
168.62,124.68,28.172,24.496
168.81,125.28,28.224,24.532
169.08,124.08,28.282,24.341
168.36,123.44,28.602,24.513
169.33,123.35,28.137,24.553
168.83,123.14,28.101,24.517
169.01,122.62,28.226,24.566
168.39,122.43,28.15,24.659
168.33,122.62,28.319,24.52
168.4,122.7,28.404,24.548
168.6,122.92,28.229,24.607
168.66,123.97,28.272,24.533
168.88,123.93,28.226,24.613
169.27,123.57,28.057,24.665
168.6,123.9,28.49,24.44
168.87,122.9,28.245,24.781
168.8,123.68,28.331,24.579
169.41,123.16,28.065,24.91
168.89,123.41,28.129,24.568
169.46,122.99,28.328,24.615
169.39,123.35,28.483,24.626
169.61,123.75,28.282,24.531
169.83,123.81,28.327,24.521
170.32,123.62,28.364,24.391
170.05,123.11,28.376,24.622
170.25,123.43,28.373,24.505
170.34,123.77,28.336,24.26
170.18,123.58,28.289,24.617
170.42,123.92,28.202,24.426
170.44,124.36,28.36,24.651
170.78,123.66,28.39,24.774
170.77,122.8,28.683,24.649
171.18,122.85,28.334,24.713
171.42,122.63,28.67,25.168
171.58,122.7,28.215,25.091
171.89,123.66,28.166,24.874
171.96,123.18,28.257,25.086
171.74,123.52,28.236,24.809
171.96,123.42,28.29,25.133
172.16,123.77,27.978,24.793
172.09,123.98,28.509,24.758
172.98,123.76,28.305,24.985
173.26,123.96,28.719,25
173.23,123.5,28.777,25.408
173.33,123.49,28.929,25.371
174.13,123.29,28.693,25.361
174.29,122.95,28.255,25.427
175.04,122.45,28.716,25.123
175.01,121.9,28.86,25.203
174.54,122.17,29.083,24.988
175.04,122.49,29.311,25.303
174.95,122.86,29.015,25.135
175.25,122.61,28.628,25.229
174.54,123.36,29.195,25.181
175.2,122.95,29.02,25.589
175.34,123.28,28.639,25.063
174.76,123.46,28.754,25.397
174.69,123.55,28.78,25.213
174.87,124.21,29.062,25.244
174.95,124.05,28.847,24.994
174.28,123.28,29.082,25.494
174.44,122.55,28.981,25.269
173.79,122.52,29.207,25.69
174.5,123.33,29.15,25.568
174.61,123.27,29.057,25.393
174.62,123.4,28.53,25.313
174.03,124.06,28.858,25.59
173.74,124.69,29.351,25.234
174.5,125.62,28.763,24.886
173.75,126.04,28.757,24.875
173.74,125.75,28.755,25.018
174.4,125.91,28.426,24.765
174,124.34,28.787,25.449
174.83,123.68,28.081,25.497
174.34,123.97,28.384,25.323
174.57,123.84,28.303,25.191
174.16,123.99,28.197,25.198
174.11,123.28,28.614,25.467
173.96,123.37,28.546,25.102
173.5,123.73,28.63,24.781
173.72,123.74,28.591,25.128
173.52,122.22,28.568,25.814
173.75,121.89,28.529,25.645
173.43,121.73,28.649,25.538
173.1,120.62,28.64,25.872
173.03,120.68,28.788,25.694
172.74,121.13,29.031,25.584
173.48,121.27,28.578,25.543
173.41,121.08,28.251,25.445
173.5,121.27,28.179,25.696
172.6,121.34,28.967,25.844
172.83,121.52,28.663,25.654
172.89,122.37,28.789,25.718
172.77,122.38,29.085,25.692
172.56,122.08,29.198,26.001
172.99,123.36,28.945,25.945
172.52,124.2,29.25,25.217
172.03,124.22,29.123,25.208
172.14,123.57,29.272,25.544
172.49,123.65,29.052,25.329
172.56,123.46,28.644,25.462
172.39,123.51,29.387,25.534
172.97,123.29,28.511,25.533
173.01,122.94,28.647,25.897
172.57,122.94,29.308,25.83
172.39,123.61,29.591,26.139
172.58,123.43,28.994,25.674
171.52,124.64,29.666,25.599
171.65,125.11,30.585,25.376
171.55,124.62,29.458,25.138
171.41,124.42,30.351,25.424
171.79,123.96,29.362,25.312
171.71,123.26,30.123,25.523
170.88,123.8,30.581,25.59
171.07,123.46,29.897,25.259
170.55,122.31,30.781,25.584
170.22,121.57,30.849,25.66
170.44,121.66,30.604,25.521
169.73,122.01,30.225,25.75
170.51,121.46,30.192,25.753
170.24,121.02,30.375,25.448
169.9,120.4,30.787,25.756
169.57,120.02,30.619,26.186
169.61,120.11,30.965,25.974
169.8,119.84,30.691,26.037
168.84,120.13,30.96,26.066
168.43,119.98,31.228,26.026
168.2,119.9,30.607,26.054
168.14,119,31.005,26.072
167.71,119.59,31.307,25.819
168.09,118.82,30.991,26.163
167.48,119.04,31.272,25.819
167.25,117.63,31.189,25.989
167.2,117.51,31.023,25.949
167.1,117.21,30.617,26.03
166.46,117.37,30.743,26.142
166.29,117.41,30.777,25.742
165.61,117.06,30.747,25.699
165.75,117.3,30.506,25.607
165.24,116.7,30.949,25.525
165.13,115.68,31.008,25.742
164.59,115.12,31.024,26.084
163.79,114.66,31.209,26.449
164.49,114.65,30.637,26.532
164.01,114.74,31.09,26.459
163.67,114.55,31.166,26.489
163.62,115.65,31.419,26.433
163.34,116.43,31.654,25.979
163.57,116.51,31.352,26.287
163.35,116.75,31.352,25.987
163.05,116.98,31.576,26.105
162.23,118.53,31.581,26.154
162.64,119.12,31.3,26.175
162.23,119.6,31.54,25.878
162.51,121.2,31.916,26.18
162.2,121.99,31.29,26.255
162.32,122.24,31.169,26.247
162.16,122.44,31.422,26.282
161.86,123.07,31.424,26.184
161.27,121.99,31.455,26.636
161.79,122.14,31.399,26.567
161.27,121.3,31.304,26.602
161.04,120.98,31.721,26.361
160.53,120.69,31.715,26.932
160.6,120.71,31.866,26.54
160.23,120.63,31.411,26.618
159.96,120.36,31.623,26.911
159.58,119.61,31.96,27.105
160.81,120,31.15,26.802
160.23,119.36,31.38,27.023
160.24,118.66,31.731,26.943
160.55,118.24,31.75,27.084
160.23,118.18,32.116,27.019
160.92,118.47,31.56,26.793
159.82,118.67,31.951,27.026
160.27,118.12,31.721,27.205
160.43,117.84,32.115,26.625
160.4,116.51,31.642,26.948
160.06,116.33,31.572,26.859
160.01,115.97,31.672,26.952
160.56,115.52,31.438,26.882
160.4,116.58,32.151,26.873
160.7,116.32,31.857,26.655
160.25,115.41,32.187,26.854
160.54,116.13,32.2,27.069
160.73,116.31,32.049,27.113
161.02,115.58,31.761,27.001
160.54,114.59,32.104,26.805
161.31,114.29,31.692,26.932
161.63,114.3,32.16,26.874
161.25,113.58,31.909,27.125
161.58,113.72,32.409,27.233
161.62,113.16,32.369,27.384
161.79,113.86,32.428,27.412
162.16,113.73,32.558,27.659
161.84,114.67,32.669,27.777
162.11,114.66,32.663,27.547
162.67,115.28,32.532,27.58
162.35,114.7,32.856,27.225
162.31,114.93,32.688,27.068
162.84,113.98,32.819,27.085
163.2,114.41,32.519,27.28
163.42,114.39,32.274,27.091
163.4,114.26,32.419,27.65
163.61,114.07,32.284,27.565
163.7,113.85,32.597,27.83
164.15,114.01,32.429,27.901
164.1,114.49,32.723,27.296
164.29,114.51,32.567,27.511
164.42,114.88,33.304,27.576
164.7,114.76,33.064,27.869
165.31,114.47,32.693,27.622
165.98,114.65,32.469,27.728
166.03,115.55,32.928,27.786
166.63,115.52,32.058,27.798
166.39,115.56,32.7,27.897
166.81,116.08,33,27.498
167.86,115.39,32.439,27.611
167.15,116.02,32.684,27.548
167.83,116.01,32.744,27.7
168.43,115.81,32.713,27.964
168.3,115.04,32.934,28.242
168.35,115.53,32.427,28.161
168.77,115.6,32.886,28.512
169.03,116.33,32.772,28.4
169.19,116.36,32.564,28.606
170.2,116.56,32.114,28.131
170.23,116.52,32.73,27.864
170.41,115.4,32.651,28.076
170.48,115.67,32.84,27.89
171.01,115.92,32.592,28.262
171.29,116.11,33.048,28.085
171.49,116.05,32.46,28.223
171.75,116.68,32.766,27.978
171.81,115.92,33.169,28.18
171.7,116.69,32.826,27.985
171.93,116.97,33.162,28.08
172.49,115.76,32.812,28.155
173.06,116.13,32.901,28.192
172.82,115.27,33.068,28.073
173.05,115.2,32.627,28.325
172.92,115.63,32.987,28.358
172.87,116.08,32.785,28.414
172.42,116.93,33.178,28.32
172.68,117.03,33.131,28.292
172.4,117.02,33.469,28.223
172.49,117.43,33.291,28.432
172.13,117.94,33.865,28.118
172.82,117.71,33.414,27.789
172.87,118.25,33.586,27.615
172.44,117.31,33.259,28.063
173,116.68,32.8,28.826
172.44,117.51,33.849,28.6
172.54,118.03,33.677,28.452
172.54,117.67,33.705,29.145
172.02,118.21,33.574,28.483
172.08,118.43,33.927,28.448
172.05,118.56,33.787,28.866
171.89,118.91,33.658,28.269
171.52,119.52,33.716,28.484
171.63,119,33.739,28.267
171.72,119.22,34.157,28.244
172.1,118.94,33.809,28.171
171.88,118.64,33.745,27.963
171.8,119.54,34.072,28.091
172.05,119.52,33.889,28.118
171.46,118.82,34.085,28.029
171.76,118.02,33.877,28.448
170.83,117.56,33.977,28.735
171.41,118.26,33.954,28.523
171.45,117.89,33.661,28.637
170.47,117.62,33.975,28.511
170.62,117.65,33.892,28.423
170.46,117.54,33.795,28.628
170.53,118.07,34.05,28.49
170.48,118.43,33.422,28.394
169.37,118.5,33.782,28.717
169.41,118.86,34.114,28.6
169.67,119.24,33.417,28.455
169.49,119.49,33.262,28.341
169.11,118.79,33.771,28.481
168.32,119.29,33.59,28.61
168.38,118.65,34.001,28.783
167.3,118.29,34.017,28.79
166.96,117.87,33.851,29.239
166.65,118.02,33.928,28.88
166.09,118.79,33.756,29.137
166.25,119.23,33.741,28.823
164.93,119.64,34.061,28.576
164.52,118.91,34.368,28.845
164.07,119.38,33.851,28.721
163.64,118.64,34.071,28.735
163.08,119.41,33.743,28.603
162.74,118.97,33.596,28.81
162.17,119.26,33.87,28.67
162.07,119.03,34.291,28.604
161.83,118.99,34.064,28.607
161.7,119.1,34.052,28.479
161.41,119.6,34.146,28.371
161.97,119.26,34.015,28.487
161.31,118.99,34.3,28.675
161.22,119.1,34.323,28.658
160.59,118.33,34.432,28.695
161.01,119.43,34.638,29.033
160.83,118.77,34.088,28.942
160.92,118.25,34.315,28.929
161.08,117.82,33.926,28.615
161.65,118.16,34.36,28.469
161.99,117.95,34.299,28.378
161.8,118.07,34.3,28.575
161.49,118.12,33.998,28.385
161.78,117.86,34.179,28.351
161.94,117.68,34.012,28.987
161.7,116.7,34.036,28.704
161.81,116.65,34.262,28.643
161.87,118.09,34.404,28.616
161.86,118.12,34.313,28.609
162.12,117.62,34.237,28.822
162.01,116.78,34.432,28.688
162.65,116.44,33.8,28.695
162.21,117.06,34.337,28.62
162.51,117.1,34.488,28.901
162.67,116.78,34.203,28.988
162.69,117.48,34.117,28.683
162.54,117.54,34.362,28.777
162.47,117.68,34.288,29.323
162.67,117.95,34.223,29.184
162.68,118.26,34.325,29.251
163.02,117.82,34.474,29.139
162.71,117.66,34.381,29.072
163.12,117.48,34.382,28.953
163.34,117.4,34.554,29.028
163.54,117.47,34.355,29.191
163.58,118.51,34.383,29.072
163.62,119.07,34.532,28.988
164.06,118.63,34.387,29.427
163.64,118.24,34.873,29.77
163.87,119.24,34.922,29.609
163.77,119.7,34.407,29.329
163.52,119.11,34.874,29.4
163.46,119.2,34.699,29.711
164.04,120.43,35.059,29.698
164.06,120.31,34.568,29.334
163.67,119.77,34.736,29.686
163.45,119.2,35.193,29.518
163.74,119.72,35.191,29.69
164.07,118.99,34.806,29.566
163.98,119.01,35.297,29.464
163.81,119.9,35.518,29.606
163.75,120.15,35.647,29.595
163.7,120.16,35.488,29.658
163.74,120.49,35.183,29.6
163.25,119.61,35.419,29.757
163.53,119.07,35.854,29.893
163.41,120.4,35.246,29.771
163.49,119.82,35.762,29.768
163.3,119.76,35.714,29.375
163.77,119.07,35.801,29.827
163.59,118.77,35.934,29.865
163.89,119.15,35.753,30.067
163.53,118.71,36.056,29.986
164.24,118.65,35.854,30.338
163.71,119.04,36.057,29.912
163.82,119.34,36.241,30.15
164.11,120.06,36.436,29.901
164.08,119.31,35.971,30.033
164.19,119.27,36.199,30.236
164.37,119.12,35.859,30.053
164.83,117.61,35.761,30.49
164.64,118.62,35.967,30.636
164.23,119.52,35.77,30.441
164.21,119.38,35.893,30.827
164.17,118.87,35.919,30.848
164.79,119.22,35.288,30.583
164.31,119.71,35.929,30.625
164.07,119.03,35.911,30.986
164.47,119.15,35.47,30.945
164.16,119.22,35.808,31.104
163.91,118.76,35.703,31.251
164.24,119.36,36.101,31.387
164.22,119.4,35.533,31.295
163.68,119.77,36.297,31.12
163.14,119.66,36.265,31.287
163.19,120.09,36.895,31.274
162.7,119.64,36.475,31.525
163,118.32,36.836,31.661
161.25,120.04,37.331,31.541
162.11,119.48,37.123,31.377
161.44,119.67,37.229,31.394
160.98,118.99,37.219,31.771
161.57,119.34,36.564,31.683
159.98,120.7,37.068,31.669
159.95,120.09,37.158,31.848
159.3,119.75,37.303,31.963
158.67,120.09,37.813,31.433
158.46,120.04,37.579,31.694
158,120.46,38.032,32.061
157.16,120.24,37.727,32.086
157.74,120.77,37.623,31.719
156.75,120.46,37.956,31.651
156.16,120,37.801,32.004
155.42,120.39,38.144,31.965
155.41,120.53,37.836,31.859
154.85,120.59,38.114,32.024
154.42,120.88,38.615,32.1
153.55,120.9,38.216,31.972
152.87,120.43,38.042,32.004
152.14,120.41,38.81,32.146
152.1,120.78,38.661,32.244
151.49,120.57,38.509,32.12
151.13,120.09,38.761,32.434
149.49,119.74,38.696,32.136
149.47,119.38,38.594,32.346
148.68,119.31,38.84,32.771
148.39,119.98,38.612,32.687
147.2,119,38.775,33.056
147.09,119.13,38.489,32.919
147.05,118.67,38.199,33.012
145.16,118.31,39.631,33.614
145.09,119.26,38.92,33.242
143.3,119.16,40.48,33.42
143.1,118.78,40.739,33.401
142.49,117.19,40.04,33.502
142.04,117.21,39.607,33.554
141.35,118.43,39.588,33.973
141.36,118.19,39.657,33.897
140.17,118.12,40.341,34.145
140.12,117.64,40.306,33.351
139.17,117.33,40.575,34.219
139.54,117.27,40.332,34.28
138.36,117.75,40.444,34.194
137.81,116.95,40.395,34.442
137.68,116.66,40.285,34.612
137.67,116.71,40.884,34.66
136.63,115.89,40.802,35.022
136.03,116.03,40.868,35.126
136.27,116.75,41.165,35.139
136.17,117.52,41.03,34.758
135.37,116.63,41.157,34.946
135.36,115.91,41.311,35.212
134.67,115.82,41.887,35.312
134.34,116.13,42.103,34.886
133.26,115.55,42.375,35.219
133.36,116.66,42.553,34.671
133.84,116.47,41.809,34.679
132.27,117.28,42.632,34.811
132.72,116.83,40.721,34.329
131.8,117.41,41.199,34.595
131.43,117.31,41.287,34.396
131.4,117.5,41.238,34.332
131.09,117.15,41.001,34.582
130.78,116.77,41.165,34.704
129.97,117.08,41.362,34.544
130.09,117.1,41.428,34.739
129.97,116.86,40.798,34.72
129.17,116.44,41.926,34.482
128.4,116.28,41.484,35.049
128.31,116.18,41.287,35.614
128.03,116.45,41.23,35.333
127.02,116.28,41.485,35.053
126.9,116.21,41.365,35.508
126.49,116.45,41.365,35.123
125.83,116.7,40.602,35.324
125.75,117.13,40.456,35.245
125.02,116.53,41.083,35.241
124.5,116.17,41.274,35.473
124.06,116.62,40.667,35.294
123.09,116.4,42.079,35.1
123.1,116.61,41.824,35.461
122.19,116.76,41.792,35.501
121.97,117.35,41.158,35.258
121.76,116.84,41.196,35.248
120.93,116.64,41.819,35.432
120.43,116.44,42.892,35.543
120.12,116.34,41.611,35.599
119.65,116.36,41.887,35.268
118.12,116.39,41.798,35.494
117.86,115.99,41.874,35.735
117.66,115.64,41.992,35.914
116.85,116.29,42.065,35.447
116.15,116.11,42.278,35.596
115.78,115.53,43.33,35.741
115.11,115.32,42.938,36.209
114.77,115.28,42.535,36.356
114.64,113.98,41.656,36.34
113.89,114.71,41.636,36.16
113.73,115.76,41.274,36.313
112.55,116.51,41.899,35.864
112.25,116.72,41.593,35.887
111.56,116.54,41.253,35.963
111.25,116.73,41.409,35.809
109.93,116.74,42,36.191
108.98,116.95,41.674,35.82
108.44,116.87,42.325,35.925
108.4,115.86,42.13,36.918
107.73,116.48,42.582,36.194
108.26,115.46,41.969,36.909
107.4,115.42,42.081,36.604
106.91,116.59,42.329,36.372
107.04,116.81,42.05,36.403
106.87,115.92,41.997,36.987
106.21,116.59,42.47,36.55
105.54,115.79,42.343,37.166
105.83,116.4,41.843,36.645
105.48,116.61,41.254,36.774
104.42,115.97,41.371,36.891
104.44,115.9,41.051,37.311
104.67,116.93,41.471,36.495
104.06,116.6,42.009,37.213
104.44,115.88,41.313,37.456
104.5,116.66,41.509,37.183
103.25,116.17,41.76,37.785
104.05,116.55,41.791,37.252
103.58,115.35,41.551,37.888
103.14,114.76,41.638,38.044
103.09,114.51,41.798,37.696
103.09,114.84,42.248,37.661
102.47,115.99,41.901,37.332
102.17,115.26,42.233,37.721
102.08,115.39,41.97,37.68
101.84,116.05,42.413,37.631
101.6,116.13,42.089,37.67
101.2,116.73,42.525,37.296
100.96,115.09,42.341,38.294
99.079,115.45,43.785,37.505
101.11,114.78,42.537,37.774
100.18,115.25,43.975,37.77
98.747,115.1,44.976,37.564
99.426,114.35,43.93,38.126
101.12,114.29,43.122,37.881
98.426,114.54,44.597,37.816
99.994,114.1,43.223,37.904
97.854,114.3,44.914,37.691
98.484,113.85,44.472,38.11
98.545,114.5,44.534,37.917
98.635,113.6,43.779,37.996
99.186,113.11,43.56,38.348
97.828,114.4,44.272,37.697
97.875,114.25,44.448,38.011
97.734,114.84,44.648,37.603
97.501,114.77,44.048,38.189
98.204,114.72,44.128,38.078
97.478,114.68,44.152,38.205
97.882,113.57,44.516,38.346
98.04,114.1,43.877,37.643
97.495,113.88,44.145,38.313
97.713,113.75,44.455,38.303
96.991,114.55,44.031,38.207
97.154,114.23,44.213,38.591
96.798,114.32,44.319,38.36
97.343,113.58,44.567,38.991
96.837,114.49,44.219,38.064
97.006,114.02,44.412,38.662
96.929,113.28,44.005,39.114
96.414,113.24,43.986,38.912
96.365,112.57,44.019,39.311
97.216,113.6,43.965,38.51
96.671,113.97,44.006,38.564
96.782,113.85,44.042,38.598
96.322,113.57,43.932,38.609
96.107,114.71,43.953,38.306
96.168,113.12,43.737,38.76
95.661,112.73,44.021,38.985
96.456,112.3,44.025,38.998
95.429,112.81,44.114,38.372
96.068,113.42,43.807,38.933
96.143,112.89,44.063,39.156
95.912,113.39,44.062,38.725
95.876,112.81,43.901,39.223
95.416,113.46,43.909,38.603
95.976,113.48,43.882,38.68
95.416,113.19,43.998,39.086
95.928,112.78,43.704,39.066
95.591,112.82,44.005,38.606
95.325,112.59,44.47,38.754
95.805,113.21,44.134,38.459
94.969,112.6,44.088,38.855
95.615,112.85,43.902,38.635
94.817,113.34,43.846,38.848
95.296,112.85,43.617,39.008
94.701,113.28,43.545,38.722
95.407,112.6,43.561,38.928
95.134,113.34,43.384,38.772
95.062,112.79,43.599,38.823
94.703,112.87,43.558,38.75
94.904,112.17,43.767,39.027
94.64,113.41,43.861,38.477
94.608,113.33,43.589,38.374
94.346,113.34,43.417,38.631
94.557,112.37,43.628,39.046
93.908,112.6,43.636,38.615
94.015,112.96,43.433,38.545
93.74,112.62,43.771,38.764
94.014,113.08,43.445,38.869
93.283,113.62,43.533,38.648
93.827,114.12,43.258,38.505
93.558,114.01,43.382,38.557
93.708,113.69,43.386,38.607
92.813,114.18,43.18,38.487
93.249,114.2,43.209,38.386
92.832,114.57,43.038,38.923
93.468,115.06,43.291,38.692
92.395,115.09,43.225,38.778
92.121,115.83,43.603,38.631
92.518,115.23,43.533,38.917
92.262,115.46,43.118,38.759
91.805,115.34,43.029,38.812
91.761,115.66,43.139,38.718
91.297,115.31,43.263,38.967
91.561,116.45,43.44,38.74
90.801,114.88,43.263,38.876
90.423,114.11,43.242,38.799
90.787,114.94,43.342,39.068
90.642,115.18,43.303,38.613
90.335,115.36,43.069,38.92
89.803,115.35,43.19,38.546
89.798,115.13,43.099,38.827
89.852,114.65,43.266,38.809
89.071,115.31,43.053,38.636
89.165,115.29,43.102,38.64
89.183,115.56,43.199,39.112
88.537,115.7,43.117,38.773
88.467,115.33,43.067,38.799
88.692,115.19,42.858,38.939
88.194,115.66,43.193,39.149
87.959,115.35,43.166,39.207
88.622,116.94,42.903,38.634
88.091,115.79,43.004,39.272
87.525,116.03,42.997,38.733
87.833,117.08,42.916,38.987
87.513,116.99,43.312,38.72
87.235,116.29,43.163,38.814
87.679,114.99,42.978,39.032
87.006,115.1,43.272,38.799
87.549,115.43,42.948,38.906
87.266,115.6,43.137,38.581
86.91,115.13,43.252,38.76
87.167,115.98,43.196,38.991
87.174,115.84,43.492,38.84
87.066,115.96,43.04,38.499
87.017,115.97,43.208,38.473
87.209,115.75,43.399,38.851
87.328,116.06,43.329,38.575
86.76,114.51,43.371,39.375
87.072,112.83,43.361,39.118
86.858,114.01,43.417,38.86
86.83,114.55,43.767,38.546
87.245,115.17,43.497,38.35
86.97,114.71,43.448,38.287
87.315,114.81,43.59,38.365
86.567,114.69,43.539,38.219
87.099,113.6,43.157,38.732
87.197,113.88,43.421,38.983
87.029,113.71,43.209,38.196
87.082,113.65,43.478,38.589
87.095,113.54,43.492,38.244
86.992,113.56,43.106,38.303
87.097,113.9,43.379,38.523
87.066,113.83,43.775,38.335
87.204,113.55,43.872,38.348
87.083,114.72,43.507,37.892
87.785,113.79,42.934,38.456
87.45,113.51,43.489,38.347
87.62,114.15,43.823,37.913
87.343,114.89,43.461,38.244
87.946,114.16,42.94,38.022
88.322,114.55,42.649,37.664
88.076,113.32,43.001,38.422
88.1,113.48,43.713,37.976
88.606,114.51,43.195,38.229
88.709,113.86,42.852,37.798
88.265,113.96,43.548,37.555
88.71,113.9,43.633,37.787
89.287,113.74,43.438,37.628
89.332,113.88,43.739,37.968
89.833,114.58,43.333,37.769
89.507,115,43.103,37.639
90.556,114.93,43.204,37.732
90.301,114.24,43.037,37.732
90.942,113.53,42.865,38.126
91.032,114.03,43.328,37.301
90.911,114.12,44.042,37.396
90.841,114.26,43.388,37.471
90.854,114.15,43.166,37.411
91.259,114.66,43.967,36.821
91.245,114.62,43.653,37.084
91.918,115.13,43.476,37.854
91.948,115.17,43.669,37.291
92.029,114.88,42.976,37.45
91.559,114.51,43.018,37.425
92.544,114.63,42.626,37.177
92.269,115,43.07,37.215
92.301,115.74,42.787,36.861
93.257,115.05,42.754,37.456
92.454,115.59,42.992,37.418
92.821,115,42.992,36.986
92.669,115.36,43.08,36.972
92.692,115.31,43.195,36.95
93.361,115.9,42.883,36.712
93.188,115.99,42.775,36.842
93.789,115.44,42.636,37.374
93.744,114.94,42.688,37.392
93.95,114.84,42.473,37.146
94.241,115.31,42.508,37.344
94.236,115.34,42.452,37.024
94.624,115.58,42.757,37.077
94.26,114.93,42.095,37.411
94.393,115.37,42.716,37.062
95.004,115.47,41.644,36.839
94.635,115.15,42.536,37.07
94.887,115.21,41.881,36.713
95.095,115.6,42.372,36.867
95.225,115.62,41.834,36.791
95.222,115.07,42.14,37.093
95.14,115.11,42.581,36.866
95.62,115.24,42.56,36.654
95.914,116.02,42.179,37.329
95.392,115.95,42.494,36.769
95.69,115.98,42.046,36.638
95.808,114.44,42.363,37.349
96.278,114.35,42.091,37.002
96.554,115.14,41.955,36.958
96.691,115.4,42.4,36.553
96.631,115.05,42.253,36.881
97.291,115.3,41.951,36.916
97.014,116.33,42.275,36.957
97.801,115.59,42.449,37.11
97.226,115.96,42.155,37.03
97.814,116.22,42.099,36.633
98.592,116.32,42.082,36.732
98.394,116.28,42.236,36.554
98.613,116.2,41.948,36.618
98.34,115.27,42.052,37.615
99.027,117.01,42.237,37.026
99.267,117.23,42.312,36.669
99.218,116.4,42.214,37.043
99.754,115.13,42.001,37.458
99.464,115.21,42.072,37.108
99.973,115.95,42.466,37.309
99.797,115.4,42.629,37.371
99.109,116.05,42.506,37.357
99.76,115.71,42.156,37.258
99.33,115.19,42.246,37.276
99.053,115.6,41.93,37.193
99.416,115.66,41.573,37.265
99.139,115.48,41.664,36.866
99.468,115.72,41.589,37.215
99.15,115.74,41.762,36.916
98.467,114.65,42.004,37.372
98.718,115.31,41.946,37.257
98.982,115.77,41.753,37.253
98.767,116.27,41.706,36.846
98.73,116.02,41.934,36.966
98.1,115.14,41.828,37.246
98.26,115.13,42.911,37.354
98.052,116.23,42.3,37.375
98.1,116.57,41.889,37.094
97.815,116.93,42.294,37.124
98.084,116.32,42.948,37.625
98.121,116.77,42.67,37.362
97.819,116.26,43.395,37.62
97.577,116.48,43.977,37.375
97.8,116.65,43.099,37.263
97.802,116.19,44.209,37.708
97.779,116.54,42.193,37.325
98.081,116.66,41.731,37.464
97.839,116.79,42.02,37.318
98.007,117.36,41.548,37.175
97.83,117.66,41.782,37.327
98.264,117.48,41.362,37.199
97.804,117.45,41.941,37.089
98.195,117.26,41.439,37.537
98.142,117.37,41.741,37.529
97.949,116.99,41.802,37.705
98.399,117.31,42.197,37.915
97.693,116.88,42.112,37.74
97.617,117.01,41.725,37.727
98.216,118.23,42.381,37.546
97.985,117.71,41.944,37.828
97.562,117.96,42.08,37.351
97.956,118.57,41.856,37.547
98.061,118.44,42.217,37.576
97.904,117.83,42.241,37.954
97.851,117.26,42.18,37.763
98.001,117.87,42.355,37.234
98.082,118.69,42.482,37.22
97.789,117.5,42.594,37.67
97.85,118.17,42.171,37.336
97.676,117.98,42.14,37.412
97.473,117.65,42.269,37.602
97.711,117.9,42.277,37.445
97.279,117.18,42.537,37.853
97.624,117.29,42.453,37.878
97.123,117.67,42.427,37.75
97.079,117.63,42.509,37.798
97.084,117.99,42.396,37.602
97.273,117.35,42.576,37.894
97.205,117.84,42.512,37.699
97.05,117.29,42.43,37.802
96.865,117.69,42.502,37.6
96.871,117.06,42.735,37.799
97.318,117.36,41.987,37.688
96.706,118.46,42.421,37.802
97.092,118,41.941,38.079
96.735,117.43,41.93,38.099
96.966,117.13,42.125,37.766
96.553,116.54,42.181,38.044
96.703,116.99,42.022,37.854
97.204,116,42.128,38.14
96.596,116.25,42.175,38.226
96.777,117.14,42.25,38.111
97.109,117.5,42.266,38.097
96.656,117.11,42.344,38.062
97.05,117.34,42.179,37.899
96.795,116.8,42.462,38.159
96.992,117.16,42.084,37.938
96.571,117.38,42.494,37.717
96.902,117.01,42.17,37.824
96.888,117.05,42.364,37.692
97.087,117.87,42.684,37.852
96.791,117.59,42.722,38.072
97.168,116.49,42.724,38.321
97.209,116.67,42.514,37.966
97.235,116.8,42.67,37.853
96.817,117.67,42.981,37.758
97.304,117.77,42.646,38.048
96.647,117.82,43.057,37.857
96.605,117.68,42.925,37.742
97.023,117.74,42.993,38.17
97.182,117.58,43.07,37.937
97.244,118.33,42.965,37.948
96.778,117.69,43.106,38.118
96.577,118.02,42.817,38.123
96.479,118.63,42.875,37.808
96.474,118.04,42.929,38.232
95.664,118.55,43.566,38.043
96.427,119.4,43.106,37.651
96.43,119.63,43.159,38.028
95.859,118.84,43.29,38.37
96.393,117.68,42.792,38.23
95.689,117.64,43.433,37.808
95.629,118.04,43.209,37.691
95.55,117.14,43.375,38.368
95.634,118.32,43.434,37.894
96.142,118.12,43.404,37.992
95.425,118.56,44.023,37.843
95.489,118.42,43.734,38.048
95.291,118.86,43.736,38.293
95.137,118.51,44.013,38.195
94.448,118.78,44.251,38.16
95.367,118.11,43.626,38.338
94.581,117.65,44.347,38.266
94.98,117.47,44.117,38.415
94.669,117.55,44.035,38.247
94.871,117.46,44.323,38.206
94.203,117.72,44.586,38.333
94.336,117.52,44.269,38.235
94.692,116.93,44.685,38.362
94.327,117.21,44.337,38.307
94.48,116.59,44.653,38.403
94.077,116.1,44.493,38.313
94.736,116.04,44.66,38.173
94.74,116.51,45.254,38.171
94.516,116.02,44.112,38.351
94.866,116,44.719,38.282
94.532,115.69,44.411,38.44
94.613,116.25,44.988,38.433
94.206,116.12,44.436,38.495
94.493,116.03,44.422,38.523
94.754,116.04,44.478,38.663
94.93,117.33,44.758,38.682
94.888,116.08,44.293,38.711
95.07,115.48,44.664,39.016
94.833,115.02,44.613,39.08
94.703,115.7,44.826,38.518
95.218,115.46,44.943,38.987
95.138,115.46,44.825,38.691
94.971,114.64,45.243,39.116
94.661,114.95,45.117,39.113
96.079,114.86,44.806,38.897
95.414,115.2,44.805,38.656
95.772,114.88,45.327,38.957
95.519,115.14,44.942,38.968
95.981,115.28,45.245,38.907
96.472,115.18,45.42,39.088
96.467,115.22,44.976,39.012
96.19,114.88,45.237,39.065
96.583,115.62,45.163,38.934
96.986,115.07,44.867,39.225
97.325,115.55,45.35,38.902
97.1,115.92,45.336,39.288
98.247,116.25,44.955,39.155
98.127,116.48,45.428,39.338
99.098,116.03,45.432,39.475
98.228,116.08,45.366,39.44
99.433,116.34,45.177,39.353
98.885,116.18,45.418,39.288
99.337,116.77,45.426,39.134
99.197,117.28,45.558,39.077
98.941,116.65,45.189,39.322
99.883,117.07,45.135,39.295
99.284,116.67,45.491,39.503
99.952,116.8,45.229,39.251
100.62,116.62,45.163,39.405
100.25,116.49,45.638,39.554
100.44,116.88,45.25,39.414
99.6,115.63,45.843,39.645
100.24,115.65,45.263,39.332
99.934,115.25,45.814,39.568
100.84,115.79,45.195,39.304
100.09,114.87,45.9,39.685
99.99,115.15,45.796,39.595
101.06,115.28,45.564,39.603
100.54,114.99,45.672,39.664
100.68,115.21,45.475,39.511
100.65,114.76,45.605,39.796
101.01,114.95,45.911,39.601
100.67,114.78,46.078,39.733
100.9,114.81,45.706,39.61
101.37,114.16,45.827,40.051
100.9,114.38,45.614,39.72
101.39,114.37,45.774,39.981
101.7,114.79,45.74,39.796
101.39,114.19,46.021,39.913
100.83,114.02,45.882,39.995
100.64,115.02,45.821,39.473
101.32,115.39,45.906,40.245
100.82,115.75,45.81,40.124
100.3,116.83,46.234,40.232
101.08,116.72,45.593,40.208
100.5,116.91,45.597,39.868
100.04,117.42,45.863,40.252
100.21,116.91,45.791,40.171
99.878,117.79,45.772,40.486
99.02,117.17,46.22,40.592
99.185,117.16,45.912,40.469
98.484,117.77,46.084,40.105
98.085,117.93,45.873,40.133
97.307,119.15,46.278,40.107
97.735,119.24,45.607,39.841
96.488,118.48,46.034,39.819
96.946,118.09,45.46,39.907
95.183,118.59,46.058,40.121
94.777,118.78,46.365,39.949
93.923,119.17,45.737,40.046
93.823,119.01,45.858,40.327
93.422,118.57,45.891,40.223
92.319,119.11,46.513,40.177
93.11,118.95,46.152,40.51
91.734,118.01,46.904,40.545
91.963,118.1,46.085,40.376
91.385,118.29,46.41,40.531
90.84,118.6,46.166,40.151
90.844,118.19,46.126,40.454
90.034,118.81,46.223,40.55
89.624,118.86,46.747,40.604
90.405,118.77,46.279,40.363
89.779,118.29,46.606,40.652
89.329,117.73,46.548,40.425
89.029,117.43,46.956,40.771
89.043,117.79,46.327,40.522
89.056,117.77,46.715,40.694
88.361,117.86,46.776,40.419
88.14,118.31,47.38,40.566
88.267,117.69,46.748,40.7
87.443,117.48,46.913,40.727
87.476,117.58,46.718,40.517
87.373,117.3,46.701,40.555
87.002,117.59,46.521,40.579
86.728,117.7,46.666,40.568
87.019,116.85,46.456,40.666
86.082,117.15,46.816,40.622
86.606,117.34,46.414,40.104
86.276,116.66,47.459,40.671
86.305,116.63,46.616,40.653
85.523,116.05,46.789,40.789
85.566,116.75,46.551,40.337
85.678,116.61,46.818,40.417
85.018,117.22,46.722,40.61
85.358,117.09,46.737,40.445
85.462,116.49,46.802,40.652
85.053,116.61,47.085,40.763
85.295,116.7,46.666,40.584
85.349,117.03,47.221,40.83
84.992,117.77,46.953,40.523
85.108,117.86,47.464,40.727
84.893,117.81,47.204,40.954
85.182,117.07,46.552,41.221
85.387,116.92,47.044,40.931
85.389,117.09,47.397,40.99
85.095,117.83,47.049,40.931
85.324,118.01,47.042,40.893
85.734,117.58,46.921,41.079
85.021,117.95,47.126,41.284
84.846,119.22,47.21,41.299
85.465,119.32,47.442,41.044
85.662,119.99,47.236,40.982
85.325,120.18,47.276,41.277
85.328,120.16,47.403,41.172
85.372,119.62,47.813,41.254
86.17,119.98,46.84,41.043
85.797,119.67,47.257,41.029
86.283,119.91,47.194,40.835
86.556,120.74,47.949,41.275
86.851,120.45,46.833,41.202
86.019,120.19,47.11,41.161
86.565,120.36,47.132,41.08
87.018,120.49,47.275,41.241
86.168,120.8,47.357,41.273
86.663,120.2,47.068,41.292
86.146,119.27,46.655,41.112
86.288,118.68,47.434,41.307
85.857,118.57,47.057,41.222
86.454,118.22,47.359,41.122
86.25,119.03,47.437,41.21
85.97,118.09,47.131,41.397
86.63,117.83,47.024,41.323
86.412,118.46,47.226,41.02
85.605,118.64,46.792,40.862
85.784,118.43,47.698,41.294
85.651,118.31,47.033,41.368
85.623,118.79,47.563,41.183
85.461,118.51,47.047,41.278
84.86,118.01,47.856,41.604
85.386,117.98,47.467,41.428
84.845,118.53,47.376,41.018
85.084,117.86,47.456,41.396
84.805,117.12,47.386,41.473
84.588,116.82,47.163,41.448
84.81,117.55,47.89,41.452
84.451,117.82,47.572,41.533
84.275,117.9,47.139,41.41
83.621,117.6,47.593,41.569
84.178,117.62,47.32,41.354
84.279,117.9,47.802,41.539
83.668,117.36,47.274,41.688
83.826,117.75,47.585,41.274
83.696,117.4,47.344,41.323
82.91,117.8,48.028,41.601
83.369,117.14,47.861,41.658
82.776,117.07,47.959,42.181
82.478,117.92,47.836,41.655
83.193,117.88,47.443,41.602
82.917,116.95,48.151,42.046
82.698,116.26,47.392,41.879
82.553,116.31,47.948,42.046
81.866,117.1,47.852,41.903
82.482,117.59,47.596,41.538
81.976,117,47.72,41.901
82.24,116.98,48.306,41.713
81.945,116.97,47.872,41.731
82.351,116.5,48.142,42.028
81.867,116.11,48.478,41.867
81.132,116.1,48,41.596
81.352,116.38,47.588,41.743
81.342,116.03,47.995,41.781
81.005,116.1,47.831,41.661
81.382,116.44,48.296,41.855
81.325,116.03,47.405,41.728
81.088,116.73,47.859,42.026
81.056,116.38,47.762,41.798
80.302,116.88,47.942,41.855
80.563,117.02,48.584,41.798
80.472,117.16,47.548,42.051
80.439,117.8,47.67,41.674
80.507,117.43,47.663,41.902
80.012,117.42,48.589,41.99
80.411,116.99,47.842,41.899
80.05,116.52,47.912,42.105
80.035,116.61,47.971,41.778
80.485,117.1,47.618,41.544
79.814,116.76,48.015,41.797
80.164,117.52,48.027,41.576
80.754,117.27,48.128,41.929
80.52,117.29,47.821,41.734
80.099,116.59,48.183,41.972
80.955,117.53,48.02,41.61
79.983,117.16,47.809,42.009
80.106,117.17,47.817,41.839
80.477,116.72,47.362,41.634
80.181,116.76,48.069,41.959
80.505,117.08,47.773,42.039
80.032,117.82,48.665,42.111
80.032,117.58,47.749,42.113
80.85,117.52,47.782,42.33
80.489,117.82,47.814,41.863
80.511,118.17,48.497,42.13
80.54,117.67,47.875,42.164
81.136,118.1,48.388,42.133
81.033,118.57,47.79,42.033
81.247,118.49,48.12,42.17
80.798,118.07,47.296,42.086
81.431,117.29,47.626,42.353
81.65,116.94,47.467,42.368
81.46,116.97,48.079,42.237
81.376,116.69,47.758,42.237
81.349,116.91,48.095,42.038
81.847,116.45,47.895,42.384
81.46,116.75,47.765,42.375
81.604,117.02,48.172,41.828
81.434,117.29,47.843,41.873
81.36,117.63,48.169,42.144
81.77,117.34,47.989,42.441
82.333,116.82,47.6,42.461
82.222,116.75,47.973,42.245
82.42,117.24,47.483,42.081
82.137,117.41,47.9,42.158
82.25,118.18,47.849,42.361
82.22,118.79,48.145,41.84
81.567,118.14,47.88,42.043
82.396,118.67,48.083,42.281
81.885,119.3,47.937,42.307
81.969,118.34,47.919,42.546
82.288,118.27,48.014,42.238
81.5,117.73,48.093,42.2
82.155,117.89,48.071,42.236
81.4,118.27,48.178,42.091
82.384,118.05,47.427,42.335
81.435,118.13,47.725,42.202
81.608,117.74,47.531,41.91
81.524,117.81,47.744,42.07
81.25,118.62,48.471,42.19
81.959,118.17,47.816,42.126
81.712,118.71,48.002,41.978
81.059,117.98,47.973,42.156
81.218,118.83,47.876,42.254
81.518,118.77,47.685,42.19
81.264,118.39,47.705,42.109
81.553,119.37,48.185,42.088
80.955,119.12,47.561,42.1
81.252,118.45,47.797,42.327
81.203,117.86,47.821,42.588
81.042,117.78,48.048,42.664
81.377,117.41,47.856,42.467
81.226,118.25,47.912,42.046
81.414,118.35,48.162,41.935
81.531,118.25,47.754,42.06
80.84,117.62,47.617,42.398
81.297,118.46,47.952,42.203
80.905,118.11,48.092,41.901
80.736,118.4,48.12,41.898
81.291,118.85,47.861,41.753
81.532,118.64,48.029,41.915
80.95,117.98,47.89,42.584
80.679,117.66,48.146,42.47
81.021,119.07,48.41,42.062
81.246,119.54,47.855,41.821
81.592,119.3,47.737,42.101
81.077,119.2,47.793,42.154
81.507,119.18,47.885,42.274
81.77,119.02,47.89,42.405
81.07,119.62,47.854,42.159
81.042,119.81,48.062,42.288
81.642,120.39,47.726,42.024
81.394,119.93,47.954,42.337
81.952,120.13,47.38,41.994
81.13,119.8,47.85,42.224
81.511,119.34,47.491,42.238
81.259,119.73,47.957,41.915
81.569,119.52,47.824,41.771
82.072,119.46,48.212,42.041
81.924,119.36,47.787,42.174
82.03,119.59,47.955,42.019
82.949,119.72,47.672,42.188
83.141,119.66,47.756,42.298
82.821,119.81,47.761,42.001
83.175,118.45,47.562,42.109
82.662,118.16,47.851,42.322
82.945,117.56,47.542,42.231
83.43,117.72,47.745,42.044
83.219,118.28,47.845,41.903
83.218,118,47.998,41.974
84.115,118.77,48.328,42.422
84.282,119.37,47.811,42.045
83.84,118.9,48.001,42.323
84.909,118.9,47.234,42.002
84.743,118.68,47.683,42.452
84.459,118.13,47.509,42.246
84.316,117.07,47.898,42.152
84.57,116.53,48.143,42.453
83.905,117.12,48.3,42.215
84.241,118.68,47.904,42.211
85.209,118.31,47.461,42.113
84.629,118.76,47.985,41.973
84.216,118.4,48.105,42.124
85.058,118.66,47.699,41.975
85.326,119.35,47.701,42.179
85.019,119.49,48.241,42.288
85.379,119.66,47.611,41.99
85.798,119.85,48,42.27
85.792,119.79,47.433,42.055
86.176,120.65,48.492,42.246
85.694,120.04,47.512,42.014
86.473,119.93,47.472,41.692
86.378,120,47.733,41.93
86.192,120.14,47.877,41.592
86.96,119.97,48.103,41.694
86.606,120.96,48.712,42.253
87.028,120.62,48.012,42.028
87.123,121.1,47.731,42.082
86.672,121.02,47.798,41.815
87.101,120.89,47.714,41.243
87.008,120.4,47.684,41.364
87.373,120.44,47.963,41.307
87.457,120.03,47.628,41.371
87.264,119.84,47.643,41.219
87.253,119.46,47.743,41.286
87.787,119.89,47.834,41.026
87.029,119.36,48.175,41.694
87.087,118.88,47.929,41.42
87.566,118.71,47.963,41.516
87.591,119.28,48.22,42.047
87.789,119.27,48.002,41.311
87.588,119.47,48.023,41.217
87.958,119.05,47.621,41.199
87.836,118.41,47.455,41.251
88.493,118.89,47.394,41.011
87.752,118.65,47.729,40.846
87.392,118.36,48.139,41.614
87.698,118.98,47.898,41.479
87.606,119.47,47.721,41.672
87.996,119.99,47.903,41.206
87.39,120.14,47.714,41.3
87.327,120.13,47.785,41.265
88.151,120.05,47.623,41.307
87.21,120.09,47.504,41.069
87.028,119.13,47.779,41.378
87.626,119.15,47.672,41.251
86.935,119.24,48.05,41.209
87.06,119.37,47.687,40.965
86.898,119.48,47.809,41.403
87.274,119.59,47.826,41.358
86.703,118.77,48.059,41.323
86.699,119.36,48.178,41.322
86.732,119.51,47.376,41.273
87.069,119.66,47.759,41.025
86.826,119.48,47.416,41.249
87.179,119.51,47.903,41.369
86.754,119.47,47.427,41.552
86.499,119.2,47.254,41.409
86.369,119.42,47.434,41.076
86.378,119.79,47.949,40.999
86.154,119.33,47.588,41.283
85.377,119.31,47.577,41.465
86.785,119.78,46.979,41.42
85.815,120.15,47.232,41.418
86.193,119.89,47.604,41.325
85.567,119.4,47.128,41.591
85.869,119.58,47.525,41.196
85.294,118.85,47.229,41.521
85.506,119.05,47.285,41.241
86.12,119.77,47.488,41.142
85.834,119.98,47.06,41.336
85.686,119.84,47.711,41.294
85.794,119.7,47.593,41.546
85.489,119.94,47.313,41.271
85.847,120.49,47.807,41.865
85.079,120.65,47.146,41.397
85.09,120.13,47.151,41.654
84.931,120.07,47.127,41.408
85.256,120,47.421,41.498
85.131,120.05,47.069,41.229
85.2,119.51,47.337,41.492
85.048,119.86,47.214,41.161
85.314,120.28,47.632,41.5
85.162,120.42,47.128,41.348
85.397,119.97,47.18,41.572
85.308,120.25,47.378,41.274
85.271,120.39,47.714,41.74
85.684,121.34,47.497,41.273
84.974,120.85,47.359,41.576
85.333,120.32,47.441,41.761
85.188,119.71,47.273,41.75
85.707,119.54,47.347,41.807
85.653,119.25,47.131,41.524
85.71,119.11,46.946,41.609
85.549,119.03,47.676,41.738
84.943,118.96,46.918,41.6
85.347,119.26,46.907,41.275
84.964,118.91,47.443,41.554
85.418,119.47,47.086,41.521
85.049,119.44,47.401,41.288
85.136,119.68,47.097,41.397
85.383,119.29,46.963,41.378
85.421,117.91,47.793,42.027
85.088,118.77,47.054,41.469
85.349,118.77,47.106,41.147
85.662,118.02,46.946,41.63
85.35,117.35,47.015,41.775
84.906,118.08,47.291,41.024
85.398,117.77,46.932,41.553
85.583,118.99,47.121,41.01
85.559,118.75,47.288,41.428
85.697,117.67,46.922,41.901
85.72,117.25,46.734,41.859
85.468,118.09,47.252,41.053
85.153,118.15,46.916,41.406
85.225,118.54,47.335,41.632
85.544,118.24,47.447,41.762
85.152,117.67,47.243,41.621
85.036,117.65,47.776,41.444
85.338,116.59,47.75,41.628
85.368,116.32,47.143,41.332
84.626,116.72,47.141,41.228
85.536,116.95,47.058,40.92
84.879,117.35,47.177,41.278
84.479,117.27,46.921,41.485
84.717,117.54,47.647,41.602
84.391,118.08,46.825,41.427
84.405,118.92,47.533,41.464
83.887,118.24,47.451,41.664
84.133,118.14,47.497,41.64
84.468,117.7,47.124,41.654
84.237,118.7,46.743,40.986
83.61,117.48,47.557,41.721
83.961,117.85,47.357,41.274
83.107,118.27,47.283,41.28
83.367,118.69,47.287,41.464
82.854,118.78,46.977,41.393
82.372,118.4,46.739,41.659
82.714,119.31,46.831,41.257
82.062,118.9,46.602,41.379
82.027,118.44,46.886,41.529
81.746,118.65,46.799,41.565
82.164,118.41,47.548,41.327
80.978,117.94,47.125,41.278
80.994,117.97,48.049,41.432
80.965,117.3,47.771,41.354
81.085,116.77,47.513,41.595
80.585,116.78,46.672,41.543
80.313,117.4,47.736,41.324
80.005,117.28,46.542,41.285
79.366,118.14,47.406,41.251
79.321,117.63,47.98,41.341
78.796,116.97,46.923,41.739
79.095,117.07,46.674,41.727
78.189,117.25,46.941,41.007
77.695,118.2,46.758,41.401
77.669,119.26,47.264,41.5
77.345,119.88,47.136,40.977
77.079,120.32,47.678,40.874
77.323,119.38,46.684,41.14
76.336,118.54,46.955,41.068
76.013,118.68,46.965,40.795
75.242,117.99,47.32,40.951
75.335,117.75,45.89,41.123
74.514,118.47,46.281,40.696
74.334,118.67,46.217,40.801
74.631,119.14,46.064,40.872
74.199,118.69,45.943,41.244
73.437,119.42,46.62,40.998
72.961,119.34,46.39,40.754
73.246,119.45,46.375,40.982
72.622,119.4,46.452,41.081
72.395,118.64,46.052,41.312
71.958,119.86,46.429,41.066
71.387,119.45,46.237,41.014
71.387,118.94,45.966,40.895
70.19,117.63,46.203,40.959
70.325,117.53,46.225,41.022
70.329,117.43,46.295,41.167
69.743,117.48,46.204,41.052
68.868,117.17,46.419,41.268
68.72,116.48,46.053,40.89
68.182,116.07,46.11,41.022
68.123,116.33,46.145,40.907
67.011,115.16,46.552,41.456
66.972,116.14,46.396,41.218
66.5,115.99,46.662,41.068
65.906,116.49,46.247,40.828
65.785,116.24,46.408,41.173
64.639,115.21,46.875,41.361
65.228,115.69,46.356,41.468
64.334,115.16,46.751,41.567
64.912,115.63,46.305,41.394
63.812,114.83,46.268,41.505
63.811,114.3,46.414,41.31
63.441,114.19,46.446,41.237
63.456,114.22,46.682,41.188
63.573,114.31,46.305,40.979
62.23,115.12,47.021,40.909
63.025,115.58,46.421,40.544
61.082,115.36,47.364,40.928
61.978,114.58,46.925,41.058
62.366,113.53,46.282,40.832
61.844,113.9,46.595,40.695
61.521,114.04,46.753,40.884
61.63,113.19,46.739,41.08
61.267,113.2,46.568,40.865
61.586,114.14,46.284,40.888
60.135,113.72,47.089,41.15
60.336,114.13,46.697,41.062
60.27,113.94,46.454,40.847
60.841,113.3,46.032,40.95
60.353,113.12,45.997,41.107
60.508,113.59,45.539,40.506
60.625,114.1,45.456,40.579
59.647,113.63,46.714,40.942
60.125,113.66,46.127,40.9
60.185,113.48,46.24,41.061
59.373,113.35,46.009,40.607
59.309,113.03,45.885,40.576
59.216,113.3,45.858,40.396
59.393,113.52,45.367,40.604
59.166,112.78,45.872,40.525
58.726,112.73,45.431,40.502
59.303,113.67,45.047,40.383
58.198,113.75,45.497,40.592
58.435,113.78,45.82,40.495
58.369,113.34,45.633,40.562
58.44,113.79,45.176,40.611
58.43,113.45,45.153,40.15
58.231,113.84,44.777,40.287
57.809,113.89,45.336,40.534
57.505,113.57,45.008,40.386
57.326,113.71,45.314,40.143
57.062,113.29,45.634,40.504
57.142,113.8,45.137,40.324
56.149,113.91,45.895,40.219
56.928,114.16,44.944,40.482
56.598,113.85,44.945,40.193
56.223,113.97,45.836,40.408
56.252,113.05,45.253,40.114
56.743,112.83,44.662,40.029
56.214,113.67,44.813,40.175
55.707,113.56,44.806,40.077
55.522,114.16,44.215,39.875
55.573,113.89,44.06,39.567
54.343,113.8,44.71,40.122
54.815,113.78,44.477,39.968
54.733,113.49,44.564,40.095
54.732,113.95,44.37,39.996
54.045,113.87,44.737,40.009
54.267,114.02,44.161,40.251
53.957,114.25,44.469,40.09
54.128,113.5,44.657,39.893
53.419,114.02,44.212,39.9
53.916,113.23,44.456,39.884
53.298,113.43,44.838,40.191
53.935,113.99,44.819,39.997
53.421,114,44.256,39.953
53.72,114.38,43.989,40.067
53.802,115.62,44.325,39.574
53.281,115.87,44.15,39.425
52.902,115.02,44.618,39.266
52.502,115.31,44.352,39.191
53.338,115.32,44.43,39.369
52.736,115.35,44.148,39.329
52.682,115.09,43.931,39.243
52.562,114.83,43.703,39.305
52.421,115.2,43.973,39.436
52.405,114.85,44.192,39.173
52.841,115.09,43.853,39.286
52.579,115.18,43.871,38.916
52.736,114.63,43.498,39.215
52.506,114.49,43.278,39.112
52.262,115.27,43.668,38.964
52.369,114.85,42.913,38.892
51.957,113.81,43.972,39.188
51.941,114.66,43.351,39.045
52.186,114.78,43.615,38.635
52.162,114.7,43.148,39.023
50.903,115.06,44.131,38.731
52.224,114.78,43.195,38.779
52.142,115.3,43.108,38.378
51.886,114.46,43.249,38.684
51.987,113.94,43.545,38.557
52.485,113.74,43.053,38.616
51.92,113.74,43.643,38.832
51.812,114.15,43.322,38.653
52.51,114.09,42.821,38.209
52.858,113.98,43.216,38.245
52.111,113.31,43.319,38.278
52.963,112.88,42.899,38.214
52.918,112.96,42.92,38.26
53.61,112.64,42.873,38.265
53.512,113.06,42.935,38.032
53.212,114.1,43.402,38.31
53.665,113.78,43.013,38.221
53.743,113.46,42.808,38.002
53.68,113.09,42.586,38.038
53.646,113.11,42.842,37.861
53.96,113.25,43.031,38.008
53.965,113.74,42.926,38.275
54.114,114.44,43.025,38.068
53.802,114.56,43.174,38.114
54.574,114.81,42.393,38.16
54.334,114.57,42.486,38.164
54.177,114.93,42.207,37.928
53.973,114.97,42.568,38.18
55.016,115.18,42.204,37.74
54.53,114.65,42.318,37.96
55.124,115.23,42.038,37.278
54.649,115.41,42.565,37.48
54.363,115.81,42.656,37.564
54.872,116.17,42.149,37.168
55.014,115.7,41.951,36.987
54.96,115.38,42.396,37.573
54.749,116.07,42.269,37.327
55.541,115.52,42.167,37.672
55.221,115.66,42.026,37.621
55.347,116.17,41.815,37.378
55.479,116.52,41.949,37.594
54.278,115.18,42.688,37.538
55.253,116.3,41.778,37.232
55.538,115.59,41.953,37.787
55.225,115.53,41.816,37.521
55.092,115.5,41.887,37.536
55.322,115.72,41.77,37.48
55.564,114.96,41.639,37.607
55.665,114.84,41.81,37.471
56.074,114.62,41.32,37.373
54.953,114.46,42.298,37.705
55.585,114.69,41.972,37.564
55.715,115.59,41.87,37.367
55.363,115.47,41.955,37.422
56.524,115.36,41.51,37.492
56.314,116.07,41.941,37.293
56.987,115.53,41.279,37.129
56.703,115.54,41.322,37.45
56.698,115.29,41.757,37.349
56.918,115.2,41.312,37.399
57.326,114.78,41.51,37.279
56.641,114.99,42.186,37.397
57.314,115.06,41.576,37.121
57.337,115.33,41.394,37.471
57.783,115.7,41.36,37.122
58.054,115.71,41.46,37.115
57.65,115.7,41.262,37.051
57.372,116.15,41.669,37.04
57.967,115.18,41.246,37.301
58.532,115.97,40.956,37.126
58.271,115.55,40.933,36.874
58.474,114.7,41.146,37.063
58.592,114.44,40.882,37.044
58.355,114.17,40.844,37.033
58.756,113.99,41.134,37.108
58.289,114.75,40.729,36.734
58.627,114.89,40.839,37.002
58.371,113.75,40.958,37.391
58.618,114.32,40.869,37.183
59.17,114.73,41.065,36.816
59.281,114.68,41.083,37.04
59.715,115.37,40.735,36.64
59.894,115.41,40.913,36.86
60.303,115.33,40.362,36.5
60.345,113.91,40.321,37.026
60.204,114.55,41.088,37.084
60.037,114.7,41.078,36.879
60.265,114.88,41.078,36.701
60.423,115,41.292,36.77
60.973,115.49,41.019,36.657
60.373,115.33,41.202,37.026
61.085,115.55,41.081,36.671
61.827,115.05,40.988,36.624
61.805,115.49,41.299,36.689
62.379,115.21,40.84,36.883
61.851,115.6,41.094,36.951
62.393,115.79,41.076,36.907
62.722,115.53,40.891,37.122
62.403,115.9,40.731,36.983
62.33,116.41,40.759,36.711
62.84,115.37,41.111,37.091
62.55,115.31,41.302,36.977
62.144,115.97,41.587,36.734
62.388,115.93,41.092,36.861
62.635,115.93,40.54,36.7
61.756,115.89,41.141,36.744
62.303,115.36,41.076,36.762
61.718,115.32,40.938,36.508
62.016,114.93,40.945,36.628
61.437,114.91,41.461,36.503
61.409,114.68,41.379,36.781
61.774,113.57,41.561,37.18
61.736,113.92,41.068,36.645
61.937,113.32,40.772,36.937
62.006,113.98,40.691,36.77
61.608,113.93,41.097,36.685
61.195,113.93,41.131,36.886
61.35,114.27,41.09,36.769
61.431,113.78,40.893,36.783
61.312,114.5,40.91,36.669
61.134,114.23,40.647,36.835
61.223,114.63,41.357,37.028
61.19,115.56,40.66,37.185
61.16,116.02,40.571,36.701
61.108,115.81,40.581,36.877
61.037,114.71,40.594,37.29
60.844,115.33,40.666,36.928
61.002,114.39,40.796,37.075
60.968,114.79,40.492,36.955
60.411,113.69,40.751,37.3
60.632,113.39,40.977,37.122
60.08,113.8,41.195,37.227
60.766,113.93,40.81,37.082
60.31,113.16,40.798,37.298
60.442,112.69,41.225,37.244
60.624,111.93,40.88,37.433
60.75,112.09,40.85,37.194
60.391,111.76,40.703,37.428
60.986,112.56,41.226,37.437
60.669,112.59,40.964,37.434
60.376,113.6,41.249,37.332
60.823,113.45,41.039,37.141
61.091,113.64,40.443,36.983
60.932,114.99,40.777,36.99
60.729,114.58,41.101,37.494
60.701,115.87,41.185,36.815
60.9,115.32,40.803,37.234
60.764,115.71,41.001,36.82
60.343,115.84,41.014,36.652
60.078,116.63,41.29,36.311
61.373,116.53,40.508,36.331
61.173,116.64,40.126,35.894
61.48,117.13,40.647,35.728
61.051,116.91,40.416,36.083
60.786,115.71,41.143,36.91
60.825,116.31,41.32,36.438
60.852,116.12,40.76,36.91
60.923,116.25,40.867,36.714
61.19,116.74,40.852,36.431
60.469,115.92,41.256,36.76
60.194,116.36,41.018,36.325
60.739,116.48,41.382,36.219
60.767,116.75,40.752,36.107
60.058,116.06,41.113,36.553
60.505,116.76,41.139,36.904
61.127,116.47,40.818,37.318
60.937,116.8,40.696,36.693
60.312,116.91,41.106,36.645
60.76,116.79,40.824,36.707
60.827,116.54,41.062,37.089
61.591,116.5,41.461,36.725
61.475,117.01,41.477,36.927
61.769,117.05,41.265,36.73
61.656,117.08,41.139,36.643
61.817,117.35,41.374,36.35
61.29,117.04,41.62,36.969
61.573,116.59,41.288,36.782
61.883,116.63,41.716,36.783
61.874,115.47,41.567,37.286
62.375,116.49,41.758,37.183
62.387,115.6,41.508,37.25
61.937,115.69,41.485,37.101
62.398,115.5,41.37,36.975
62.562,116.15,41.538,36.713
62.876,115.95,41.378,37.02
62.202,115.69,41.685,37.121
62.853,115.56,41.671,36.993
63.065,116.19,41.409,36.904
62.955,115.64,41.44,37.292
63.237,115.54,41.415,36.993
62.972,115.85,41.545,37.241
63.312,115.62,41.395,37.098
63.186,115.21,41.532,37.861
62.519,115.54,41.655,37.697
63.256,115.04,41.597,38.03
63.458,115.33,41.515,37.53
63.479,115.36,41.761,37.776
63.504,114.44,41.358,38.086
63.144,115.43,41.594,38.052
63.198,114.87,41.518,38.196
63.556,114.42,41.323,37.843
63.488,114.66,41.232,37.615
63.093,115.1,41.2,37.907
63.286,114.92,41.776,37.615
63.032,114.93,41.294,37.647
63.362,115.6,41.36,37.518
63.547,115.91,41.028,37.504
63.454,115.91,41.571,37.896
63.302,115.63,41.284,37.892
63.069,115.83,41.54,37.511
63.171,114.69,41.272,38.056
63.332,115.46,41.302,37.537
63.076,115.67,41.784,37.698
63.344,116.7,41.798,37.459
62.434,115.63,41.846,37.991
62.466,116.96,41.957,37.452
62.797,116.64,41.51,37.739
62.94,116.47,41.619,37.636
62.431,116.46,42.033,37.625
61.983,116.8,41.786,37.696
62.434,116.77,41.814,37.986
62.579,116.69,41.739,37.83
62.188,116.37,41.298,37.901
61.853,116.48,41.602,37.796
62.145,116.87,41.682,37.745
62.081,116.55,42.247,37.935
61.462,116.03,42.344,37.911
61.929,114.82,42.1,37.95
61.904,115.24,41.986,37.976
62.063,114.94,41.615,38.246
62.188,114.64,41.517,38.029
62.136,113.23,41.603,38.276
61.787,113.33,41.851,38.077
62.119,112.54,41.512,38.263
61.063,112.99,41.947,37.9
61.055,113.99,41.904,38.099
61.549,113.53,41.806,38.242
60.892,114.76,42.186,37.98
61.478,114.29,41.923,38.097
61.237,114.78,41.995,37.98
60.797,114.48,42.318,38.072
60.803,114.83,42.11,38.043
61.188,114.31,42.639,38.37
60.513,114.37,42.486,38.248
61.141,114.33,42.072,38.286
60.57,113.79,42.289,38.621
60.445,114.38,42.479,38.315
60.506,114.17,42.217,38.562
60.137,113.53,42.406,38.763
59.721,113.48,42.879,38.574
60.053,113.31,42.675,38.84
60.23,113.02,42.766,39.276
59.839,113.13,42.943,39.404
59.91,113.23,42.908,39.262
59.655,112.9,43.083,39.204
59.67,113.39,43.136,39.059
59.269,113.43,43.124,39.382
59.468,113.16,42.913,39.152
60.232,114.95,42.625,38.925
60.156,114.5,42.662,39
60.018,114.99,42.525,38.857
60.061,115.41,42.523,38.994
60.073,115.11,43.163,39.315
60.279,115.19,43.069,38.695
60.583,115.5,42.959,38.622
60.09,115.2,43.2,39.189
60.084,116.25,43.21,38.76
59.71,115.55,43.531,39.248
60.326,114.86,43.365,39.541
60.203,114.03,43.149,39.479
60.34,113.35,42.94,39.454
60.042,113.64,43.208,39.216
59.57,113.19,43.517,39.351
60.028,114.69,43.637,38.97
59.435,114.86,43.744,39.357
60.564,115.61,43.537,39.42
61.057,115.23,43.158,39.789
60.789,115.9,43.651,39.325
60.966,116.54,43.901,39.202
61.859,115.54,43.628,39.899
61.528,115.91,43.627,39.075
62.28,114.78,43.509,39.511
61.259,113.28,44.4,39.735
62.487,112.85,43.938,39.507
62.845,111.28,43.854,39.994
63.243,111.59,43.98,39.289
63.439,111.89,43.841,39.404
63.085,111.23,43.66,39.635
63.806,112.48,43.735,39.572
64.016,112.22,43.577,39.666
64.368,111.67,43.594,39.48
64.468,111.31,44.067,39.658
64.714,112.35,43.936,39.222
64.325,111.64,44.455,39.803
65.26,111.26,44.342,40.329
65.858,111.72,43.896,39.685
66.019,111.73,44.09,39.693
65.3,111.56,44.162,39.858
65.698,112.03,44.473,39.879
65.343,111.35,44.211,40.129
65.486,112.56,44.233,39.735
65.601,112.38,44.296,39.857
65.866,112.48,44.528,39.945
66.09,112.2,44.453,39.848
65.755,111.82,44.013,40.152
66.454,112.04,44.013,39.753
66.279,111.94,43.847,39.758
66.7,112.4,44.135,39.553
66.522,112.2,44.228,39.77
65.822,112.28,44.225,39.564
66.253,112.07,44.242,39.575
65.936,112.19,44.344,39.74
66.193,111.45,44.103,39.85
66.512,112.37,44.034,39.276
66.827,112.68,43.944,39.528
66.837,112.52,44.197,39.705
66.522,113.29,44.482,39.74
67.06,114.19,44.273,39.272
67.573,113.83,44.361,39.752
67.321,114.1,44.151,39.595
68.039,112.93,44.046,40.231
68.27,112.81,44.316,39.836
68.643,113.27,44.155,39.672
68.589,113.89,44.112,39.824
68.594,114.09,44.019,39.759
68.862,113.6,44.168,39.873
69.428,114.72,44.12,39.752
69.753,113.89,44.162,39.845
69.543,114.38,43.871,39.783
69.278,114.95,43.868,39.511
69.408,114.18,43.965,39.962
69.855,114.26,43.272,39.717
69.784,114.6,43.642,40.038
69.732,114.34,43.598,39.78
68.726,114.69,44.051,39.519
68.801,114.69,43.796,40.059
69.124,114.3,43.725,39.948
68.767,114.72,44.256,40.197
68.45,114.54,44.514,40.3
67.364,114.3,45.009,40.028
67.572,115.01,44.832,39.68
67.571,115.35,44.986,40.078
67.665,115.46,44.93,39.786
67.239,114.44,45.096,39.939
67.052,115.01,44.899,39.812
67.357,114.92,44.972,40.013
67.273,115.32,44.818,40.018
67.434,114.68,44.844,40.067
67.06,115.38,44.876,40.053
67.594,115.42,44.971,39.691
67.069,115.64,44.945,40.368
67.088,115.48,45.02,40.085
67.012,115.35,44.666,40.103
67.352,116.3,44.505,39.901
67.612,115.47,44.242,39.787
68.312,114.85,44.359,39.776
68.349,114.37,44.134,39.738
68.221,114.37,44.503,39.89
68.041,114.13,44.494,40.246
68.533,114.81,44.284,39.971
68.411,115.19,44.751,40.435
68.628,115.81,44.255,40.057
68.581,115.88,44.523,40.183
69.405,115.58,44.377,40.048
68.892,115.69,44.604,40.548
69.585,115.09,44.195,40.264
69.17,114.9,44.321,40.169
68.5,114.67,44.736,40.246
69.132,114.19,44.313,40.489
68.771,113.24,44.35,40.228
69.32,113.45,44.296,40.233
69.208,114.28,44.692,40.026
69.551,114.02,43.874,40.348
70.114,113.8,43.965,40.165
69.003,114.3,44.236,39.966
69.538,114.25,44.231,39.818
69.252,114.62,44.511,40.277
69.029,115.04,44.677,39.914
69.568,114.65,44.476,39.914
69.537,114.01,44.331,40.134
69.225,113.64,44.467,40.135
69.408,113.64,44.462,40.004
69.24,113.6,44.603,40.056
69.22,114.12,44.644,40.446
69.306,114.15,44.237,40.066
68.86,114.53,44.505,40.097
68.903,114.57,44.543,40.013
69.01,114.81,44.386,39.846
68.412,115.02,44.933,40.495
68.482,115.3,44.45,40.412
68.152,114.95,44.438,40.298
68.501,114.7,44.349,40.118
68.117,114.34,44.55,40.237
68.124,114.87,44.761,40.025
68.319,114.03,44.496,40.349
68.494,114.5,44.294,39.767
66.916,114.39,44.774,40.312
67.348,114.46,44.579,40.123
67.073,114.42,44.477,40.111
66.873,114.23,44.103,39.915
67.106,114.47,43.951,40.23
66.85,114.2,44.135,40.218
66.329,114.13,44.212,40.501
66.384,113.95,43.95,40.291
66.859,113.83,44.201,40.445
66.804,114.02,44.068,40.285
66.762,114.03,44.214,40.41
66.363,114.4,44.714,40.804
66.711,114.54,44.369,40.373
66.793,114.76,44.38,40.696
67.928,114.74,44.224,40.636
67.909,115.91,44.336,40.547
68.614,114.9,43.925,40.87
68.544,114.41,44.017,40.839
68.816,113.87,44.01,40.529
68.799,113.14,44.192,41.026
68.815,114.16,44.734,40.466
69.699,113.44,44.735,40.611
69.932,114.57,44.729,40.664
69.657,113.95,45.213,40.712
69.621,114.11,45.022,40.755
70.741,114.05,44.921,40.312
70.868,114.19,44.856,40.549
71.066,115.08,45.091,40.491
71.141,114.23,44.93,40.554
71.532,115.13,45.147,40.314
72.058,114.46,44.611,40.484
71.992,113.76,44.881,40.554
72.459,114.38,45.102,40.088
72.289,114.3,45.224,40.624
72.917,115,45.044,40.215
73.32,114.59,44.872,40.414
72.685,113.65,45.033,40.986
73.105,113.99,45.132,40.524
73.642,113.95,45.126,40.761
73.043,114.24,45.819,40.81
72.884,114.81,45.695,40.841
73.1,115.5,45.516,40.44
74.235,114.57,45.081,40.827
74.225,114.5,44.799,40.511
73.346,114.92,45.172,40.835
73.53,116.41,45.378,40.798
73.841,117.56,45.191,40.673
74.212,117.47,45.49,40.796
73.843,116.44,45.149,40.837
73.722,115.8,45.13,40.872
73.816,115.52,45.144,40.715
73.369,114.16,45.287,41.047
73.798,112.92,44.693,41.345
73.391,111.72,45.295,41.19
73.072,110.42,45.139,41.21
72.822,110.84,45.237,41.232
72.313,109.65,45.436,41.535
71.928,109.73,45.777,41.406
71.993,109.17,45.383,41.311
72.143,109.37,45.16,41.443
72.581,109.32,44.721,41.292
71.333,108.38,45.225,41.454
70.816,109.86,45.57,41.369
71.264,109.52,45.136,41.35
71.166,109.94,45.356,41.248
71.087,109.6,45.258,41.534
70.158,110.27,45.396,41.277
70.99,110.8,45.3,40.977
70.536,110.32,45.521,41.181
70.714,110.04,45.238,41.413
70.567,109.57,45.45,41.58
70.828,109.76,45.186,41.567
70.515,109.74,44.772,41.968
70.476,109.52,44.913,41.619
70.824,109.89,44.891,41.553
70.461,108.8,44.733,41.536
70.487,109.71,45.166,41.582
70.62,109.28,44.742,41.565
71.065,109.59,44.779,41.378
69.655,109.69,45.084,41.418
69.845,110.45,44.905,41.707
70.672,110.23,44.963,41.477
70.258,109.75,45.461,41.704
70.066,109.35,45.226,41.882
69.726,110.44,45.44,41.687
70.258,110.54,45.345,41.226
69.002,111.16,45.567,41.597
68.765,110.7,45.731,41.693
69.314,110.02,45.394,41.453
68.644,110.25,45.809,41.411
68.592,109.9,45.52,41.485
69.674,109.64,45.096,41.446
69.594,109.53,44.93,41.381
68.844,109.93,45.341,41.56
68.719,109.88,45.115,41.777
68.336,109.42,45.028,41.609
68.432,108.64,45.016,41.636
67.475,108.64,44.906,41.583
67.524,108.74,44.865,41.199
66.968,109.14,45.198,41.584
67.324,108.76,45.047,41.318
66.993,108.51,44.893,41.396
67.069,109.36,44.733,41.192
66.822,109.43,44.634,41.206
66.887,109.6,44.828,41.474
65.606,109.64,44.811,41.152
65.717,110.14,44.501,41.114
65.884,109.87,44.688,41.22
65.795,109.97,44.328,41.295
65.162,109.69,44.68,41.11
64.662,110.05,44.629,40.988
64.62,110.13,44.549,41.178
64.481,110.82,44.657,40.982
64.069,110.17,44.428,40.954
64.167,110.48,44.454,40.992
63.903,110.7,44.593,40.49
63.381,111.54,44.932,40.721
63.69,111.3,45.033,41.026
63.318,111.76,44.76,41.078
62.763,111.07,45.021,41.272
62.331,111.74,44.746,40.795
62.434,111.85,45.138,41.027
62.593,111.76,44.158,40.989
62.963,113.17,44.759,40.503
62.785,112.35,43.603,40.476
62.712,113.3,44.248,40.52
62.846,112.14,43.506,41.1
62.527,112.61,43.289,40.378
62.453,112.06,43.391,40.666
62.256,111.92,43.333,40.583
61.573,111.96,43.583,41.277
61.907,111.91,43.485,40.937
61.502,111.32,42.982,40.806
61.068,112.69,43.195,40.74
61.013,112.77,42.935,40.455
61.087,113.13,42.728,40.362
61.363,112.49,42.273,40.082
60.982,112.26,42.596,39.993
60.607,113.35,42.37,39.805
61.033,113.25,42.72,40.068
60.856,113.49,42.794,39.656
60.358,113.37,42.959,39.798
60.398,112.35,42.441,40.347
60.194,112.58,42.684,39.89
59.994,112.56,42.635,39.776
60.016,113.12,42.129,39.669
60.063,112.67,42.335,39.353
59.927,113.86,42.438,39.331
59.679,113.62,42.671,39.15
59.63,113.64,42.441,38.824
59.406,112.84,42.579,39.211
59.86,113.44,42.65,38.651
59.013,113.95,42.675,39.021
59.714,114.26,42.334,38.617
59.508,114.36,42.256,38.288
59.715,112.94,42.6,38.644
59.5,113.08,41.968,38.524
60.203,113.68,42.25,38.862
59.818,113.55,42,38.928
59.787,114.32,42.217,38.809
59.615,114.4,42.283,38.992
59.669,114.63,42.292,38.734
60.374,114.95,41.936,39.016
60.264,114.87,42.346,38.586
59.979,114.9,42.273,38.59
60.771,115.62,42.006,38.68
60.471,115.16,42.118,38.545
61.149,115.18,41.824,38.477
60.439,115.44,42.168,38.26
60.753,114.92,41.955,38.382
61.196,116.26,42.114,38.172
61.478,116.23,41.663,38.184
61.683,117.09,41.44,37.629
62.156,116.01,41.256,37.648
61.086,116.22,41.643,37.352
61.716,116.79,41.614,37.499
61.629,116.65,41.338,37.208
61.717,116.67,41.372,36.906
61.534,116.64,41.576,37.142
60.874,116.87,41.474,36.769
61.017,116.77,41.827,36.865
61.057,117.58,41.29,37.134
61.22,117.26,41.594,36.859
60.485,117.75,41.446,36.652
61.127,117.73,41.571,36.572
61.499,117.58,41.103,36.154
61.036,118.05,41.227,36.303
60.834,117.98,41.035,36.131
60.93,118.94,41.428,36.454
60.629,118.22,41.539,36.471
60.596,118.33,41.51,36.424
60.651,117.51,41.285,36.571
60.359,117.24,41.72,36.385
59.826,116.78,41.911,36.51
60.373,118.56,41.444,35.832
60.589,118.73,41.236,35.717
60.511,118.57,40.945,35.608
60.545,118.08,41.486,35.732
61.296,117.65,40.87,35.63
61.194,117.69,40.867,35.9
61.091,118.34,40.908,36.003
61.464,118.45,41.262,36.123
61.435,118.56,40.986,35.928
61.858,118.25,40.841,35.95
62.348,118.4,40.655,36.04
62.498,118.08,40.313,36.039
62.994,119.11,40.243,35.535
63.442,119.28,40.233,35.713
63.253,119.47,40.419,35.935
62.904,118.5,40.901,35.835
64.114,118.97,40.342,35.566
64.009,118.76,40.104,35.501
64.368,118.36,40.394,35.54
64.708,118.38,40.544,35.807
65.349,119.86,40.522,35.276
65.164,119.69,40.331,35.581
65.813,119.59,40.964,35.425
67.007,119.68,40.159,35.126
66.535,119.61,40.539,35.626
67.055,120.14,40.28,35.537
67.96,119.06,40.14,35.871
68.676,118.61,39.949,35.7
69.641,118.03,39.914,35.552
69.679,117.68,39.93,35.997
70.874,118.61,40.082,35.412
70.918,119.74,39.86,35.559
71.813,119.09,39.82,35.358
72.237,118.55,39.689,35.315
72.377,118.37,39.282,35.271
73.042,119.42,39.572,35.117
73.935,119.62,39.513,35.297
74.298,119.82,39.508,35.054
74.439,120.75,39.441,34.785
75.436,120.48,39.224,34.739
75.907,120.9,39.34,34.653
76.438,121.13,39.056,34.224
76.46,120.84,39.488,34.333
77.538,120.26,39.691,34.686
78.134,118.94,39.376,34.664
78.264,118.98,40.09,34.914
78.462,118.02,39.919,35.175
79.491,117.97,39.504,34.848
79.571,118.64,39.445,34.661
80.544,118.5,39.404,35.205
81.09,119.17,38.76,34.914
81.445,120.13,38.881,34.852
82.354,120.03,38.895,34.869
83.017,121.1,39,34.457
83.357,120.77,39.108,34.708
83.788,120.41,38.704,35.122
84.571,120.58,39.155,34.817
84.729,120,39.333,34.779
85.51,119.33,39.027,34.785
87.285,119.61,39.103,34.699
87.405,119.88,38.835,34.209
88.309,120.01,38.74,34.506
88.956,119.88,38.629,34.356
89.448,120.8,38.823,34.28
90.539,120.58,38.867,34.228
91.086,119.51,38.767,34.58
91.651,120.44,38.877,33.87
92.227,120.02,38.606,34.32
92.926,119.67,38.562,34.1
94.097,118.18,38.378,34.38
94.434,117.31,38.473,34.351
95.174,117.88,38.524,34.014
96.028,117.81,38.707,34.179
96.438,118.25,38.534,34.333
96.834,118.85,38.732,34.354
97.552,119.19,38.597,34.233
98.202,119.57,38.524,34.25
98.935,120.36,38.391,34.178
99.604,120.62,38.536,34.216
99.799,120.51,38.135,34.007
100.54,120.6,38.178,33.821
100.9,120.68,38.07,33.983
101.23,121.22,37.86,33.822
101.43,119.92,38.094,34.221
101.95,121.41,37.991,33.772
101.95,122.85,38.037,33.429
102.95,121.42,37.911,34.112
102.81,121.04,37.464,34.108
102.88,120.77,37.811,34.14
102.75,121.43,37.818,34.105
103.25,122.25,37.786,33.9
102.69,121.28,37.901,34.09
103.22,120.35,37.835,34.226
103.14,119.24,37.908,34.045
103.14,119.37,37.885,33.949
103.12,119.16,37.885,33.949
103.21,119.28,37.801,33.778
102.77,117.89,37.455,34.333
103.37,117.74,37.43,33.979
102.63,119.05,37.621,33.816
102.21,118.9,37.628,34.332
101.85,120.14,37.666,33.915
101.67,119.73,37.646,34.625
102.13,120.32,37.536,34.528
101.91,121.39,37.63,33.707
102.24,122.47,37.795,33.006
101.67,126.39,38.134,34.094
101.2,125.21,37.766,34.413
100.75,125.46,37.827,34.093
100.76,123.12,37.634,34.063
100.82,119.73,37.47,34.406
99.679,118.11,37.779,34.526
99.782,119.2,37.85,33.879
99.021,119.21,37.918,34.464
98.739,118.55,37.739,34.189
99.047,118.68,37.615,34.365
99.048,118.74,37.694,34.231
98.975,118.18,37.929,34.25
98.749,117.08,37.724,34.131
98.566,118.06,37.665,33.958
98.692,117.69,37.665,33.824
98.869,117.71,37.576,34.028
97.72,117.57,37.703,33.571
97.952,117.23,37.808,33.776
97.83,117.92,37.709,33.232
97.242,116.95,38.186,33.815
97.508,116.94,37.737,33.853
97.634,116.59,37.948,34.177
97.332,118.38,38.099,33.666
97.534,118.09,37.81,34.192
97.068,118.21,37.698,34.119
96.951,117.76,37.502,33.982
96.57,117.38,37.621,33.776
96.813,117.31,37.729,34.376
96.826,118.43,37.768,34.085
96.837,118.42,37.696,34.297
96.639,118.69,37.686,34.03
96.745,118.15,37.9,34.528
96.071,119.74,37.927,33.863
96.434,119.53,37.754,34.597
96.402,118.69,37.837,34.871
95.927,118.79,37.838,34.061
96.158,118.67,38.054,34.294
96.648,118.53,37.682,34.091
96.43,119.3,38.169,34.437
96.234,119.13,37.976,34.504
96.457,119.71,37.881,34.16
96.164,118.99,37.985,34.587
96.741,119.18,38.018,34.497
96.746,119.22,37.947,34.416
96.489,119.81,37.983,34.355
97.154,119.09,37.809,34.626
97.017,119.61,37.98,34.761
96.587,118.46,37.868,34.605
97.194,117.87,37.861,34.747
96.785,118.41,38.088,34.259
97.069,118.51,37.943,34.472
97.022,118.16,37.952,34.385
96.962,118.56,38.274,34.422
97.609,118.32,38.222,34.425
97.711,118.64,38.24,34.702
97.719,118.6,38.312,34.63
98.032,118.91,38.732,35.025
98.126,118.59,38.584,34.972
98.285,118.88,38.346,34.58
98.504,118.56,38.465,34.901
98.449,117.92,38.386,34.876
99.028,117.64,38.092,34.607
99.179,117.34,38.308,34.698
99.431,118,38.505,34.666
99.001,117.52,38.911,34.744
100.21,117.67,38.777,35.001
99.553,118.42,39.232,34.739
100.6,118.43,39.047,35.139
100.25,118.68,39.005,34.788
100.49,118.19,39.28,35.075
101.05,118.27,39.044,35.004
101.46,118.36,39.343,35.073
101.59,117.79,39.133,35.203
101.71,117.73,39.282,35.166
101.16,117.59,38.691,35.321
101.65,116.79,39.07,35.165
102.3,117.55,38.758,35.245
102.46,116.69,39.525,35.229
102.47,117.36,38.648,35.468
102.78,116.93,38.763,35.387
102.34,117.28,39.331,35.541
102.2,117.45,38.737,35.542
103,117.65,38.783,35.683
102.15,117.67,38.906,35.513
102.3,119.11,38.93,35.47
102.29,118.78,39.278,35.51
102.66,118.36,39.523,35.57
102.48,117.89,38.704,35.621
102.95,118.24,39.116,35.92
103.37,117.92,39.19,36.033
102.94,118.02,40.334,36.256
103.31,118.34,39.51,35.943
103.52,117.9,40.044,36.209
103.34,117.26,39.191,36.32
103.58,116.86,39.638,36.428
103.98,116.7,39.974,36.581
104.06,117.44,39.936,36.639
104.3,116.92,39.678,36.584
103.92,117.97,40.011,36.712
104.1,117.95,40.166,36.714
103.66,118.09,40.021,36.942
104.34,119.12,40.31,36.784
104.07,118.99,40.467,36.753
104.66,118.78,40.442,36.957
105.05,118.64,40.656,36.934
104.52,118.43,40.23,36.93
104.77,119.38,41.227,36.782
104.88,118.94,40.936,37.029
105.07,118.35,40.831,36.83
105.69,118.54,41.567,37.172
105.81,118.66,40.965,37.214
105.63,119.08,41.63,37.23
105.94,119.55,41.573,37.057
106.11,119.13,41.681,37.312
106.08,118.35,41.368,37.24
105.78,117.9,41.733,37.56
105.88,117.38,41.485,37.528
105.83,117.6,42.204,37.848
105.3,118.5,41.448,37.466
106.1,118.1,41.302,37.586
105.39,117.63,41.857,37.973
105.48,117.8,41.964,37.795
105.53,118.09,41.611,37.566
105.1,118.41,42.014,37.505
105.24,117.96,41.796,37.554
105.39,117.62,41.627,37.811
105.2,118.48,42.223,37.244
105.3,117.94,41.749,37.679
104.76,117.62,41.792,37.825
104.14,117.57,42.06,37.722
103.87,117.36,42.091,37.879
103.69,117.4,41.949,37.975
103.65,116.87,42.158,38.204
103.69,116.43,41.957,38.663
103.41,117.9,42.167,37.918
103.28,117.65,42.399,38.528
103.19,118.05,42.628,38.272
103.06,117.09,42.327,38.578
103.56,117.14,42.17,38.489
103.01,116.64,42.272,38.582
102.56,117.45,42.74,38.62
103.02,116.91,42.763,39.284
103.01,116.55,42.366,39.28
102.33,116.51,42.621,39.22
102.49,115.95,42.736,39.362
101.99,116.41,43.142,39.256
101.72,116.08,43.3,39.688
102.15,116.38,43.247,39.584
102.15,116.27,43.462,39.545
101.62,116.14,43.18,39.422
102.11,115.62,43.276,39.588
101.57,115.29,43.948,39.837
101.43,116.31,43.475,39.652
101.03,115.37,44.146,40.68
100.8,115.18,43.566,40.373
100.98,115.46,44.414,40.449
100.95,115.31,43.948,40.316
101.19,115.48,44.144,40.512
100.96,115.29,44.123,40.389
100.52,114.76,44.029,40.574
101.26,114.72,44.631,40.602
101.1,115.26,44.604,40.387
100.95,115.68,44.75,40.797
100.41,115.89,44.641,40.266
100.82,117.11,45.031,40.648
100.56,117.16,45.401,41.125
100.77,117.6,45.175,41.028
100.46,117.24,45.25,41.181
100.78,117.44,45.008,41.222
100.23,117.82,45.343,41.701
100.59,117.24,45.514,41.716
100.29,117.14,45.314,41.545
100.2,116.72,45.361,41.424
99.938,117.03,45.697,41.939
100.19,118.46,45.441,41.221
100.28,118.96,45.515,41.203
99.386,118.53,45.833,41.35
99.579,118.82,45.791,41.284
99.904,118.01,45.429,41.649
99.248,117.82,45.338,41.789
99.37,117.94,45.499,41.82
99.618,117.7,45.754,41.292
99.301,117.11,45.846,41.62
99.307,117.22,45.857,41.557
98.731,117.62,46.304,41.569
98.742,117.54,46.474,41.837
98.891,117.9,46.625,41.629
98.298,118.17,46.679,41.973
97.98,117.79,46.528,42.167
97.841,117.19,46.77,42.32
97.906,118.36,46.837,41.709
97.092,118.09,46.82,42.001
97.488,118.61,47.172,41.952
97.069,118.38,46.986,42.12
97.351,117.68,47.223,42.752
96.792,118.49,47.02,42.271
96.592,118.41,47.021,42.289
96.636,118.16,46.792,42.563
96.424,117.75,47.004,42.824
96.654,117.82,47.072,42.604
96.736,117.11,47.518,43.099
96.383,117.07,47.663,42.952
96.207,116.9,47.082,42.915
96.054,118.42,47.58,42.678
96.027,117.77,47.642,43.015
95.433,117.51,47.337,42.796
95.381,117.72,47.374,43.146
95.484,117.37,47.64,43.164
95.191,117.86,47.633,42.876
95.326,116.94,47.465,43.654
95.123,116.13,47.718,43.764
94.777,116.95,47.681,42.927
94.823,116.5,47.764,43.303
94.593,116.29,47.747,43.268
94.888,116.9,47.87,43.363
94.341,117.34,47.83,42.966
93.79,117.12,47.871,43.38
93.8,117.12,47.926,43.105
93.65,116.84,48.197,43.379
93.867,116.57,48.075,43.431
93.817,117.44,48.228,43.565
93.304,117.26,48.132,43.869
92.815,115.98,48.687,44.086
93.404,116.67,47.95,43.489
92.669,116.79,48.321,43.828
92.877,117.76,48.337,43.491
92.002,116.87,48.736,44.037
91.856,117.31,48.647,43.97
91.97,117.11,48.517,43.706
92.623,117.38,48.259,44.103
91.996,117.08,48.407,44.239
92.109,117.7,48.483,44.146
92.476,117.83,48.397,44.266
91.674,118.19,48.976,44.142
92.119,117.75,48.52,44.527
92.328,117.95,48.803,44.805
92.378,118.28,48.778,44.609
92.626,118.3,48.501,44.463
92.852,117.99,49.042,44.499
93.01,117.03,49.106,44.923
93.755,116.02,49.042,44.919
93.784,115.95,49.171,45.14
93.596,117.63,50.01,44.745
94.613,117.34,49.485,45.241
94.383,117.12,49.566,45.321
94.548,118.03,50.002,45.096
95.29,117.26,49.89,45.352
95.81,117.54,49.996,45.068
95.81,117.4,50.305,45.309
96.108,116.93,50.443,45.415
96.691,116.35,50.76,45.458
96.935,117.15,50.315,45.371
97.319,116.44,51.38,45.816
97.665,116.95,50.484,45.787
98.418,117.34,50.348,45.816
98.553,117.16,50.582,45.784
98.784,116.86,50.808,45.867
99.611,116.53,50.607,45.861
99.854,117.03,51.192,46.183
99.798,117.26,50.995,46.089
100.46,117.15,51.155,45.995
101.27,116.5,51.081,45.939
101.27,116.76,51.118,46.044
101.92,117.07,50.95,45.808
102.58,116.81,50.903,46.289
102.39,117.11,51.141,46.251
102.44,117.36,51.835,46.459
102.73,117.39,51.42,46.017
103.56,117.06,51.233,46.166
103.88,116.01,51.548,46.376
103.41,116.36,52.039,46.482
104.35,117.33,51.997,46.826
104.42,116.88,52.165,46.615
104.81,116.55,52.358,46.813
104.22,116.68,52.286,46.944
104.58,117.34,52.491,47.135
105.33,117.34,52.32,46.86
105.47,117.35,52.867,46.981
105.48,116.71,52.799,46.822
105.9,117.21,52.985,47.045
105.97,116.92,52.863,46.896
106.81,116.82,52.986,47.198
106.55,116.41,53.323,47.566
106.54,116.95,53.349,47.716
107.34,117.15,53.378,47.439
107.52,116.82,53.427,47.725
107.82,116.89,53.355,47.75
107.91,117.99,53.899,48.061
108.07,118.16,53.936,48.895
108.38,118.1,53.819,49.187
108.84,118.23,53.761,49.311
108.85,118.5,53.837,49.04
108.98,118.51,53.826,49.058
109.2,118.33,53.698,49.1
109.67,117.39,53.948,49.31
110.07,115.5,53.645,50.172
110.48,115.95,53.702,49.766
110.09,116.39,53.852,49.515
110.68,115.68,53.642,49.119
111.05,114.65,53.763,49.839
110.74,114.24,53.524,49.764
110.79,114.34,53.639,49.76
110.12,114.15,54.212,49.889
110.51,114.63,54.308,49.625
110.62,114.88,54.236,49.462
108.98,114.47,54.821,49.73
109.77,114.82,54.203,50.195
108.85,115.1,54.276,48.931
108.23,115.51,54.702,49.588
108.16,116.5,54.97,49.398
107.43,118.14,55.1,48.94
107.49,116.93,54.763,49.6
107.62,117.64,54.82,48.557
106.56,116.95,54.718,48.896
106.5,116.11,54.414,49.42
106.4,116.74,54.383,49.506
105.81,116.94,54.67,48.641
105.39,115.54,54.821,49.161
105.4,116.6,54.815,48.806
105.98,116.17,54.563,48.914
105.39,116.12,54.344,48.825
105.21,115.98,54.362,49.742
105.16,117.03,54.37,49.612
105.39,116.91,54.437,49.855
105.09,116.33,55.228,50.026
104.97,115.32,55.136,50.156
104.88,114.99,55.161,49.673
105.21,114.75,55.369,50.332
104.94,114.61,55.223,49.82
105.13,114.22,55.023,49.819
106.09,114.47,55.107,49.585
105.95,114.49,55.335,49.799
105.69,114.33,55.368,49.867
106.78,114.2,55.15,49.644
106.87,114.3,55.118,49.804
106.96,114.16,55.297,49.835
107.56,114.44,54.916,49.764
107.72,114.57,55.115,50.028
107.37,114.5,55.654,49.76
108,114.66,55.53,50.097
107.83,114.68,55.94,50.059
108.41,115.83,55.387,50.568
108.31,116.65,55.768,50.468
109.25,117.07,55.522,50.942
109.38,117.58,55.743,50.731
109.51,116.55,56.078,50.694
110.04,117.01,56.345,50.187
110,114.75,56.052,51.068
111.26,113.53,55.749,50.767
110.51,112.77,56.086,50.475
110.83,110.99,55.848,51.279
110.4,111.97,56.249,50.77
110.45,111.8,56.245,50.726
110.52,111.57,56.329,50.946
110.99,112.36,56.29,50.406
111.08,112.99,56.438,50.049
111,112.38,56.642,50.883
110.48,112.73,56.706,50.654
110.96,113.32,56.615,50.876
111.09,113.79,56.249,50.595
111.8,112.28,56.267,51.4
111.49,113.89,56.023,50.597
111.51,113.89,55.71,50.966
111.25,114.45,55.978,51.22
111.58,114.43,55.77,51.09
111.66,113.25,56.076,51.769
111.16,113.55,55.894,50.887
111.76,112.32,56.06,51.293
111.32,113.58,55.763,50.371
110.9,112.41,56.036,51.094
110.88,111.52,55.748,50.787
110.95,111.72,55.785,50.133
110.54,112.21,56.014,49.993
109.7,111.98,56.151,50.454
109.67,110.31,56.113,51.089
109.5,110.69,55.999,50.712
108.76,111.07,56.092,50.702
108.39,110.92,55.862,51.036
107.88,112.76,55.801,50.571
107.13,112.25,55.644,51.413
107.1,113.76,55.579,50.584
106.83,114.24,55.577,50.805
105.85,115.48,55.575,50.686
105.66,114.61,55.264,51.699
105.88,114.54,55.627,50.702
105.52,112.73,54.93,51.958
105.1,114.84,55.539,50.122
105.08,114.3,55.38,50.443
104.97,114.12,55.247,50.795
104.22,113.47,55.186,50.894
104.21,114.15,54.838,50.08
104.35,114.32,54.917,50.455
103.89,114.42,54.857,50.696
104.35,114.13,54.918,50.608
104.18,114.93,55.005,50.371
103.84,116.22,55.085,49.903
103.94,116.07,54.97,50.767
104.13,116.21,54.814,50.251
103.35,117.73,55.02,49.485
103.96,116.82,54.726,50.59
104.11,116.16,54.707,49.811
103.31,116.1,54.641,50.029
103.97,116.18,54.813,49.755
103.93,114.98,54.554,50.231
103.75,115.92,54.46,49.326
103.51,115.6,54.639,50.041
103.29,116.85,54.824,49.516
103.9,117.46,54.988,49.363
104.06,117.72,54.337,49.458
103.82,117.93,54.554,49.189
103.72,118.67,53.967,48.75
104.35,118.75,53.7,48.793
104.28,118.23,54.089,48.839
103.89,118.41,53.726,48.496
103.93,117.95,54.299,48.933
103.73,116.89,54.392,49.438
104.44,117.22,53.872,49.163
104.66,117.32,53.963,49.466
104.57,117.95,54.171,49.543
104.59,118.08,53.789,49.437
103.95,117.51,54.211,49.196
104.72,116.57,54.154,49.345
103.68,117.63,53.988,48.912
104.12,118.04,53.996,49.249
103.99,118.34,54.194,48.921
103.5,118.87,53.743,48.614
103.98,118.5,53.621,49.179
103.7,118.54,53.442,49.031
104.3,118.61,53.025,48.839
104.45,119.4,53.256,48.353
104.05,119.12,53.154,48.127
103.98,118.99,53.522,48.227
103.83,118.85,53.179,48.229
103.61,118.86,53.005,48.01
103.73,117.62,53.11,48.476
103.76,118.79,52.95,47.587
103.5,118.29,53.096,48.3
103.71,118.16,53.243,48.443
103.58,118.25,52.889,48.502
103.82,117.95,52.616,48.25
103.49,117.47,52.58,48.128
103.48,117.9,52.573,47.919
103.33,118.25,52.537,48.041
103.05,118.05,52.301,47.957
103.04,118.4,52.43,48.093
103.41,118.35,52.292,48.025
103.23,118.69,52.399,47.499
102.31,118.37,52.258,47.418
102.1,118.93,52.46,47.368
102.22,117.91,52.608,47.983
102.28,118.62,52.678,47.34
101.91,118.23,52.39,47.761
101.32,117.87,52.196,47.785
101.3,118.07,52.396,47.98
100.62,119.05,52.394,47.47
100.72,117.79,51.92,47.904
101.07,117.33,52.222,48.157
100.31,117.44,52.267,47.427
99.831,117.44,52.259,47.444
100.45,117.32,52.122,47.669
99.735,117.49,52.176,47.87
99.834,117.92,52.385,47.864
100.2,117.44,51.852,47.76
99.935,116.65,52.034,48.186
100.25,117,51.993,47.577
100.37,117.1,51.977,47.491
100.74,117.44,51.896,47.932
100.99,117.86,52.004,47.489
101.09,117.77,52.013,47.16
100.67,117.74,51.812,47.491
101.28,117.97,51.727,47.441
101.56,118.47,51.528,47.451
101.51,118.56,51.504,47.461
101.46,118.12,51.677,47.031
101.78,117.5,51.904,47.051
101.67,117.18,51.804,46.97
102.25,117.71,51.575,46.83
102.43,117.98,51.59,47.076
102.24,117.5,51.888,47.374
102.28,117.59,51.517,47.301
103.09,117.51,51.509,47.537
102.78,117.88,52.014,46.919
103,117.35,51.713,47.449
103.86,117.1,51.473,47.49
103.54,117.07,51.666,46.877
104.3,115.92,51.556,47.551
104.72,115.82,51.654,47.211
104.64,116.06,51.443,46.838
105.07,116.3,51.11,47.083
105.53,116.41,51.142,46.9
106.08,115.7,50.948,46.965
106.59,115.31,51.098,46.671
106.96,116.06,51.223,46.391
107.1,115.78,50.79,46.524
107.83,116.26,51.108,46.255
107.84,116.96,51.183,46.09
108.31,116.56,50.919,46.326
108.71,116.88,50.984,46.385
109.03,116.57,50.935,46.336
109.73,117.46,50.637,45.904
110.04,117.39,50.455,45.906
110.32,116.74,50.448,46.684
110.39,116.38,50.589,46.839
110.72,116.68,50.542,46.503
111.18,116.37,50.372,46.661
111.3,116.91,50.731,46.359
110.87,117.46,50.77,46.641
111.06,117.05,50.426,46.496
111.8,116.86,50.182,46.519
111.18,117.76,50.638,46.236
111.3,118.65,50.6,46.292
111.45,118.23,50.529,46.427
111.94,118.54,50.376,46.37
112.12,118.76,50.311,46.115
112.17,118.88,50.237,46.056
112.45,118.66,50.341,46.434
112.65,119.46,50.607,45.738
112.29,118.87,50.432,46.32
112.42,117.91,50.345,46.427
112.16,118.19,50.367,46.72
112.57,118.31,50.406,46.374
112.23,118.26,50.403,46.404
111.63,119.58,50.695,45.73
112.68,119.3,50.15,46.378
112.44,119.3,50.537,46.199
112.47,118.78,50.33,46.256
112.25,118.5,50.427,46.028
111.8,118.62,50.338,46.115
111.91,118.34,50.483,45.99
111.9,119.12,50.395,45.9
111.66,118.7,50.154,45.828
111.58,119.06,50.421,46.342
111.63,118.78,50.217,46.072
111.77,118.18,50.356,46.474
112.05,118.33,50.179,46.256
111.35,118.34,50.298,46.048
110.99,118.58,50.476,46.304
111.3,118.47,50.152,46.83
111.49,118.77,50.119,46.585
110.76,118.43,50.467,46.741
111.15,118.42,50.412,46.772
110.63,117.63,50.225,46.926
110.38,117.21,50.318,46.551
110.03,116.6,50.272,46.561
110.09,116.6,50.495,46.182
110.43,116.9,50.314,46.319
109.58,116.46,50.273,46.261
110.26,115.38,50.347,47.23
109.74,116.2,50.427,45.666
109.26,116.74,50.549,46.064
109.05,116.05,50.772,45.75
108.43,115.88,50.466,46.238
109.13,115.75,50.574,46.507
108.49,115.29,50.781,46.568
108.46,115.27,50.453,46.229
108.88,115.18,50.545,46.528
107.9,115.34,50.672,46.888
108.19,114.97,50.514,46.759
107.27,114.86,50.803,47.103
107.46,114.23,50.791,47.063
107.29,114.33,51.071,47.02
107.63,113.38,50.588,46.863
106.92,113.59,50.95,46.742
107.04,113.9,50.966,46.519
107.23,113.62,50.681,46.739
106.8,112.51,50.899,46.714
107.36,112.1,50.843,46.988
106.16,112.61,51.358,46.894
106.58,112.03,50.791,46.979
106.13,112.47,51.137,46.436
106.51,111.77,51.061,46.849
106.16,112.56,51.039,46.608
106.08,111.94,51.16,47.001
106.2,112.69,50.95,46.335
104.96,112.93,51.638,47.322
105.34,112.13,50.863,46.989
105.67,112.73,50.892,46.33
104.89,112.12,51.433,46.856
105.91,112.06,51.018,46.623
105.53,111.78,51.208,46.854
104.84,111,51.027,46.7
105.23,110.69,50.966,46.588
105.46,109.94,51.313,46.632
104.14,109.95,51.202,46.606
104.67,109.75,51.003,47.217
104.34,109.93,51.269,46.414
104.14,110.63,51.112,46.834
104.03,110.42,50.841,46.744
103.26,109.69,50.943,47.013
103.33,110.8,51.074,46.622
103.11,110.58,51.399,46.586
102.11,111.14,51.253,46.508
102.36,109.91,51.262,46.934
101.88,111.02,51.248,46.573
101.13,112.11,51.272,46.105
101.18,112.06,51.355,46.584
101.07,113.55,51.308,46.407
100.87,113.1,51.347,46.806
100.42,113.6,51.214,46.994
100.49,114.1,50.903,46.647
99.2,115.38,51.288,46.751
99.285,115.02,51.125,47.148
98.167,116.38,51.619,46.786
98.125,116.49,51.382,46.723
97.974,116.59,51.253,46.565
97.624,116.42,51.211,46.963
97.351,116.42,51.461,47.159
97.085,117.89,51.375,46.524
96.764,117.16,51.346,46.999
95.528,116.78,51.189,47.15
95.463,117.3,51.519,47.131
95.02,117.52,51.258,47.31
94.542,118.67,51.237,46.369
94.262,116.93,51.463,47.553
93.74,117.15,51.305,46.812
93.939,117.8,51.474,46.473
92.736,116.99,51.433,46.778
92.759,118.01,51.538,46.189
92.547,116.47,51.384,47.156
92.014,116.71,51.337,46.81
92.003,116.1,51.511,47.299
91.972,115.54,51.387,46.809
90.962,114.42,51.372,46.818
90.739,114.18,51.477,46.944
90.433,113.47,51.606,47.615
90.304,112.95,51.537,47.331
90.349,113.09,51.673,47.031
89.785,112.17,51.474,47.176
89.878,112.91,51.818,47.106
89.65,112.72,51.564,47.325
89.712,111.76,51.823,47.467
89.288,111.73,51.794,47.046
88.505,110.62,51.816,47.591
88.704,112.09,51.807,47.273
88.372,112.16,51.841,47.326
88.706,112.49,51.736,47.638
88.362,112.36,51.734,47.203
88.155,112.2,51.886,47.58
87.211,111.74,51.803,47.588
86.962,111.68,52.189,48.089
87.45,111.69,51.806,48.167
87.108,113.1,52.039,47.611
87.326,112.16,51.771,47.732
86.318,111.73,51.765,47.542
86.309,112.12,51.923,47.674
86.636,111.74,51.913,48.294
86.387,111.55,51.797,48.36
85.812,110.76,51.956,47.92
85.751,110.69,51.707,48.092
85.864,109.91,51.943,48.164
85.434,109.89,51.788,48.144
85.297,110.02,51.768,48.28
85.068,109.73,51.737,48.265
85.499,109.79,51.571,48.261
85.104,109.41,51.692,47.656
84.571,109.72,51.578,48.097
85.021,110.22,51.619,48.181
84.719,110.61,51.373,48.056
84.718,111.13,51.373,47.869
84.331,110.94,51.205,48.218
83.973,111.13,51.239,47.629
83.939,110.64,51.473,47.923
84.741,111.35,51.179,47.88
84.059,111.92,51.384,47.895
85.155,111.4,51.218,47.858
84.471,110.93,51.347,48.673
84.219,111.9,51.416,47.883
84.853,111.56,51.437,47.952
84.865,112.26,51.309,48.05
84.722,111.85,51.259,48.244
84.525,112.34,51.594,48.067
85.166,113.45,51.19,47.959
84.815,113.15,51.461,47.833
85.336,113.15,51.281,48.302
85.178,113.19,51.278,48.858
85.678,114.82,51.205,47.597
85.287,114.11,51.391,47.968
85.967,114.08,51.144,47.668
85.785,113.75,51.262,47.87
86.439,113.85,51.162,48.42
86.124,115.09,51.344,47.935
85.312,115.54,51.407,47.399
86.012,113.93,51.223,48.452
85.575,115.35,51.256,48.029
85.859,115.34,51.043,47.81
86.268,115.1,51.206,47.894
85.84,114.52,51.136,47.884
86.098,115.19,51.09,47.481
85.76,114.74,51.178,48.243
85.408,114.49,51.009,47.649
85.514,114.43,51.109,48.313
85.411,114.7,51.214,47.714
84.887,114.89,51.049,48.23
84.842,114.96,51.181,48.109
84.694,114.53,51.233,48.615
84.714,114.87,51.416,48.46
84.622,114.09,51.403,48.497
84.585,114.61,50.871,48.535
84.689,115.09,51.147,48.078
84.212,114.43,51.176,48.989
84.494,114.64,51.252,48.804
84.173,115.25,51.036,48.304
84.291,114.89,51.161,48.574
84.035,115.45,51.021,48.244
84.162,115.25,51.267,48.15
84.206,114.09,51.48,48.467
84.472,113.78,51.074,48.734
84.197,113.82,51.179,48.65
83.704,114.22,51.303,48.471
84.079,113.78,51.533,48.833
83.756,113.58,51.309,48.288
84.103,114.17,51.33,48.004
84.032,114.25,51.201,48.594
84.274,114.51,51.46,48.984
84.101,114.54,51.178,48.57
84.431,114.16,51.413,48.172
83.836,113.74,51.477,48.634
83.569,113.25,51.622,49.138
83.934,112.8,51.761,48.319
83.628,111.78,51.798,48.901
83.196,111.6,51.806,48.978
83.634,112.99,51.709,47.871
83.414,112.05,52.085,48.934
83.77,113.07,51.513,48.539
83.247,111.97,51.673,48.657
83.363,111.84,51.882,48.825
83.994,113.36,51.655,47.881
83.633,112.2,51.883,48.9
83.383,111.47,51.974,48.526
83.602,111.86,52.009,48.588
84.143,111.08,51.923,49.021
83.365,111.3,51.999,48.445
83.903,112.79,51.865,48.18
84.42,112.62,51.651,49.348
84.228,111.71,51.854,48.924
83.745,112.89,51.91,48.254
83.9,112.14,52.217,48.363
84.371,112.53,51.573,48.866
84.496,111.82,52.046,49.098
84.502,112.16,51.806,48.559
84.257,111.83,52.289,49.181
84.15,110.85,51.94,48.911
84.758,111.84,51.706,48.267
83.998,111.03,51.971,48.925
83.891,112.17,51.853,48.578
83.672,111.72,51.808,48.751
83.91,111.66,51.975,48.193
83.475,110.67,51.98,48.905
83.075,111.28,51.842,48.849
83.132,111.79,51.999,48.806
82.474,112,51.918,48.4
82.196,111.26,52.013,48.895
81.506,111.68,52.161,48.966
82.02,111.8,52.016,48.844
81.718,111.88,51.867,48.519
80.727,111.98,52.089,48.897
80.419,110.36,51.998,49.455
79.694,111.82,52.222,49.022
79.752,110.77,52.12,49.17
79.299,111.68,52.509,48.772
79.317,110.88,52.145,49.233
78.606,111.37,52.149,48.638
78.516,111.29,52.145,48.939
78.272,111.29,52.226,48.48
77.357,111.72,52.53,48.972
77.108,111.51,52.192,49.11
76.696,112.01,52.337,48.903
76.384,112.35,52.183,48.958
75.824,111.32,52.256,48.842
75.87,111.99,52.042,48.417
75.104,112.38,52.595,48.002
75.484,111.71,52.515,49.075
75.37,111.58,52.513,48.644
74.204,111.24,52.562,48.497
73.854,112.18,52.288,48.109
73.962,111.34,52.425,48.606
73.414,111.91,52.447,48.269
73.223,111.75,52.535,48.788
72.891,112.17,52.42,48.123
72.14,111.91,52.627,48.694
71.83,111.02,52.616,48.823
70.683,111.71,52.555,48.315
70.931,111.47,52.522,48.859
69.539,111.65,52.844,48.76
69.642,112.36,52.782,48.382
68.672,112.39,52.616,48.428
67.659,111.49,52.83,48.848
67.424,112.73,52.658,48.443
66.436,112.3,52.891,48.484
66.166,111.96,52.885,48.603
65.594,112.46,52.98,48.859
64.822,112.18,52.734,48.499
64.069,112.9,53.113,48.414
63.805,113.13,52.709,48.302
62.631,113.18,52.901,48.449
62.743,114.13,52.728,48.37
61.565,114.09,52.814,48.869
60.569,114.24,53.002,48.432
60.509,114.47,52.951,48.613
59.757,114.67,52.834,48.227
58.585,114.89,53.087,48.599
57.944,114.49,52.94,48.34
57.028,113.8,53.076,48.69
56.145,114.15,53.373,48.302
55.173,113.94,53.147,48.149
54.449,113.5,53.3,48.141
52.955,113.5,53.411,48.387
51.879,113.51,53.324,48.661
50.844,112.49,53.385,48.923
50.21,112.42,53.597,48.843
48.884,111.85,53.784,49.403
48.109,112.86,53.546,48.987
46.857,112.6,53.446,49.225
45.686,112.1,53.705,49.243
44.539,112.37,53.801,48.878
43.434,112.04,53.893,49.1
42.711,113.04,53.846,49.322
41.027,113.58,54.252,48.698
39.752,113.21,54.186,49.434
38.931,113.34,54.359,49.258
37.899,112.84,54.472,49.703
36.184,113.93,54.555,49.269
35.567,113.86,54.709,49.691
34.481,113.69,54.45,49.374
33.362,113.69,55.093,49.808
31.763,112.95,55.085,49.726
30.485,113.2,55.07,50.022
29.4,113.06,55.392,49.817
28.271,112.97,55.205,49.62
26.808,112.9,55.147,49.822
25.224,112.47,55.819,49.866
23.815,111.82,55.69,49.964
22.799,111.95,56.049,50.177
22.116,112.18,55.75,49.934
20.241,112.07,55.534,50
19.528,111.92,55.922,50.285
17.836,112.59,56.214,49.749
16.356,113.02,56.363,50.226
15.76,113.05,56.435,50.184
14.692,113.02,56.492,50.242
