71.701,52.701,108.7,88.701
70.424,51.943,109.99,88.394
69.788,52.082,109.57,89.073
69.542,52.52,110.18,87.712
69.174,51.676,109.49,89.846
69.951,52.062,107.58,89.928
69.034,51.99,108.39,89.126
68.906,52.23,107.66,89.214
67.566,52.655,107.66,87.5
67.714,52.841,106.58,87.358
67.825,52.433,106.81,87.639
66.093,51.354,107.12,88.791
65.639,51.297,107.42,88.332
66.462,53.005,107.45,86.159
64.859,52.274,107.33,86.09
64.008,50.912,108.9,87.149
64.085,51.799,107.68,86.939
64.418,51.915,107.17,87.738
64.977,52.36,105.32,86.247
63.841,52.898,106.06,86.815
62.936,53.983,107.44,84.811
64.555,52.669,104.8,85.07
63.625,54.652,105.08,85.316
63.713,53.126,104.77,84.84
63.516,54.884,104.32,83.499
64.319,53.742,104.12,84.388
64.621,53.258,103.06,83.363
64.125,54.96,103.58,83.537
63.207,55.124,103.5,82.215
61.663,54.131,105.07,83.864
62.474,54.252,103.11,83.096
61.702,53.018,104.95,82.96
61.841,54.392,104.88,81.747
61.66,53.651,104.7,82.531
62.652,52.335,102.69,83.141
63.439,53.969,102.25,81.608
62.564,53.942,102.06,81.438
63.312,53.265,102.96,81.886
63.721,54.22,102.18,82.549
64.279,53.296,100.51,82.743
63.917,53.858,102.49,82.231
64.769,54.576,100.96,81.663
65.021,55.181,100.84,80.433
63.963,56.147,102.04,80.102
65.386,56.06,101.17,79.852
65.729,54.998,101.2,81.364
65.118,57.944,102.24,79.046
66.066,56.924,101.72,80.72
67.753,56.116,99.386,80.575
66.963,56.647,100.18,79.51
67.269,55.747,99.806,80.526
68.224,56.335,100.44,80.763
68.658,57.335,98.35,78.534
67.577,58.357,100.03,80.292
69.185,57.759,99.468,80.269
68.769,58.857,97.901,80.862
67.96,59.56,100.32,80.149
68.655,59.058,100.13,79.338
69.336,59.809,98.66,80.189
70.527,59.309,98.433,79.939
69.994,59.182,98.396,80.345
70.035,59.662,98.411,80.345
68.925,61.432,99.334,79.323
69.603,59.972,99.14,79.096
70.686,59.256,98.451,78.187
70.477,58.769,98.332,78.99
70.765,59.421,99.223,77.563
70.078,58.559,99.609,78.817
71.622,59.171,97.84,78.293
70.731,58.298,98.896,77.444
72.634,59.043,95.899,78.442
72.774,57.999,96.476,77.51
72.15,56.811,96.555,77.768
70.896,57.206,97.876,77.099
70.8,56.246,97.34,76.668
71.071,55.967,96.803,76.489
70.585,56.099,96.648,77.453
69.778,57.798,97.431,75.051
69.884,57.84,96.716,76.68
68.929,57.562,98.102,77.769
68.647,58.586,97.406,75.486
69.524,59.585,95.857,76.069
69.487,58.563,96.762,76.48
69.712,60.335,95.977,74.384
68.865,60,96.73,76.522
70.26,59.444,96.355,76.333
70.432,60.092,94.054,75.971
70.639,60.762,94.492,75.755
70.228,60.556,95.228,75.86
69.911,60.271,94.334,75.503
69.79,61.459,94.526,74.587
70.036,60.648,94.285,76.615
69.671,61.039,95.503,75.407
69.826,60.812,94.616,75.608
69.761,59.723,94.86,76.157
69.887,59.964,94.429,75.203
70.324,59.216,94.828,76.648
71.399,59.537,92.4,75.311
70.883,59.422,94.634,74.332
71.76,59.518,93.011,74.32
70.948,59.73,93.583,73.521
73.309,60.317,91.838,73.891
72.966,58.996,92.513,74.84
73.636,58.296,91.644,74.236
74.819,57.183,92.08,74.832
74.558,57.281,91.585,74.558
75.199,56.03,92.09,77.25
75.458,56.562,91.779,75.705
76.45,57.332,90.278,74.159
76.229,58.498,91.945,74.788
77.34,58.256,90.927,73.695
77.416,57.911,90.192,75.328
77.469,58.707,89.955,74.136
77.393,57.811,91.001,75.19
79.24,57.994,89.695,74.913
78.293,58.719,90.67,74.773
78.339,60.065,91.161,74.833
79.314,59.704,90.213,72.992
79.377,61.464,90.556,74.342
79.892,62.613,90.85,73.727
80.344,62.626,90.395,72.307
80.659,64.923,89.836,72.365
81.162,64.338,90.966,71.406
81.745,64.52,89.844,72.184
83.101,65.79,89.12,71.951
82.751,64.236,90.572,73.01
83.57,65.525,90.251,72.175
83.824,66.038,90.016,71.723
85.152,69.303,87.477,70.075
85.482,68.055,88.315,72.026
86.772,68.971,87.047,71.565
87.191,68.501,87.607,72.271
87.06,68.222,87.978,71.216
87.71,67.98,87.38,70.249
88.135,66.947,88.791,70.349
88.866,66.51,87.195,68.875
89.107,66.545,87.183,68.554
89.897,65.817,86.834,69.512
89.859,65.036,87.537,69.921
90.506,63.248,87.744,69.646
91.136,62.144,87.067,69.308
93.443,62.745,85.278,67.814
92.449,60.493,85.14,68.722
93.73,61.58,85.999,67.636
94.746,59.357,84.647,69.421
95.21,59.909,85.366,68.875
94.82,57.979,84.94,68.008
96.107,58.889,85.241,67.383
96.467,57.868,84.925,67.152
98.638,57.699,83.326,67.357
98.391,57.807,84.352,66.05
99.704,58.295,83.503,67.588
100.06,57.454,83.86,67.218
101.36,60.001,83.863,65.598
101.73,59.468,84.409,66.134
103.72,61.128,82.063,66.319
103.66,60.137,82.152,66.997
104.24,62.165,82.741,68.218
105.17,62.12,83.078,67.088
105.58,64.019,83.144,65.681
106.21,63.545,82.034,65.019
107.66,63.691,80.64,66.857
107.96,63.724,81.568,65.468
109.09,64.771,80.175,65.215
109.64,65.07,81.046,64.475
111.39,65.136,79.276,64.034
111.42,64.748,79.895,64.399
111.8,66.753,80.159,64.541
113.35,67.506,77.99,63.303
112.65,67.053,79.985,64.744
113.45,67.269,78.599,64.243
114.23,66.602,78.589,63.86
115.95,68.239,77.046,63.175
114.97,68.34,77.948,62.608
116.63,69.432,77.95,63.271
116.36,68.913,76.864,63.027
117.69,67.847,77.241,64.372
117.87,65.6,77.233,64.28
119.13,65.505,76.337,63.186
119.43,65.969,78.464,61.818
120.34,65.83,76.914,62.387
121.14,65.225,76.842,62.124
121.51,65.102,76.941,62.289
122.28,65.038,76.399,62.068
123.51,64.867,76.842,62.629
124.34,65.577,75.196,61.892
125.03,64.986,74.937,59.786
126.49,65.384,73.757,60.716
126.72,64.735,73.581,60.632
127.89,65.203,73.873,60.149
128.55,63.346,74.079,59.167
129.35,62.905,73.593,59.808
130.66,63.487,73.485,59.601
130.66,62.04,74.529,58.1
130.55,63.038,73.727,59.177
132.13,64.353,73.056,57.542
131.77,63.735,74.312,58.435
132.39,63.557,74.392,61.488
134.39,64.744,72.887,58.453
134.55,64.531,72.481,58.123
136.77,65.708,70.687,58.672
136.87,64.117,70.93,58.005
137.03,67.248,71.328,57.749
139.78,66.815,70.005,56.693
139.65,67.569,71.585,57.224
141.04,67.339,71.213,56.687
142.89,68.442,69.902,56.153
142.52,68.33,71.092,57.398
143.31,69.142,71.228,56.1
144.66,69.513,70.195,55.962
144.15,68.239,71.175,56.828
145.81,68.667,69.434,56.119
145.64,69.306,70.154,56.379
147.14,69.383,69.574,55.956
148.41,68.279,69.738,56.238
149.19,69.4,69.428,56.706
150.89,68.713,69.046,55.809
151.21,69.461,69.291,55.32
152.55,69.316,68.807,55.384
152.83,68.087,68.698,55.313
153.86,69.981,69.62,55.924
155.69,69.223,67.349,55.722
155.55,69.822,69.515,55.449
156.56,69.929,68.403,54.827
157.32,70.661,68.581,54.233
158.31,70.158,68.166,54.806
158.51,69.45,69.199,54.124
160.54,69.316,67.808,54.323
161.53,69.115,66.946,54.094
161.91,68.77,68.512,53.912
162.49,69.016,67.931,54.404
164.33,68.906,67.463,54.328
163.83,69.408,67.927,53.842
164.95,69.405,67.826,53.387
164.71,68.734,68.711,53.869
165.42,70.458,67.919,52.676
165.5,69.829,68.137,53.997
167.02,69.581,67.711,54.173
167.03,68.98,68.39,54.235
168.08,69.048,68.313,54.248
168.49,69.321,68.523,53.237
169.74,69.533,68.075,52.858
170.8,69.202,67.685,53.64
170.75,69.636,68.213,52.853
172.79,69.444,66.658,53.237
172.53,68.589,67.555,53.423
174.12,70.871,66.094,53.07
173.37,68.564,68.416,53.714
174.79,68.914,66.896,52.725
175.89,69.004,65.953,52.895
176.02,69.644,66.958,52.024
177.19,67.034,66.652,53.716
177.64,68.043,66.26,52.933
178.83,66.159,64.647,52.606
180.43,65.336,65.864,52.834
181.01,63.646,64.249,52.653
181.24,64.93,65.93,52.037
181.84,65.04,66.359,51.298
181.26,64.594,67.582,53.052
182.27,64.392,66.771,52.625
182.29,64.703,67.235,52.783
183.29,65.104,65.62,52.464
185.13,64.773,64.099,51.275
184.36,65.253,66.166,52.553
185.89,64.878,65.148,52.929
186.77,65.959,64.799,53.193
185.97,65.068,66.757,52.098
187.99,66.089,64.732,52.63
187.45,66.29,65.106,53.04
187.8,67.205,65.706,52.956
188.54,69.342,65.953,52.378
188.9,69.145,65.224,53.565
188.24,71.412,66.773,52.276
188.62,70.861,67.718,52.523
189.17,69.677,66.499,51.951
190.28,70.07,65.454,51.94
190.74,68.333,66.125,52.392
191.28,66.26,66.939,53.043
192.69,67.016,65.374,52.287
192.32,65.137,67.068,52.984
193.07,63.964,65.02,53.036
192.94,66.315,66.572,52.955
192.74,65.104,67.273,52.953
193.44,66.701,66.706,52.125
195.98,67.864,64.184,51.121
194.54,68.796,64.48,50.683
194.86,67.903,65.491,52.171
194.3,68.226,64.98,50.802
195.3,66.865,64.989,51.667
195.45,67.059,64.935,50.066
194.77,65.141,65.805,51.224
195.75,65.956,65.604,50.542
196.15,65.441,65.562,50.676
197.37,65.439,64.703,50.392
197.07,65.846,65.241,50.359
196.81,67.441,64.824,50.198
197.89,68.27,64.892,50.227
197.95,69.75,64.524,48.498
198.53,69.978,63.326,49.656
199.69,69.556,62.768,49.842
199.88,69.472,63.321,49.442
198.59,69.633,65.659,49.935
200.64,69.869,62.356,48.577
200.31,68.911,64.353,47.92
200.11,70.329,64.376,49.271
201.04,68.683,65.357,49.672
201.2,69.5,66.154,50.639
202.15,69.939,64.606,50.759
201.46,68.207,66.592,51.718
202.4,70.597,65.917,49.532
202.26,69.72,66.411,50.293
203.07,70.169,64.722,49.675
204.01,70.46,64.6,49.172
203.9,71.28,64.529,50.562
204.18,70.176,65.549,50.941
205.01,71.231,65.111,49.785
206.29,70.163,63.781,49.686
206.45,69.822,63.692,49.987
207.55,68.925,63.999,49.615
206.55,68.072,64.644,50.736
206.81,68.747,65.999,50.112
208.27,70.409,64.69,49.325
208.36,68.832,64.962,50.944
209.17,70.43,64.037,49.741
208.96,71.303,65.127,49.279
210.44,70.718,63.717,49.418
210.38,71.807,64.146,49.098
211.31,69.746,63.638,50.47
210.35,72.275,64.253,48.394
213.05,71.957,62.97,48.445
212.88,71.494,63.702,48.472
212.76,71.215,64.346,48.965
212.43,71.82,64.314,48.952
213.49,70.802,64.218,49.151
213.97,69.754,64.078,49.855
213.92,69.675,64.495,50.228
214.37,71.23,64.004,49.421
214.95,70.755,64.009,48.775
214.08,71.129,64.51,49.999
215.59,71.733,63.778,49.181
216.04,71.23,63.79,50.232
215.94,71.398,63.973,49.027
216.39,70.713,64.846,48.513
217.71,70.918,64.124,47.47
217.47,68.415,64.497,48.958
216.67,68.333,65.838,48.811
218.35,69.453,64.557,47.689
218.21,69.958,63.799,47.397
217.7,74.677,64.149,47.731
217.42,78.005,64.67,48.32
218,79.579,65.508,46.187
218.87,77.958,64.59,48.503
219.2,79.035,64.497,47.887
220.98,74.955,63.253,49.995
219.86,73.159,64.746,49.958
220.38,69.391,65.532,49.919
221.61,63.092,64.13,48.578
221.01,59.773,65.653,50.193
221.53,57.657,65.342,49.915
222.86,59.24,63.721,49.892
223.03,60.481,63.685,48.29
222.38,62.219,64.349,48.922
222.06,63.981,63.815,49.448
222.64,67.745,64.045,49.052
222.74,69.909,64.539,49.171
222.43,71.474,65.667,48.564
223.42,72.64,65.238,48.384
223.24,72.669,66.373,47.634
223.44,72.216,66.242,49.125
223.83,71.7,65.901,48.605
224.34,71.333,67.875,48.691
225.48,70.894,65.443,48.821
225.72,70.735,65.271,48.07
225.56,70.448,64.944,47.95
225.15,69.718,66.908,48.523
226.2,69.346,64.963,48.262
225.52,70.272,66.318,47.2
225.99,69.608,65.025,47.681
225.58,69.177,65.844,47.94
224.76,70.067,67.544,48.466
226.04,68.983,66.28,48.416
225.35,69.804,67.171,49.334
225.9,70.065,66.799,49.32
225.01,71.843,66.854,48.018
225.06,73.084,67.461,49.206
225.35,74.901,67.631,49.358
225.36,73.026,67.229,50.175
224.57,74.249,68.964,49.733
225.86,76.111,68.434,50.65
224.78,77.356,68.534,50.064
224.09,76.074,69.297,49.44
226.03,77.24,67.523,49.076
226.51,74.437,66.687,48.953
226.58,71.178,67.269,48.843
225.58,70.561,66.889,50.154
226.22,69.365,66.864,49.143
225.87,71.184,66.736,49.661
226.46,74.103,65.269,50.21
224.99,74.486,66.62,48.338
224.98,76.166,66.285,48.922
224.87,76.478,67.077,48.031
224.73,74.927,67.429,48.464
224.02,73.674,68.101,48.194
224.2,72.862,68.652,48.111
224.13,71.631,67.409,48.711
224.67,70.743,66.241,47.15
224.51,68.213,67.045,48.977
223.99,67.894,67.045,49.132
224.24,68.156,67.082,47.651
224.39,67.69,67.469,48.253
223.36,67.476,68.793,48.797
224.49,68.395,66.599,48.602
224.01,68.876,67.067,48.638
224.21,69.048,67.237,48.823
223.91,69.004,67.541,49.576
223.82,70.521,67.352,49.795
223.52,68.817,66.365,49.716
221.48,70.763,69.659,49.291
220.67,69.033,69.581,50.513
220.99,67.561,70.262,50.162
219.41,68.728,70.391,49.237
220.32,67.608,70.568,50.95
219.47,67.04,70.279,50.948
219.3,69.594,70.193,50
218.69,69.564,69.951,49.6
216.97,70.273,72.024,51.23
218.3,70.707,70.873,48.698
218.02,69.639,71.318,49.995
217.03,70.47,71.434,48.6
217.38,69.645,70.048,49.665
216.4,68.94,70.444,50.201
217.06,68.635,69.843,50.22
216.11,69.147,70.188,50.409
214.83,70.046,69.979,50.11
214.53,68.496,69.761,51.081
213.91,69.797,70.408,49.465
214.79,69.832,69.056,49.84
212.83,68.745,71.658,51.031
212.29,70.103,71.334,51.332
211.97,70.186,69.998,49.863
212.21,69.475,70.183,49.444
210.8,70.098,70.935,50.724
210.87,70.058,70.726,49.805
209.39,69.59,71.841,50.708
210.02,69.959,70.614,50.826
208.64,70.522,71.646,50.687
209.52,69.259,69.462,49.912
207.34,69.07,73.439,51.391
207.64,70.499,71.807,51.488
207.73,69.676,72.16,50.826
205.69,70.325,72.913,50.665
205.86,71.62,73.429,50.407
205.41,69.845,74.345,50.661
204.6,69.667,73.813,51.489
204.49,70.479,72.428,50.789
205.74,70.575,70.314,50.903
206.05,69.903,70.113,51.003
204.94,70.063,70.559,50.47
205.59,69.769,70.171,51.06
205.17,69.086,69.96,50.285
204.45,69.303,70.48,51.086
203.48,68.576,71.35,50.994
204.93,67.519,70.302,51.907
203.7,67.594,71.841,51.291
203.92,68.73,71.043,51.262
203.17,68.091,70.587,52.381
202.36,69.614,70.982,51.219
201.73,67.65,72.145,51.876
202.38,67.617,70.759,51.658
201.84,68.037,71.813,52.498
202.68,69.525,71.779,50.41
202.13,68.755,71.42,51.168
201.15,69.819,72.537,52.117
202.2,68.976,71.219,50.806
201.05,69.296,71.693,51.869
201.26,71.368,71.811,51.117
201.18,69.489,71.119,51.506
199.49,69.622,73.418,52.835
199.62,69.693,72.785,51.579
200.67,70.021,72.615,52.327
198.88,69.293,73.177,51.792
198.37,70.258,75.245,51.844
198.42,69.533,74.389,51.715
201.2,67.841,72.241,52.836
200.82,68.938,71.073,51.974
199.86,68.382,72.804,51.879
201.31,68.824,71.87,51.534
200.47,68.136,72.285,51.562
200.31,68.164,71.121,52.104
199.38,67.574,72.09,51.909
198.88,67.738,72.549,54.165
198.11,67.821,72.518,53.743
197.25,68.94,73.228,52.322
198.25,68.274,72.458,53.021
197.6,68.671,74.015,53.252
196.94,68.871,73.708,52.946
197.47,69.787,73.168,52.837
197.08,68.686,74.726,53.386
198.24,69.545,73.353,52.691
197.94,68.333,73.209,53.169
197.71,68.575,72.102,53.3
196.71,69.593,74.014,53.039
195.75,68.762,73.569,53.111
196.77,69.678,72.499,52.562
195.97,67.484,73.185,54.891
196.06,68.849,72.696,53.37
196.53,68.697,71.43,53.26
195.62,66.41,74.141,55.019
194.44,66.248,75.951,54.17
194.58,64.52,75.458,54.468
194.33,65.026,75.461,54.689
194.63,64.807,74.327,53.914
194.38,65.068,74.234,53.509
194.53,64.819,75.239,52.94
195.31,65.183,73.856,54.175
194.19,66.094,75.407,54.308
193.79,65.383,75.51,54.162
193.91,65.724,75.221,53.943
193.87,65.267,75.225,54.741
193.29,64.287,75.858,55.353
194.09,67,75.691,54.091
194.25,65.392,75.233,54.716
193.54,66.169,75.928,54.813
194.56,65.504,74.87,55.722
193.56,64.436,76.135,55.709
192.93,65.066,76.927,55.821
194.23,64.531,75.953,55.64
194.07,66.271,75.735,55.468
193.83,65.26,76.003,55.522
194.73,66.552,75.298,55.78
194.7,66.931,74.751,55.316
196.45,66.434,73.781,55.826
195.11,67.507,75.227,56.03
195.83,66.91,74.361,55.081
195.57,67.33,74.646,55.063
195.66,67.078,76.031,55.331
194.48,66.086,77.639,56.329
194.87,67.233,76.222,55.255
196.05,68.366,75.325,55.196
195.25,68.034,76.505,55.356
196.45,68.355,76.871,55.955
195.5,67.91,77.728,55.794
195.85,68.011,77.022,56.396
195.3,67.217,78.378,55.583
196.71,67.853,76.725,56.688
196.97,68.019,76.979,56.341
197.52,66.861,77.126,56.418
196.91,67.176,77.945,56.571
197.07,66.667,78.046,56.826
197.89,66.113,77.743,57.541
196.9,66.679,78.907,57.152
197.26,65.761,78.585,58.109
198.7,65.659,78.131,57.318
199.14,65.105,77.737,57.1
199.64,64.737,77.753,57.537
199.09,64.968,78.737,58.439
199.93,64.44,78.492,58.709
199.56,64.22,79.245,58.883
201.24,63.951,78.213,59.718
200.73,64.124,79.438,59.49
201.35,64.678,78.9,59.982
202.47,63.545,78.193,58.426
202.29,64.068,79.377,58.518
202.73,63.37,78.648,58.424
202.98,63.143,78.826,58.831
204.18,61.938,79.065,59.121
203.62,61.413,80.175,59.434
204.53,61.923,79.846,59.32
203.56,62.013,82.602,60.455
204.77,62.551,82.717,60.081
205.7,63.132,81.937,59.89
206.27,64.181,82.386,60.121
205.48,64.171,84.311,60.981
207.16,65.742,83.385,59.971
207.03,65.098,83.117,59.943
207.35,64.801,84.401,60.473
206.24,64.578,85.793,61.448
207.52,64.642,85.66,61.392
209.91,64.781,84.766,60.401
208.61,63.787,86.396,61.53
210.32,63.814,85.077,62.312
211.64,62.589,84.102,61.637
210.81,63.34,86.821,61.173
211.92,63.832,86.038,62.603
211.61,64.923,87.283,62.245
213.2,65.665,85.784,60.982
215.08,66.021,84.87,63.202
215.26,66.601,86.805,62.542
216.6,67.346,86.551,62.528
216.76,66.635,87.541,63.491
218.3,66.87,85.817,62.15
218.67,65.887,86.444,61.563
219.02,64.857,87.539,62.115
219,65.637,88.688,63.532
219.99,64.857,87.856,63.341
221.07,64.135,89.33,64.544
221.45,64.475,88.828,64.461
222.53,64.175,88.925,64.747
223.26,64.505,89.693,65.88
222.99,65.374,90.974,64.923
224.59,64.954,90.64,65.643
224.94,63.915,91.526,65.476
225.15,64.074,92.181,67.213
226.14,63.332,92.78,66.406
227.77,62.812,91.744,67.853
230.07,61.779,90.298,67.31
228.24,61.25,92.429,68.725
230.74,60.905,90.729,67.005
232.17,61.632,90.163,68.195
233.5,62.068,90.961,67.491
231.85,61.085,93.614,68.549
233.5,60.736,93.084,67.814
233.18,59.008,94.175,69.445
235.94,59.532,92.352,68.545
236.76,59.685,92.948,67.029
236.89,60.984,94.675,67.575
235.99,60.229,95.208,68.333
237.86,60.965,95.665,69.752
238.43,62.748,96.271,69.204
238.9,60.019,95.789,70.343
238.69,60.371,96.569,70.123
240.38,62.435,96.231,68.801
240.53,62.032,98.045,69.962
240.96,62.995,97.693,69.866
242.28,62.324,97.775,69.579
242.65,62.79,97.865,70.396
243.53,65.123,98.309,69.496
244.03,64.325,97.964,69.828
244.13,64.206,98.316,70.616
245.2,64.419,98.868,71.401
246.93,62.789,98.714,71.063
245.75,64.914,100.33,72.435
247.09,63.93,99.777,71.629
248.38,64.991,100.32,70.45
249.52,64.572,99.35,72.44
248.48,63.848,101.01,73.399
249.87,63.358,99.988,73.629
250.18,63.098,100.79,72.716
250.86,63.295,102.29,72.715
250.93,60.961,103.33,74.198
251.29,61.002,104.23,73.366
255.59,62.53,100.43,71.899
255.61,62.902,101.59,71.835
256.94,62.112,101.39,71.483
258.46,62.893,101.46,71.326
257.83,62.292,101.8,71.303
259.82,61.977,101.95,71.604
259.41,62.097,102.34,71.781
259.17,60.974,102.55,72.162
261.27,61.191,101.7,72.692
260.95,60.46,102.26,72.316
260.89,60.198,102.1,72.407
261.95,62.138,101.01,72.579
261.11,62.793,101.76,71.826
261.67,62.416,101.04,72.314
261.9,63.624,101.08,72.514
261.56,62.833,101.22,73.434
262.56,63.867,100.49,72.592
262.46,62.443,100.25,73.257
