82.962,199.96,34.962,130.96
82.908,199.37,36.294,129.47
85.085,197.68,37.137,129.25
87.287,198.39,38.153,129.12
92.811,200.08,38.32,129.69
98.462,200.28,38.447,130.38
102.82,200.38,36.828,131.75
107.5,199.61,35.321,132.49
110.55,199.92,35.328,132.22
112.95,199.44,35.228,133.11
114.72,200.2,37.764,134.3
117.2,199.2,40.967,133.74
119.43,199,41.098,134.14
120.76,200,44.261,132.75
123.69,201.38,45.691,132.27
125.6,200.95,46.047,132.7
128.59,201.8,46.811,132.38
134.42,200.92,44.774,133.78
139.23,199.24,41.843,134.33
144.9,198.15,39.01,135.47
149.09,198.32,36.159,135.43
152.97,197.89,34.337,137.01
155.72,196.88,33.263,137.11
159.32,198.35,36.235,135.96
163.49,197.13,35.899,135.66
164.36,196.5,37.787,135.14
165.18,196.96,43.499,134.24
167.72,197.57,47.463,134.15
173.5,195.68,41.447,135.6
177.58,194.93,40.764,136.11
182.31,194.56,37.15,135.54
185.53,193.41,35.885,137.14
189.21,192.43,35.734,137.56
190.93,191.03,37.739,137.29
192.87,192.4,41.285,138.29
195.96,191.6,46.899,138.14
198.5,191.15,45.117,138.54
201.21,191.81,47.335,138.87
203.52,189.88,50.026,140.01
209.23,188.56,48.598,140.88
215.78,188,47.057,142.3
224.21,188.02,41.411,141.57
228.87,186.51,39.795,142.9
230.84,186.06,39.603,143.33
232.13,187.25,42.84,141.95
236.91,186.39,44.045,141.13
238.58,186.88,48.016,139.08
243.27,187.97,46.123,138.97
244,187.91,52.656,139.53
253.61,186.42,48.146,142.91
263,186.08,40.19,142.17
267.71,187.33,38.561,142.23
271.92,187.74,37.895,143.4
278.33,186.42,38.207,145.35
282.87,187.04,40.131,144.41
286.24,187.45,47.893,145.44
287.58,187.49,46.21,143.18
288.01,189.04,53.601,142.62
290.92,188.41,58.113,142.79
292.92,188.47,61.094,142.72
299.73,188.33,55.816,143.35
308.3,187.32,48.407,145
315.31,186.3,41.603,145.8
324.22,186.16,37.618,146.73
328.13,185.71,37.773,147.62
332.37,187.65,42.377,147.19
334.66,187.07,50.61,148.12
336.52,189.73,53.267,143.51
338.49,190.26,57.108,145.96
339.21,190.11,58.717,146.64
340.95,190.69,57.588,148.24
351.26,191.62,48.176,146.65
363.21,191.83,39.55,147.77
366.95,191.04,39.079,148.71
371.25,190.16,38.911,149.2
374.02,191.13,42.738,147.9
372.36,192.09,55.27,148.87
375.1,193.66,60.604,147.7
372.67,193.3,60.842,147.45
373.66,191.57,60.186,150.57
375.33,191.48,56.465,148.63
385.88,196.95,51.335,145.37
391.08,189.34,44.988,146.26
391.42,187.44,42.045,154.49
395.27,188.69,38.033,152.96
392.8,188.56,41.533,151.72
389.37,188.78,42.135,153.26
385.8,191.22,50.158,149.82
378.8,191.51,55.048,150.17
377.99,190.21,56.06,151.39
373.79,191.67,52.412,150.3
367.23,191.99,54.486,151.94
372.42,191.34,43.715,151.72
371.23,192.12,40.17,151.27
368.63,193.86,38.526,150.99
365.91,194.84,39.395,150.4
361.63,196.44,44.532,150.15
359.12,196.86,46.141,149.22
356.51,198.07,50.71,148.66
355.14,198.97,55.879,147.33
362.22,198.67,47.529,147.29
359.86,197.91,48.351,147.98
365.89,197.65,40.407,148.45
367.38,197.81,38.796,148.21
367.96,198.78,38.328,147.49
368.41,198.25,38.41,148.95
366.91,199.68,42.167,148.17
364.11,202.56,51.609,146.96
361.5,204.43,55.62,145.14
358.17,206.18,59.132,144.72
354.28,206.73,61.663,144.23
352.69,206.09,61.654,145.15
354.5,205.55,57.033,145.39
356.21,205.43,53.253,144.72
363.07,204.61,45.885,144.14
366.77,203.69,41.18,144.72
371.39,204.15,38.365,144.6
372.61,204.35,35.855,145.34
374.54,204.99,38.601,144.09
372.59,206.57,43.85,143.92
373.75,207.18,44.484,144.41
372.67,208.94,50.433,143.48
372.47,208.63,52.119,143.52
374.88,208.83,51.477,143.29
377.06,209.15,51.342,143.97
381.43,208.75,50.418,142.86
387.6,208.06,50.682,142.71
396.33,207.19,49.328,142.1
405.5,207.11,47.722,143.09
416.44,207.15,45.149,143.03
428.93,208.49,44.263,142.08
437.34,206.54,45.415,142.95
447.2,207.68,44.431,142.31
456.21,205.98,44.231,142.9
463.01,206.39,43.826,142.69
468.62,204.87,43.224,142.26
472.74,204.76,41.8,142.23
476.36,205.6,40.326,142.03
479.39,204.77,40.704,142.29
481.81,204.96,39.573,142.18
485.04,206.61,39.174,142.12
487.78,208.04,39.263,142.24
492.29,207.98,38.238,142.65
496.55,207.55,38.476,143.41
501.79,207.92,38.385,143
506.54,207.92,36.467,143.28
509.36,208.76,39.582,142.31
511.24,208.92,42.287,141.54
516.19,208.88,41.529,140.79
518.24,208.92,43.862,140.87
520.03,209.05,42.622,140.02
520.22,208.16,41.084,141.19
518.89,207.34,37.355,142.59
514.51,207.12,36.225,143.54
508.21,205.76,34.708,143.69
498.29,204.66,35.354,144.64
486.87,204.47,37.057,143.35
473.03,204.64,44.234,142.25
458.27,204.25,52.637,142.46
447.74,205.74,59.925,140.74
444.58,205.89,59.145,140.57
443.48,205.13,62.016,141.21
443.85,204.18,57.386,141.71
446.95,202.43,49.06,142.09
450.11,202.27,41.008,142.49
451.69,201.91,35.898,142.66
451.4,201.17,35.721,143.36
449.85,200.6,37.223,143.99
442.18,199.66,45.086,143.75
446.41,199.44,42.101,141.8
440.11,199.8,49.808,141.51
433.14,200.56,52.455,141.59
436.74,197.08,49.167,144.47
437.72,195.24,44.804,147.17
438.04,193.23,39.532,147.25
436.67,192.28,38.502,149.04
434.21,192.5,39.914,149.59
425.34,192.85,46.117,148.91
420.32,192.39,50.275,148.05
418.85,193.45,52.278,149.15
421.47,194.97,48.988,146.74
419.08,195.19,49.873,145.84
416.58,193.18,44.265,146.72
413.7,192.84,42.687,146.3
413.72,192.65,38.443,150.46
412.61,193.53,35.024,149.71
406.64,199.89,37.582,146.81
401.56,192.73,40.067,150.42
388.94,192.1,47.824,149.3
384.4,191.63,53.929,146.42
382.36,192.65,52.935,146.14
384.27,192.47,57.845,148.35
384.53,189.44,53.608,149.3
385.35,188.93,48.848,149.17
385.93,188.38,40.113,149.18
385.08,187.96,34.214,150.42
380.6,189.07,37.045,149.41
368.41,191.02,47.386,148.2
361.86,191.94,56.715,148.92
360.79,192.27,58.084,147.27
360.11,191.99,59.137,146.27
364.02,192.17,55.846,146.29
366.67,191.58,51.23,148.09
367.46,189.8,44.556,146.64
367.02,190.05,37.412,146.65
364.68,190.33,36.161,149.27
361.58,190.73,39.666,147.26
351.2,193.17,52.561,145.84
347.7,193.3,58.294,146.41
348.28,195.82,61.789,144.14
351.38,196.27,61.139,143.71
355.01,196.68,55.661,142.76
359.03,194.97,48.276,143.76
359.08,195.08,39.14,142.68
358.95,192.56,35.062,143.8
357.81,192.15,35.189,144.12
354.31,191.91,37.885,142.71
343.87,192.6,46.69,140.76
343.98,193.72,47.172,138.63
340.11,192.07,48.744,138.82
335.67,191.84,47.735,138.71
339.1,191.2,41.203,140.26
339.08,190.19,40.818,140.34
340.72,189.5,36.656,139.35
338.87,188.9,36.74,140.45
332.33,189.16,44.127,139.59
324.59,189.66,50.989,139.43
325.82,190.12,48.656,139.38
322.98,190.73,52.956,138.05
323.51,191.78,52.363,136.89
324.89,192.59,41.33,137.18
325.63,191.73,37.795,138.04
327.48,191.91,33.86,136.84
325.22,190.43,32.978,137.64
323.24,190.17,33.543,138.68
319.73,189.73,35.13,137.64
318.7,190.38,37.27,137.94
315.04,189.73,40.025,136.77
308.82,188.48,45.83,136.09
308.53,187.66,42.692,134.88
310.2,186.18,38.99,135.34
311.39,183.95,32.99,136.57
309.75,181.97,31.917,134.68
308.23,179.42,31.97,135.99
304.21,178.94,32.95,135.92
297.67,179.47,38.135,135.03
289.91,179.84,43.093,134.41
282.26,180.18,50.114,134.44
276.84,182.55,52.452,133.02
273.94,183.86,50.279,132.58
272.74,185.63,45.933,132.15
271.99,183.66,38.342,133.1
