138.01,111.01,50.009,35.009
138.4,112.08,48.742,35.817
138.68,114.46,48.634,35.627
138.75,115.79,49.131,35.511
138.46,117.04,49.295,35.162
138.52,117.83,49.123,35.226
138.17,118.01,49.031,35.314
137.73,118.51,49.614,35.292
137.43,118.96,49.137,34.977
137.54,119.13,49.474,35.231
137.83,118.51,49.689,35.011
137.56,118.66,49.437,35.277
136.29,118.7,48.899,34.61
135.97,118.39,49.199,34.683
135.48,118.42,48.862,34.897
135.48,117.66,49.21,34.773
135.26,117.26,49.12,35.087
135.31,117.02,49.504,34.522
135.62,116.55,49.146,34.664
135.2,115.85,49.067,34.539
135.06,115.08,49.218,34.529
135.27,114.14,49.291,35.025
135.29,114.23,49.228,34.778
135.71,112.96,49.173,34.822
136.03,112.47,48.787,35.199
136.4,111.84,48.842,35.116
136.35,111.82,48.825,34.843
136.49,111.48,48.862,34.535
137.38,110.79,48.893,34.549
137.44,110.11,49.186,34.604
138.19,109.15,48.972,34.789
139.35,108.62,48.887,35.201
140.13,108.16,49.105,34.782
140.34,108.39,49.217,34.822
140.46,108.51,49.324,34.591
140.79,107.78,49.478,35.237
142.63,107.65,49.198,35.299
145.42,107.2,48.41,35.484
147.22,106.13,48.607,35.26
148.91,105.23,48.785,35.347
150.71,105.66,49.516,35.527
153.99,105.03,49.45,35.45
156.42,105.63,50.081,35.558
158.72,106.9,50.347,35.186
161.84,107.43,50.155,35.688
164.01,108.53,50.55,36.154
165.4,109.67,51.217,36.253
166.98,109.46,51.281,36.937
168.6,109.1,51.366,36.83
169.7,107.95,52.118,37.092
172,106.22,52.151,36.537
175.06,104.26,52.107,37.403
177.22,102.79,52.211,37.016
178.19,101.72,52.668,37.049
179.51,99.982,53.233,37.518
179.97,98.66,53.399,38.011
180.28,97.636,53.377,37.739
180.9,96.705,53.886,37.723
182.55,96.629,53.54,37.982
182.63,96.562,54.527,37.86
183.05,97.339,54.715,37.68
183.82,97.35,54.966,38.183
184.23,97.952,55.047,38.257
184.98,98.841,54.966,38.235
185.38,98.789,55.006,38.537
185.51,99.269,54.684,38.368
184.69,100.33,54.746,37.705
184.87,100.21,54.837,38.022
185,99.927,54.766,38.198
185.42,99.775,54.466,38.119
184.96,100.45,54.434,37.826
184.86,100.65,54.825,38.142
184.74,99.784,54.556,38.598
183.81,100.5,54.87,37.804
183.22,100.06,54.344,38.283
182.24,99.927,54.449,38.327
181.65,100.34,54.416,38.067
181.28,99.934,54.285,38.354
180.38,99.952,54.115,38.139
179.94,99.354,53.99,38.508
178.27,100.09,53.878,38.129
177.77,99.226,53.703,38.909
177.14,98.493,53.398,38.797
175.84,98.021,52.964,39.387
174.82,97.842,53.232,39.227
173.36,98.389,53.289,39.096
172.29,98.108,53.376,39.527
171.46,97.218,53.246,39.293
170.09,96.567,53.69,38.689
168.94,97.227,54.331,37.681
168.04,97.624,54.183,37.482
166.58,98.077,54.679,37.599
166.3,98.542,54.848,37.708
165.81,98.577,55.226,37.822
165.06,99.127,55.27,37.964
165.19,100.06,54.792,37.906
165.62,100.15,54.22,38.669
167.01,101.44,53.341,39.538
166.37,101.1,53.164,40.289
167.28,101.3,53.117,40.952
166.46,101.19,52.902,41.37
166.58,101.17,52.746,40.617
165.3,100.51,53.534,40.226
164.61,99.578,53.595,39.961
163.46,98.788,54.291,39.591
162.42,99.595,54.549,39.102
161.38,100.33,55.622,38.988
160.15,100.42,55.282,38.918
159.52,99.942,55.819,38.964
159.69,100.75,55.651,38.979
159.5,100.53,55.381,38.888
160.64,100.69,54.818,39.542
160.63,102.16,53.859,39.437
160.28,101.75,53.909,40.019
159.7,101.58,54.118,39.881
159.69,100.73,54.19,39.728
159.31,99.745,54.262,39.537
159.75,99.045,54.167,39.21
159.79,99.388,54.194,38.864
159.02,98.541,54.17,38.494
159.2,97.772,54.74,39.215
159.42,97.309,54.978,38.808
159.25,95.839,54.729,38.953
159.36,94.58,54.489,38.398
158.58,93.809,54.877,39.092
158.66,92.24,54.895,38.277
158.9,91.547,54.856,37.516
158.56,90.323,54.677,38.099
158.6,89.164,54.93,37.738
158.44,88.302,54.927,38.2
158.79,87.473,55.026,37.445
159.23,86.091,55.067,37.934
159.51,86.282,54.526,37.258
159.63,85.536,55.102,37.25
160.07,85.672,54.772,36.239
160.09,84.68,54.669,36.804
160.9,84.173,54.32,36.938
161.36,83.84,54.281,36.571
161.19,83.802,54.666,35.95
161.4,82.676,54.277,36.381
162.08,82.589,54.376,36.023
162.14,82.378,54.149,35.962
162.1,82.027,54.321,35.404
162.01,81.076,54.909,36.388
162.28,81.169,54.585,35.289
162.67,80.238,54.212,35.997
162.53,80.521,53.952,35.489
162.05,80.652,54.615,35.401
161.73,80.347,54.451,36.174
161.88,80.307,54.233,35.829
161.82,79.906,53.571,35.82
162,79.643,53.833,35.01
161.88,78.737,53.627,36.102
161.67,78.664,53.688,35.93
161.57,79.364,53.829,34.825
161.78,78.295,54.158,34.904
161.86,78.644,54.29,34.724
162.77,78.608,54.07,34.188
162.77,78.671,54.107,33.766
163.31,79.072,53.888,33.993
163.12,78.817,53.949,33.98
163.48,77.948,54.023,34.778
163.41,78.088,53.803,34.836
163.23,78.406,53.803,34.536
164.03,77.631,54.299,35.019
163.97,77.469,53.57,34.93
163.88,77.341,54.129,35.219
163.87,78.34,54.067,34.792
163.87,77.842,54.129,34.319
163.61,77.408,54.129,35.219
163.65,77.575,54.129,34.919
163.68,79.413,54.176,35.234
163.38,79.685,55.051,36.652
162.52,79.272,55.329,35.808
162.99,79.772,54.869,35.579
163.34,79.2,54.798,35.913
162.46,82.547,55.025,35.74
162.48,82.109,55.43,35.89
161.93,82.559,55.424,36.531
162.28,84.018,55.598,35.455
162.08,83.897,55.925,35.983
162.18,84.35,55.458,36.156
162.66,85.087,55.84,36.675
162.9,85.858,55.893,36.491
162.36,86.495,56.141,37.049
162.78,87.151,56.439,37.325
163.02,87.073,55.744,38.967
163.02,88.291,56.577,38.963
163.52,88.867,56.251,39.624
163.52,89.698,56.571,40.321
162.74,90.777,57.464,40.737
163.42,92.193,56.859,41.206
163.71,92.721,57.135,41.282
163.38,93.584,57.707,41.528
163.56,94.546,57.679,41.699
164.34,95.448,57.249,41.783
164.47,95.98,57.529,42.139
163.72,96.298,58.056,41.928
163.85,97.671,57.738,41.395
163.81,98.224,58.136,42.052
164.27,98.707,57.857,41.646
163.71,99.903,58.444,42.173
164.32,100.33,57.887,42.753
165.18,101.11,57.114,42.489
164.55,102.55,57.828,42.607
164.8,103.78,58.262,43.642
164.96,104.55,58.017,42.875
164.6,105.39,59.034,43.456
164.87,105.75,58.004,42.874
165.37,106.73,58.327,43.272
164.21,108.16,58.948,43.304
165.04,108.5,58.352,43.266
165.01,109.13,58.676,43.496
164.85,111.39,58.595,43.965
164.78,112.16,58.494,43.973
164.55,112.89,58.643,44.659
164.19,114.57,58.162,43.436
164.43,115.55,58.935,44.735
164.31,116.06,58.359,45.743
164.39,117.83,59.316,45.823
164.78,118.45,58.124,46.647
164.58,120.83,58.501,45.529
163.47,122.78,59.565,45.247
164.22,123.74,59.169,44.384
163.92,123.82,59.413,44.675
163.03,124.71,59.892,44.14
163.81,124.48,58.978,45.196
162.76,126.11,59.707,44.368
163.38,126.99,59.461,43.926
163.36,127.53,59.602,43.697
163.1,127.67,59.527,44.222
162.3,128.26,59.878,44.149
163.22,128.5,59.542,43.811
163.22,128.63,59.424,43.797
164.18,128.92,58.721,44.169
163.73,128.89,59.252,44.332
163.69,129.08,58.84,44.161
163.21,128.51,59.548,43.591
164.45,128.11,58.207,44.27
163.38,126.48,58.983,44.975
163.84,125.53,58.77,45.054
164.32,124.31,57.382,44.389
164.53,120.79,57.34,46.809
164.38,118.44,56.646,47.504
163.79,117.22,57.007,46.622
164.32,115.74,57.284,45.805
164.36,113.78,56.277,45.824
164.51,112.44,56.425,45.253
164.71,111.28,56.118,44.52
164.47,110.14,56.346,44.629
164.99,108.6,56.221,44.32
164.96,107.75,55.945,44.149
166.12,107.06,55.789,44.243
165.77,106.53,55.998,45.241
165.98,105.98,55.8,44.786
165.45,105.7,56.11,44.726
165.03,105.12,56.347,43.776
164.63,104.22,55.89,43.614
164.37,104.09,55.841,43.527
164.04,103.31,55.477,43.238
163.26,102.9,55.723,43.838
163.67,102.08,53.946,44.191
163.51,101.08,54.425,44.314
164.04,100.07,53.151,45.03
165.23,98.413,52.287,45.482
166.06,97.478,52.52,45.405
167.61,96.197,51.981,45.737
167.91,95.28,52.015,47.365
168.56,93.844,51.894,47.876
168.7,93.661,51.996,46.371
169.36,93.029,52.603,48.744
170.38,92.236,51.613,51.086
170.85,90.922,50.459,44.352
171.6,91.512,50.195,46.053
171.78,91.005,50.15,45.178
172.61,90.605,49.747,45.743
173.65,91.048,49.707,46.256
173.98,90.705,49.189,44.337
174.15,89.864,49.329,47.847
174.96,90.23,49.667,44.144
175.43,90.164,50.409,45.037
175.58,90.366,51.193,48.168
175.93,90.852,50.658,44.821
176.61,90.25,51.219,49.346
176.51,90.582,49.266,46.376
176.24,90.479,49.999,46.653
176.51,89.858,49.639,46.083
176.71,90.6,51.187,51.295
175.72,90.718,51.108,45.583
175.84,90.56,51.447,49.946
176.5,90.099,51.2,49.339
176.16,90.173,50.554,45.316
175.92,90.213,51.696,47.426
176.47,90.384,50.575,44.966
175.78,90.96,50.196,48.552
175.34,90.125,51.368,49.906
175.53,91.004,50.248,44.253
174.81,91.018,50.774,46.436
174.75,91.889,50.317,46.428
174.36,91.736,50.972,44.558
174.45,92.379,50.168,45.684
174.25,92.144,51.566,47.192
173.84,92.047,51.22,49.027
174.69,92.097,50.821,45.708
174.02,91.741,52.249,44.536
173.55,91.351,51.836,46.603
174.09,91.163,51.723,44.455
173.47,90.825,52.078,45.006
172.84,91.141,52.509,44.433
173.23,90.626,51.838,44.359
173.25,89.962,52.434,44.189
173.81,89.966,52.209,44.246
173.41,90.088,52.234,44.342
173.38,90.001,51.896,44.303
172.82,89.98,52.874,44.134
172.96,89.629,52.416,44.379
172.55,90.349,52.786,43.767
173.04,89.959,52.438,44.032
172.79,89.949,52.338,44.019
172.36,89.877,53.164,44.613
173.02,89.518,53.537,43.744
172.92,89.748,53.951,43.484
173.47,89.498,53.979,43.127
172.97,89.849,54.676,42.862
173.78,89.308,54.777,43.22
174.35,89.414,54.631,43.064
174.69,88.448,54.999,43.131
174.44,88.774,55.642,43.218
174.97,88.447,55.625,43.48
175.02,89.331,55.711,42.981
174.32,88.987,56.108,42.648
174.99,88.628,56.289,43.022
175.24,89.738,56.357,42.594
175.05,89.121,56.835,43.048
175.58,89.911,56.672,42.27
175.59,90.067,56.864,42.546
175.77,90.715,57.23,42.495
176.25,90.083,57.173,42.537
176.04,90.796,57.182,42.338
175.92,90.613,57.577,42.602
176.1,90.054,57.73,42.43
176,90.606,57.601,42.055
176,89.646,57.795,42.596
175.72,91.194,58.021,41.224
174.79,90.109,58.541,42.143
174.56,90.918,58.465,41.574
174.89,92.343,58.434,39.592
174.26,91.719,58.823,39.963
174.24,92.456,58.451,40.279
173.59,92.981,58.742,39.961
173.76,92.522,58.976,40.408
173.99,92.446,58.908,40.69
173.81,92.742,59.15,41.534
173.71,92.994,59.015,41.337
173.78,92.945,59.055,41.252
173.87,92.705,59.16,41.318
174.14,93.538,58.989,41.213
174.05,93.167,59.213,41.362
174.94,93.642,59.241,41.168
175.34,93.287,59.374,41.413
175.6,93.392,59.219,41.35
175.92,92.737,59.232,41.54
176.16,92.293,59.261,41.761
176.08,92.263,59.3,41.799
176.62,92.456,59.284,41.485
177.46,93.007,59.178,41.277
177.77,92.753,59.27,41.675
177.89,92.539,59.402,41.711
178.61,92.033,59.48,41.947
178.31,92.09,59.421,42.228
178.42,91.885,59.672,42.096
179.22,91.429,59.663,42.259
179.49,91.234,59.842,42.267
179.35,91.801,59.671,41.98
179.49,91.449,60.179,42.331
179.66,91.199,60.209,42.12
179.98,91.68,60.714,42.356
180.37,91.616,60.661,42.043
180.53,92.062,60.665,41.622
180.65,91.815,60.538,41.919
181.05,92.237,60.703,42.171
181.37,92.615,60.835,41.766
181.53,92.412,60.76,41.881
181.92,92.577,60.656,41.595
181.82,93.177,61.042,41.534
181.73,91.961,61.029,42.43
181.81,92.523,61.052,41.77
182.68,93.172,61.061,41.84
182.78,93.229,61,41.97
182.57,93.412,61.423,41.994
183,93.274,61.333,42.059
182.82,93.374,61.584,41.779
182.74,93.414,61.602,41.796
182.61,93.657,61.809,41.686
182.72,93.51,61.765,41.933
183.55,94.056,61.535,42.024
183.83,93.627,61.72,42.311
183.85,94.24,61.766,41.495
183.99,94.079,61.521,41.775
184.04,94.491,61.603,41.443
184.38,93.977,61.766,42.101
184.14,94.089,61.628,41.629
184.27,94.322,61.734,41.702
184.52,93.938,61.8,41.937
184.54,94.03,61.783,41.954
184.57,94.055,61.744,42.049
184.54,94.137,61.853,42.052
184.28,94.611,61.879,41.944
184.2,93.88,61.803,42.008
184.13,94.093,61.718,41.777
184.38,94.584,61.806,41.913
184.28,93.665,61.756,42.225
184.69,94.184,61.78,41.98
184.78,94.047,61.818,42.25
184.55,94.161,61.745,41.621
184.38,94.489,61.748,41.91
184.38,94.596,61.897,42.038
184.07,94.681,61.86,41.695
184.54,94.042,61.825,42.356
184.38,94.042,61.843,41.84
184.59,93.924,62.044,42.188
184.64,94.392,62.034,41.718
185.2,94.156,61.836,42.005
184.88,93.451,62.04,42.383
184.62,94.194,62.186,41.679
184.57,93.064,62.044,42.647
184.83,94.249,62.025,41.933
185.26,93.209,61.965,42.504
185.26,93.868,61.986,41.951
185.06,93.866,61.988,41.821
185.26,94.188,62.091,42.07
185.36,93.385,62.013,42.335
185.48,94.662,61.893,41.553
186.7,94.159,62.024,42.32
186.6,94.546,62.17,42.004
187.6,94.53,62.182,42.407
187.53,94.85,62.049,42.255
186.74,94.502,62.058,42.224
186.19,94.686,62.119,42.013
186.45,93.662,61.873,42.582
185.48,94.321,61.715,41.664
184.35,93.326,61.183,42.796
183.86,92.306,61.425,43.06
183.1,93.161,60.949,42.39
182.89,92.959,61.032,42.747
181.69,92.455,60.408,43.032
181.27,92.687,60.568,42.775
181.36,92.866,60.433,42.763
180.78,93.155,60.278,42.729
180.66,92.798,59.972,43.152
179.91,93.151,59.793,42.77
179.34,93.878,59.769,42.644
179.45,92.944,59.98,43.282
178.62,93.849,59.568,42.727
178.12,93.281,59.746,42.749
177.88,93.812,59.665,42.971
177.31,93.869,59.734,42.768
177.38,93.804,59.687,42.674
177.58,93.202,59.729,42.929
177.54,93.172,59.645,42.828
177.3,93.92,59.665,42.981
176.69,93.425,59.482,42.821
176.72,93.9,59.396,42.896
176.67,93.498,59.492,42.953
176.9,93.66,59.715,42.807
176.83,94.02,59.456,42.814
176.87,93.837,59.696,42.908
176.88,94.194,59.763,42.915
177.24,93.976,59.767,42.847
178.28,94.011,59.391,42.721
178.33,93.883,59.476,42.896
178.53,94.561,59.487,42.817
179.01,95.094,59.451,42.739
179.88,94.939,59.703,42.604
180.64,94.874,59.745,42.644
181.42,94.929,59.89,42.648
181.48,95.46,59.682,42.571
181.69,94.729,60.095,42.723
182.69,95.732,59.99,42.737
182.81,95.787,60.297,42.457
183.85,95.306,60.334,42.773
184,95.512,60.722,42.872
185.62,96.15,60.477,42.711
185.75,95.735,60.827,43.014
186.89,95.763,60.626,43.139
187.62,95.843,60.673,43.002
188.79,95.735,60.716,43.171
189.64,94.788,61.48,43.801
189.37,95.333,62.155,43.293
190.85,95.235,61.555,43.258
191.61,95.463,61.703,43.143
192.38,94.511,61.881,43.763
194.55,94.482,61.358,43.763
195.78,93.893,61.643,44.303
195.88,93.837,61.946,43.789
196.37,93.56,61.775,43.647
196.55,93.506,62.044,43.809
197.63,94.331,61.906,43.428
197.61,93.869,61.852,43.398
197.21,94.185,62.246,43.559
197.3,94.24,62.01,43.666
196.7,94.429,62.275,43.668
195.56,94.705,62.122,43.397
195.13,94.311,61.7,44.025
194.13,94.878,61.495,43.639
192.49,94.165,60.989,43.825
191.34,94.862,61.356,43.782
190.37,94.742,60.853,43.702
188.23,94.682,60.844,43.417
187.65,94.61,61.086,43.062
185.88,93.913,60.46,43.039
185.11,94.032,60.624,42.821
183.86,93.853,60.568,42.786
183.38,93.667,60.43,42.967
182.31,93.435,60.204,42.677
182.23,92.826,60.125,42.542
181.15,93.121,59.794,42.552
181.07,92.658,59.867,42.754
181.17,92.978,60.021,42.257
181.14,92.233,59.701,42.727
181.14,93.279,59.884,42.432
180.83,93.129,59.81,42.455
180.77,92.973,60.094,42.509
180.54,93.459,59.844,42.199
180.11,92.775,60.048,42.716
179.66,92.472,58.523,42.373
179.38,91.808,58.916,42.534
178.81,90.767,59.123,42.921
178.21,88.836,58.242,43.632
177.82,86.9,58.216,44.458
177.4,86.89,58.53,42.889
177.24,83.999,58.228,44.78
176.83,81.746,58.587,46.099
177.26,83.233,58.419,44.075
177,81.268,58.307,45.655
176.63,82.96,59.015,43.715
176.65,78.499,58.993,48.024
176.28,81.274,59.689,44.779
175.78,82.773,59.532,43.287
176.3,82.172,59.644,43.221
175.99,77.053,59.591,48.066
176.54,80.538,59.51,43.403
176.13,78.271,60.045,45.977
176.43,80.712,59.932,43.056
176.03,80.309,60.03,42.797
175.68,80.313,60.388,42.448
176.23,80.159,60.352,41.802
176.44,79.532,60.599,42.551
176.35,80.099,60.269,42.3
176.52,79.766,60.65,42.473
176.4,79.278,60.55,43.046
176.64,81.147,60.359,42.515
176.5,80.637,60.886,44.313
176.64,83.283,60.183,43.242
176.67,83.066,60.408,44.05
176.52,84.231,60.242,44.27
176.46,85.131,60.797,44.309
175.95,87.119,60.445,44.074
174.93,89.361,61.553,43.887
175.06,90.675,61.4,43.607
174.41,92.38,61.538,43.834
174.83,93.256,61.388,43.516
174.25,95.563,61.59,43.868
173.75,95.956,61.379,44.152
173.48,98.302,61.567,44.111
173.43,99.552,61.665,44.143
173.21,99.931,61.762,44.672
172.9,102.09,61.552,44.486
172.62,103.54,61.586,44.218
172.42,104.88,61.375,44.696
171.26,107.19,61.521,44.423
170.46,109.68,61.106,44.748
170.41,111.42,61.154,45.593
170.18,113.59,61.096,45.547
168.91,116.55,61.332,46.142
168.89,117.76,61.069,45.445
168,118.82,60.945,46.593
167.69,120.27,60.936,47.538
166.72,121.16,61.13,47.099
165.31,122.06,61.438,47.257
165.05,121.89,60.896,47.363
163.79,122.65,60.596,46.842
163.28,122.42,60.424,46.915
163.15,121.74,60.212,46.839
161.89,121.78,60.327,46.413
161.42,120.54,60.242,45.928
160.47,120.75,60.109,45.116
159.74,120.05,60.45,45.06
159.67,119.43,60.088,45.12
158.48,118.93,60.263,44.885
158.05,117.81,60.454,45.167
158.13,117.23,60.331,45.111
158.21,116.68,60.386,45.481
158.29,116.24,59.394,46.028
159.36,116.62,59.394,47.233
160.97,118.34,59.303,48.496
161.74,118.11,58.441,50.631
162.1,117.17,58.247,51.024
161.64,114.44,57.986,50.7
159.86,111.52,58.21,49.939
156.17,109.39,59.549,48.701
152.59,107.52,59.953,47.792
149.54,108.01,61.215,46.834
147.68,108.91,61.369,46.645
147.16,109.6,62.376,46.504
148.44,111.25,62.266,46.178
149.03,112.63,62.432,46.99
150.62,113.86,62.253,46.993
152.17,114.25,61.995,48.02
153.37,114.44,61.559,49.446
154.92,114.17,60.893,50.231
154.96,113.18,60.432,50.558
154.46,110.75,60.695,50.41
153.14,109.16,60.724,49.549
152.48,106.17,60.568,48.59
150.89,103.94,61.49,48.31
149.76,102.93,62.003,47.963
148.43,102.19,62.029,47.612
147.56,102.12,62.616,47.296
146.77,101.03,62.903,47.656
146.31,101.23,62.564,47.744
146.2,101.07,62.405,48.252
146.68,101.02,62.083,48.868
146.53,100.76,61.757,49.538
146.45,100.28,61.661,49.932
146.08,98.1,61.495,50.372
144.52,97.063,61.783,50.26
142.76,95.662,63.375,49.868
141.02,94.545,64.084,49.096
140.66,93.843,65.188,48.152
141.22,94.131,65.362,47.495
141.67,93.397,65.011,48.804
143.4,94.194,64.754,49.45
143.19,95.197,64.377,49.876
143.48,94.942,64.216,50.823
143.75,94.889,64.124,51.113
143.88,94.387,63.643,51.584
143.3,92.588,63.668,52.554
142.44,91.917,63.9,52.461
140.54,90.096,64.481,52.43
138.86,88.312,64.782,52.17
137.74,87.916,65.573,51.09
137.37,87.939,65.997,50.651
137.49,88.353,66.587,50.615
139.58,90.728,65.941,51.355
139.83,93.418,65.621,52.033
140.52,95.632,65.253,52.743
140.07,96.138,64.588,53.445
140.5,96.475,64.163,53.486
141.24,95.808,64.484,53.747
140.39,96.005,64.266,54.481
139.46,96.484,63.947,54.25
138.42,95.635,64.439,53.793
137.98,94.008,65.355,53.304
136.11,92.473,65.413,52.174
135.13,92.425,66.185,50.747
135.61,93.59,66.385,51.044
136.85,93.258,66.409,51.07
138.15,94.519,67.186,51.56
140.39,94.596,67.2,51.66
142.49,96.054,66.872,52.464
143.78,96.522,66.712,52.241
143.86,97.159,65.546,53.247
143.15,97.183,65.565,52.898
141.71,96.432,66.183,52.474
139.05,95.198,67.439,51.614
137.2,94.387,67.027,50.969
135.04,95.09,67.567,50.158
132.98,96.23,67.347,49.724
131.17,98.73,67.268,49.871
129.66,100.12,67.318,50.241
130.04,101.72,67.518,50.64
131.39,102.35,67.544,51.443
131.73,102.04,67.926,52.042
131.97,102.35,67.825,52.19
131.72,102.14,67.581,51.697
130.63,102.54,67.384,50.949
130.32,102.18,67.691,51.137
131.31,101.67,68.094,51.06
134.07,100.32,67.964,51.733
135.68,100.53,67.932,52.099
137.22,100.41,68.004,52.543
138.97,99.952,67.815,53.174
140.41,99.826,68.284,53.334
143.25,99.521,67.92,53.026
144.8,99.775,67.956,53.059
146.32,99.306,67.404,53.011
145.6,99.26,67.281,53.177
142.73,98.676,67.679,52.82
140.32,98.71,67.586,52.165
137.78,98.429,67.511,51.793
135.16,100.76,67.068,50.616
134.44,102.76,67.075,50.716
134.4,104.33,67.352,51.552
134.69,105.28,67.552,52.001
134.08,106.08,67.628,52.001
132.77,107.38,67.443,51.965
132.5,107.93,67.756,52.405
130.22,108.48,67.543,52.734
128.87,109,67.55,52.717
128.05,108.89,68.01,53.039
127.65,108.65,69.154,52.974
127.33,108.13,69.693,53.201
127.19,107.47,70.041,53.178
125.98,105.88,70.659,54.459
124.59,104.13,70.83,54.768
123.09,101.9,70.505,55.232
120.74,100.21,70.61,55.013
117.88,98.462,70.377,54.769
114.21,96.324,70.315,54.667
109.83,95.16,70.236,53.734
105.65,92.628,69.675,54.348
102.21,91.328,68.799,54.756
99.347,90.341,68.373,54.614
96.918,89.981,68.343,54.222
96.209,89.513,69.134,54.173
95.671,89.321,69.839,54.506
95.632,88.679,69.939,54.547
94.864,88.666,70.098,54.589
93.288,88.884,70.051,54.349
90.96,87.91,69.981,54.281
89.948,88.163,70.339,54.424
89.827,88.025,71.54,54.336
90.087,88.034,71.253,54.459
90.323,88.029,71.395,54.836
90.172,88.111,71.095,55.064
90.009,88.75,71.185,55.449
89.625,88.193,71.062,55.209
88.97,88.498,71.048,55.106
87.505,87.848,71.106,54.892
84.617,88.26,71.531,54.466
81.87,87.988,71.36,54.369
79.287,87.3,70.098,54.891
75.209,86.635,69.543,54.353
72.647,86.809,69.742,53.581
72.021,86.891,69.398,53.356
72.647,87.191,69.794,53.838
76.939,88.319,69.741,54.169
82.034,90.831,70.905,54.719
88.379,92.538,72.122,55.759
94.387,94.918,71.848,56.343
96.762,96.65,72.926,55.851
96.32,96.407,74.18,55.885
94.448,96.559,73.389,55.457
92.42,95.873,73.563,55.477
91.83,95.639,73.266,55.457
91.772,94.48,72.869,55.381
92.627,94.533,73.371,54.926
94.491,94.772,73.1,55.036
97.568,95.587,72.885,55.357
101.28,96.459,72.531,55.295
103.55,96.625,73.443,55.542
106.49,97.25,73.406,55.79
109.72,97.602,73.039,55.622
112.45,97.727,73.891,55.358
115.36,97.863,73.954,56.294
118.83,98.924,75.78,56.876
122.93,99.89,76.093,56.658
125.71,99.582,76.763,57.001
126.64,98.675,77.079,57.192
128.28,99.105,76.945,56.653
129.14,98.731,76.795,56.666
129.97,98.458,76.522,56.684
132.57,97.907,76.579,57.076
138.65,96.43,75.27,57.673
144.48,95.561,76.068,57.571
150.52,95.441,76.691,57.034
155.48,96.131,78.779,56.789
158.29,96.201,79.479,56.685
161.26,97.243,80.303,56.634
164.85,98.133,82.111,56.327
168.21,99.151,82.746,56.34
172.51,99.711,82.879,56.679
176.91,100.83,83.048,57.012
181.3,101.86,83.41,56.923
185.7,102.84,83.211,57.694
189.59,102.72,83.708,57.721
192.99,102.85,84.441,59.034
197.42,101.51,84.635,59.223
200.33,101.03,84.929,59.299
203.68,100.48,85.273,59.028
207.47,100.32,85.286,59.755
210.01,98.706,85.587,60.305
211.32,98.619,86.404,59.792
213.37,98.741,86.193,59.821
214.41,99.306,86.051,60.664
215.16,99.477,86.963,60.431
215.25,99.292,87.213,60.58
216.27,99.385,86.667,60.486
215.75,98.985,86.726,60.374
215.71,98.787,86.647,60.513
215.81,99.004,86.702,60.254
215.6,98.416,86.7,60.446
216.03,99.176,86.382,60.141
215.8,99.652,86.441,60.162
214.1,99.982,86.128,60.96
211.31,99.649,85.928,61.181
207.5,99.154,85.783,60.682
203.79,98.702,85.435,60.867
200.92,97.425,84.847,60.958
198.78,96.529,85.192,60.927
196.86,95.984,85.326,60.406
197.23,97.14,85.523,60.781
196.68,99.822,85.307,60.833
195.79,100.42,83.095,60.353
192.12,101.1,82.758,60.459
187.59,100.95,82.291,59.87
182.06,99.257,82.97,60.677
176.68,98.559,82.694,60.439
170.81,98.945,82.834,59.22
165.07,97.252,82.939,59.461
162.26,96.722,82.356,59.134
159.32,97.163,81.35,58.563
155.9,96.748,80.834,59.427
152.95,96.644,80.242,59.675
148.88,96.609,79.849,59.665
144.79,96.963,79.627,59.74
141.13,96.267,79.399,59.731
137.86,95.436,79.816,59.911
135.27,95.953,79.558,59.549
131.55,96.102,79.77,59.936
128.63,95.806,79.324,59.606
125.81,96.133,78.827,59.152
123.41,96.766,78.937,59.066
121.51,97.816,78.65,58.52
119.78,98.452,78.86,58.76
117.87,100.33,78.652,58.492
116.6,101.78,78.701,58.682
114.89,102.61,79.121,58.763
112.92,102.88,79.299,58.809
110.8,102.3,79.266,59.053
108.59,101.03,79.556,59.262
106.42,99.549,79.889,59.268
104.35,99.277,80.215,59.095
102.32,99.01,80.003,59.407
100.48,99.079,80.091,59.881
99.542,99.039,80.323,59.916
99.558,97.659,80.785,60.204
100.09,96.364,80.706,60.041
100.65,96.248,80.615,59.933
101.36,96.299,80.716,59.684
101.92,97.714,80.703,59.78
101.72,99.635,81.03,59.587
101.95,103.39,81.386,60.991
101.73,106.49,81.842,60.581
100.87,108.99,82.56,61.576
99.732,110.13,82.835,61.882
98.843,110,83.077,62.23
97.939,109.18,83.92,62.262
97.815,104.25,84.286,63.909
97.526,99.042,83.638,63.238
98.769,93.079,84.149,62.84
99.589,87.481,83.908,63.828
99.651,82.719,83.602,64.454
100.33,79.746,83.644,63.885
101.86,78.622,83.821,63.464
103.6,79.297,83.86,62.998
106.54,82.051,83.881,62.48
108.42,86.292,84.624,61.942
109.12,90.394,85.371,63.554
108.02,95.806,86.901,65.366
106.56,102.33,86.899,64.089
105.6,105.08,87.404,65.216
104.83,105.69,87.833,64.927
104.02,104.06,88.601,65.477
103.48,101.19,88.793,65.937
102.57,98.315,89.941,66.884
102.66,93.802,90.105,68.823
101.77,90.231,89.859,69.42
101.87,86.406,90.132,69.658
102.41,81.226,89.974,70.011
102.48,77.212,89.828,70.378
103.1,73.929,90.533,70.184
103.23,73.523,90.62,69.734
104.82,75.584,91.16,69.169
106.53,79.347,91.268,69.15
109.21,84.799,91.544,70.027
110.84,89.686,92.396,71.088
113.59,94.644,92.753,70.14
113.65,95.641,93.758,69.447
114.38,95.144,94.023,69.662
115.68,90.83,93.61,71.125
115.9,87.636,93.65,70.861
116.6,83.654,93.879,70.714
116.23,79.947,94.056,70.95
116.17,77.372,94.515,71.249
115.24,74.986,95.42,71.812
114.14,72.985,95.852,72.471
113.15,71.23,96.11,73.505
112.67,69.336,96.517,74.09
113.2,66.621,96.507,74.967
113.3,63.13,96.323,75.196
113.42,61.97,96.563,74.908
112.99,62.261,96.449,74.105
113.15,64.405,96.477,73.681
114.3,68.137,97.282,73.198
114.9,72.767,97.863,72.628
115.33,78.974,98.163,73.454
115.25,85.005,99.572,74.418
115.68,89.417,100.3,75.151
115,91.454,101.1,75.279
114.23,92.183,101.15,75.972
112.58,91.059,102.75,75.867
112.88,87.486,103.19,76.687
112.99,82.773,102.97,78.141
113.57,79.822,103.19,77.792
114.63,75.159,102.89,78.195
114.3,72.533,103.04,78.205
116.04,68.57,102.78,79.712
116.86,64.202,103.31,80.039
117.31,63.878,103.56,79.256
117.89,64.492,103.56,79.89
117.82,69.901,103.33,78.212
118.15,77.205,103.44,77.27
116.21,85.906,104.2,78.952
114.27,97.585,106.31,78.831
112.31,105.77,107.34,82.053
112.15,110.7,107.82,80.214
111.05,109.93,109.09,81.943
109.56,105.99,110.19,84.605
108.37,99.504,109.94,83.496
106.49,90.534,110.78,84.631
105.34,81.949,110.72,85.392
106.47,75.109,111.47,85.502
106.07,68.9,111.31,85.167
106.02,64.633,111.61,85.524
105.9,63.509,112.05,84.832
105.62,64.935,112.31,85.758
103.51,69.839,113.17,85.413
100.54,76.775,114.9,86.324
98.088,84.787,116.45,89.609
95.237,95.299,118.4,91.535
92.109,104.03,120.81,90.513
89.622,107.87,123.72,91.478
88.063,108.7,124.91,93.211
86.432,101.46,124.19,95.156
84.833,91.446,123.41,95.678
84.539,81.569,123.34,96.037
83.354,71.589,123.96,95.89
82.657,63.7,123.67,96.56
80.731,58.606,124.19,96.687
78.556,57.496,124.26,97.127
76.485,60.803,126.7,97.157
75.051,67.975,127.19,98.958
73.352,78.139,128.26,98.976
70.997,88.732,130.3,100.43
70.453,97.09,132.76,101.24
69.362,100.35,133.4,100.88
67.929,98.558,133.61,100.2
66.488,89.908,133.12,102.46
66.381,78.225,134.02,101.72
67.424,67.453,133.79,102.5
69.482,56.409,133.49,103
70.13,47.924,133.2,102.94
70.389,41.888,133.05,103
69.025,38.139,132.7,103.22
67.973,37.993,132.63,102.78
67.102,40.815,132.72,103.31
65.237,46.183,133.53,102.7
63.831,55.562,134.12,103.76
62.249,66.327,134.89,103.84
60.229,78.267,136.77,103.76
58.446,88.247,137.44,104.78
56.172,95.159,138.84,107.2
55.215,96.025,139.44,108.67
53.626,90.945,139.61,107.98
52.538,82.936,139.36,107.73
53.38,72.631,139.62,108.27
54.144,62.224,139.54,108.17
54.52,52.471,139.86,108.42
54.925,44.379,139.79,109.08
54.806,38.524,140.44,109.15
54.514,36.994,140.77,109.77
53.674,38.539,141.13,111.18
52.728,46.517,143.56,110.57
50.785,57,146.03,111.59
48.919,70.132,148.01,112.1
47.427,83.968,149.54,115.1
44.562,95.262,151.32,117.82
41.757,102.72,151.96,119.64
40.931,104.18,152.38,121.37
39.518,98.584,152.66,120.44
39.42,89.016,153.27,120.94
40.368,77.544,154.44,118.46
41.098,65.175,155.4,118.06
45.181,54.142,154.7,118.63
46.326,45.806,155.21,119.93
47.763,39.881,155.89,120.87
47.291,38.154,156.76,121.46
47.143,42.417,158.61,122.07
46.636,50.367,160.48,121.44
44.734,60.711,164.87,123.2
43.927,73.549,166.76,125.54
41.644,86.634,168.27,127.01
40.519,95.122,169.11,130.9
38.538,98.381,169.59,131.16
36.885,92.28,171.7,131.79
37.138,82.84,171.63,133.91
38.691,70.487,172.99,131.82
40.802,57.012,172.12,130.58
42.529,44.38,171.09,130.1
44.502,33.86,171.35,130.48
46.284,26.239,170.42,130.59
46.995,24.422,171.7,128.6
47.288,25.772,170.75,128.21
45.972,33.553,171.01,128.42
44.344,44.041,171.23,129.01
42.86,57.7,173.23,131.39
41.514,68.86,174.11,131.78
38.254,78.803,175.8,133.98
37.271,80.401,176.59,132.27
36.227,75.211,175.57,132.16
34.837,66.761,174.94,132.12
35.971,55.983,175.03,131.06
38.733,43.543,173.33,129.75
40.814,31.152,172.43,130.99
43.682,22.983,169.97,128.38
44.719,16.646,170.47,128.85
45.685,14.82,170.31,127.17
45.853,17.546,170.1,126.31
44.728,22.943,169.98,126.34
43.299,31.759,171.72,128.58
42.116,44.557,173.09,129.09
41.978,59.27,175.52,133.07
39.394,74.058,178.74,134.39
37.758,84.2,180.88,138.01
37.462,88.701,183.75,139
36.968,86.369,184.83,139.51
37.357,78.325,183.24,141.35
37.354,67.001,183.74,138.65
37.945,55.746,185,136.45
38.774,45.285,184.82,139.21
39.45,36.47,183.78,136.97
40.091,31.968,184.13,138.04
39.963,32.696,185.89,135.97
40.833,37.268,185.75,136.63
41.49,47.902,185.43,139.51
40.063,59.146,185.99,140.51
39.739,71.024,187.93,143.8
38.64,78.061,188.4,145.08
37.677,79.332,188.79,145.16
37.789,73.167,186.2,144.85
38.557,66.554,185.65,141.98
39.223,58.09,185.26,138.36
40.73,49.259,182.66,139.35
43.218,43.809,181.03,133.97
44.408,39.53,180.87,134.04
46.324,41.51,179.2,131
46.799,46.918,177.27,130.72
46.185,57.839,177.85,133.97
43.901,72.695,178.55,136.76
41.844,86.85,180.92,139.2
41.392,91.475,180.31,136.4
41.253,88.593,179.63,136.39
41.601,79.747,178.49,135.05
42.737,70.464,177.2,131.59
47.633,60.441,172.88,129.05
53.412,48.054,169.36,126.64
58.238,39.211,167.28,122.46
62.74,32.095,164.86,120.01
66.926,29.05,163.12,117.93
68.999,33.096,161.13,113.01
71.093,37.439,159.94,113.07
72.169,46.494,160.29,113.46
72.51,55.357,159.24,114.13
73.162,62.985,158.65,113.02
75.453,67.162,158.26,113.04
77.341,65.912,156.99,113.1
80.966,61.378,154.33,112.24
84.767,54.816,151.61,110.78
88.509,46.258,147.37,106.79
92.029,39.448,145.34,103.56
97.02,32.863,141.46,101.81
100.96,30.042,139.01,99.394
104.09,31.957,137.31,98.208
106.46,37.982,135.8,97.253
107.56,47.215,135.36,98.036
106.87,59.059,135.42,98.756
107.26,67.418,136.01,103.46
105.58,86.225,136.27,99.62
104.34,92.019,137.96,101.96
103.58,93.764,137.99,100.51
106.78,87.615,136.05,100.89
109.3,75.444,135.31,101.55
113.85,64.921,131.72,98.369
117.87,56.196,130.63,96.921
121.76,45.52,129.31,94.974
123.75,37.547,129.21,94.573
125.08,33.092,128.99,91.594
127.49,30.8,126.74,91.391
127.93,34.76,126.75,91.384
129.64,41.21,126.56,91.557
130.63,50.425,126.48,92.814
130.65,63.54,126.96,92.762
133.04,77.112,126.85,93.403
133.74,90.617,126.3,91.118
132.24,98.828,127.67,90.236
132.77,99,126.88,88.937
132.98,91.898,126.26,90.365
136.12,77.015,124.02,94.828
137.76,66.057,121.65,93.439
141.37,56.978,118.88,88.807
144.53,45.825,117.02,86
147.44,38.898,115.27,85.155
148.61,33.856,114.4,84.46
148.43,32.825,114.13,82.081
149.62,36.37,112.98,82.347
150.32,41.299,111.59,81.602
148.84,49.032,112.68,81.947
151,60.137,110.75,82.525
150.65,68.447,111.42,87.569
149.24,80.415,111.67,87.664
149.56,94.79,111.67,80.419
147.44,99.043,111.95,80.036
145.84,97.078,113.16,79.792
145.8,91.271,111.58,81.172
148.23,80.096,109.79,82.644
147.66,68.297,109.2,84.699
149.24,63.176,108.18,81.074
151.36,56.848,105.71,78.722
151.18,50.728,105.31,77.956
152.68,48.075,102.99,75.777
151.91,47.212,102.75,74.527
152.27,49.145,102.09,74.548
150.47,53.372,102.49,74.233
151.84,59.827,100.87,74.634
152.61,67.473,100.03,75.754
152.27,71.819,100.18,80.438
151.66,85.816,99.992,73.827
150.79,90.963,99.814,73.529
149.7,90.851,100.68,72.119
149.05,87.075,99.651,73.198
149.38,75.724,98.483,77.564
149.42,68.525,97.921,77.893
150.48,64.897,96.656,73.181
151.49,60.18,96.923,71.801
151.86,57.444,96.601,70.617
151.95,58.051,95.964,70.948
153.45,61.984,94.954,70.331
154.89,67.628,94.356,71.58
153.91,72.304,94.563,76.302
153.56,80.07,94.747,78.05
153.34,97.939,94.728,68.779
152.04,103.51,95.635,69.144
151.87,104.67,95.844,67.998
152.03,100.92,94.768,68.627
154.83,96.507,92.693,67.976
157.64,90.649,91.263,65.776
161.17,81.576,90.124,68.485
163.97,70.776,89.295,73.176
166.72,71.698,88.075,66.982
168.63,70.218,87.612,65.263
171.33,68.284,85.743,65.777
172.43,71.014,84.509,63.88
172.93,69.453,84.237,69.673
173.38,83.725,82.87,61.563
174.51,90.317,81.8,60.2
175.42,97.518,81.448,59.3
176.28,102.25,81.125,58.026
175,103.37,80.562,56.826
175.84,99.454,78.666,57.383
176.39,95.794,77.614,54.364
177.07,87.995,76.609,55.489
177.65,83.777,75.775,53.944
179.25,70.805,74.397,63.292
181.08,70.037,72.588,61.028
181.68,69.711,72.158,61.064
181.7,70.305,71.88,62.47
183.19,85.155,70.113,51.482
183.01,89.656,70.601,51.436
183.74,94.167,70.663,51.843
183.91,99.265,70.405,51.194
183.8,100.62,69.845,50.285
183.36,98.843,68.431,49.363
182.72,95.769,67.776,48.293
182.53,92.987,66.904,47.347
182.27,87.967,65.887,48.302
181.61,85.33,65.282,49.406
180.25,86.893,64.572,47.216
179.16,88.695,62.555,46.031
176.66,89.303,61.77,46.845
172.95,91.163,61.878,46.113
170.71,93.098,61.687,45.612
170.16,94.515,62.173,45.994
172.15,97.974,61.648,45.915
176.31,98.947,61.669,45.804
181.9,100.73,62.497,46.06
187.63,101.72,62.345,45.654
194.04,102.42,62.534,45.982
199.96,102.78,61.946,45.72
205.19,103.18,61.658,46.006
205.65,103.42,66.102,46.308
209.18,105.02,68.029,46.729
223.21,106.36,56.478,46.901
225.27,107.76,57.195,47.293
227.59,108.31,56.572,46.98
229.09,108.95,56.541,47.359
228.66,108.7,56.874,47.233
227.25,108.53,57.266,47.5
224.14,108.35,58.6,47.706
216.11,108.66,65.207,46.88
213.74,109.19,64.524,46.811
213.89,108.78,62.577,46.681
209.65,108.46,62.962,46.522
206.56,107.89,62.371,46.235
203.54,107.84,61.61,45.538
199.93,106.36,60.704,45.516
195.93,106.03,61.003,45.265
192.09,104.84,60.491,44.826
187.66,104.25,60.567,44.498
183.32,102.6,59.889,44.658
179.2,101.14,59.374,43.585
176.42,100.22,58.77,43.379
173.21,99.015,58.28,43.25
169.21,97.166,57.932,43.241
166.48,96.021,57.323,43.046
165.57,96.069,56.934,42.103
164.46,94.909,55.665,42.571
162.76,94.426,55.423,41.978
162.62,94.056,55.245,41.829
161.99,94.308,54.814,41.965
161.89,94.417,54.944,41.496
161.36,93.705,54.579,41.895
161.18,94.316,54.433,41.735
160.97,94.644,54.564,41.611
160.37,94.622,54.628,41.446
160.98,95.153,54.494,41.522
161.02,95.426,54.487,41.348
160.82,95.432,54.509,41.45
161.12,96.196,54.82,41.562
162.04,96.72,54.789,41.75
163.29,98.121,54.804,41.607
164.15,99.134,54.929,41.118
165.91,100.06,55.015,41.134
167.19,100.56,55.027,41.338
168.47,102.23,55.187,41.35
169.6,103.23,55.284,41.251
170.7,105.16,55.26,41.332
172.27,106.9,55.194,41.007
173.88,108.61,55.41,41.351
176.63,110.64,54.794,40.689
177.77,112.02,54.875,40.619
179.75,114.91,54.756,40
181.55,115.93,54.338,40.3
184.1,118.14,53.813,39.832
186.28,119.33,53.564,39.753
187.27,120.37,53.44,39.709
189.6,121.9,52.111,39.38
191.75,124.62,51.783,38.313
193.73,125.5,50.893,38.138
195.26,126.67,50.69,38.017
198.03,128.01,49.446,37.256
199.71,129.03,49.124,37.206
201.36,129.4,48.736,36.877
202.98,129.45,48.19,36.647
203.65,128.33,47.934,35.781
205.38,127.91,46.74,35.412
208.09,127.68,45.114,34.401
210.51,126.98,45.089,34.103
212.21,126.87,44.455,33.544
213.96,126.94,44.163,32.388
215.45,126.09,43.729,32.24
216.14,126.24,43.976,31.981
218.41,126.5,43.356,31.769
218.41,127.15,43.633,31.419
219.79,127.68,43.445,31.693
220.83,128.21,43.03,31.514
221.27,128.38,42.369,31.213
222.07,129.51,41.713,30.773
223.52,130.44,41.264,30.25
224.29,130.75,40.876,30.1
225.09,130.91,40.094,30.012
226.09,130.85,40,30.032
226.01,130.21,39.489,30.117
226.34,129.6,38.968,29.447
226.36,129.4,38.897,29.136
226.72,128.77,39.082,29.274
227.41,127.83,39.36,28.952
229.14,126.2,38.752,29.039
229.32,124.21,39.15,28.919
229.77,122.14,38.721,28.813
229.16,121.12,38.719,28.88
229.82,120.41,38.843,28.698
230.36,120.53,38.673,28.523
229.51,120.14,38.619,28.808
230.27,120.44,38.245,28.465
230.07,121.04,38.457,28.461
230.32,121.52,37.954,28.542
229.53,121.94,38.275,28.492
228.21,122.27,37.942,28.629
228.38,122.63,37.937,28.634
227.57,123.85,37.633,28.817
228.88,123.86,37.158,28.585
230.32,124.06,37.075,28.766
231.63,124.45,36.907,29.148
232.69,124.46,36.534,28.686
232.8,124.58,35.972,28.829
232.11,124.18,35.961,28.989
230.16,124.15,34.585,29.055
226.97,124.15,34.661,28.934
223.18,124.19,34.525,28.831
219.86,124.78,34.41,28.416
216.67,124.56,34.433,28.079
214.18,124.03,34.114,27.92
210.95,123.67,34.397,27.879
208.58,124.16,34.282,27.695
206.92,123.85,34.087,27.66
205.84,123.65,34.358,27.319
204.21,124.19,34.079,27.583
203.34,124.14,34.563,27.538
202.85,124.15,34.596,27.365
202.55,123.59,34.594,27.41
202.28,123.76,34.466,27.737
202.27,123.98,34.725,27.632
202.8,124.12,34.541,27.69
202.75,124.42,34.65,27.548
202.93,123.98,35.014,27.583
203.7,124.31,34.904,27.647
204.85,123.9,35.011,27.525
205.21,123.73,34.955,27.534
206.32,122.78,35.141,27.779
206.1,122.28,35.332,27.549
207.83,122.46,35.101,27.532
208.94,124.23,35.377,27.455
210.32,125.2,35.161,27.572
210.55,127.22,35.475,27.073
210.99,129.41,35.559,27.458
211.86,131.9,35.714,27.316
212.2,134.43,35.86,27.106
211.64,136.33,35.781,27.709
210.42,137.87,35.749,27.35
210.48,139.46,35.844,27.65
209.66,140.66,35.581,27.262
209.84,140.93,35.966,27.463
210.79,140.97,35.519,27.695
213.08,140.27,34.913,28.034
213.71,140.64,34.808,28.287
214.72,140.4,34.967,28.198
216.08,140.69,35.17,28.438
217.57,140.83,35.135,28.584
218.88,140.57,35.535,28.553
219.94,140.79,35.378,28.745
219.96,139.92,35.975,28.707
219.06,140.15,38.092,28.416
218.9,140.24,39.202,28.576
222.45,141.67,38.225,29.064
220.51,144.35,41.232,29.517
218.88,149.11,42.894,30.523
217.14,157.17,42.559,31.097
212.73,168.87,42.806,32.634
