118,68.998,114,162
108.75,79.435,131.71,138.64
109.35,77.065,129.9,141.25
109.41,77.021,129.8,140.7
107.55,76.938,131.76,140.5
108.46,77.376,130.85,137.33
107.32,77.367,131.57,139.68
106.86,77.633,132.16,138.54
105.77,79.136,133.38,136.81
106.8,80.354,132.72,135.33
107.18,81.477,131.31,134.66
108.01,81.159,130.71,134.91
106.21,81.783,131.09,136.37
104.75,82.46,131.25,136.12
103.16,84.295,131.12,135.21
101.4,85.412,131.83,135.46
100.56,87.069,131.15,133.4
97.84,86.773,131.26,135.04
94.295,88.189,132.17,134.65
93.254,88.981,129.69,134.22
91.184,89.447,128.61,132.32
88.177,88.013,128.03,135.36
81.792,90.642,136.84,125.96
81.36,86.718,133.98,130.08
80.829,79.197,130.05,138.14
80.871,78.217,125.13,161.71
76.414,75.021,129.44,193.02
77.4,68.996,130.98,200.87
77.504,68.567,132.71,200.53
79.07,66.538,130.56,203.02
77.747,63.874,131.78,204.74
78.903,63.062,130.32,202.65
79.275,61.953,130.15,202.93
78.929,60.282,130.26,207.14
78.93,60.364,130.02,205.96
79.366,61.039,130.04,203.98
80.733,61.497,130.36,203.75
80.925,62.317,130.16,203.55
82.471,61.169,129,206.54
83.272,59.758,129.45,208.77
85.291,59.492,128.68,206.8
85.26,58.836,130.2,208.2
88.226,59.61,128.66,207.12
90.387,59.747,128.85,205.34
91.848,60.178,130.38,207.28
93.761,59.591,130.99,207.11
94.772,58.502,131.41,207.95
99.145,60.315,129.64,209.21
101.37,60.409,131.01,207.14
103.04,61.326,129.78,204.74
105.88,60.735,130.11,205.6
106.68,60.449,130.8,208.73
108.4,58.727,130.9,210.92
109.76,60.258,131.2,209.11
112.31,59.98,130.65,206.58
111.89,60.187,133.02,208.34
112.93,61.427,133.13,207.05
114.85,62.125,132.92,206.47
115.58,63.317,133.27,207.6
113.91,65.368,134.2,203.73
115.3,66.469,133.04,204.46
116.87,70.018,131.11,200.51
114.5,74.913,132.01,189.8
123.23,73.202,123.26,168.57
127.32,79.386,120.64,151.81
125.57,87.581,127.89,132.97
123.83,92.001,132.11,127.22
123.55,91.93,131.44,131.9
123.97,90.101,130.48,137.68
123.28,93.444,133.98,134.32
125.77,93.159,131.33,136.64
125.81,92.56,132.06,134.98
125.24,92.86,133.35,133.96
127.12,90.185,129.79,137.51
127.19,90.839,130.96,132.86
127.07,91.19,131.13,133.59
125.54,92.438,134.37,132.84
125.99,91.002,131.78,134.88
126.13,89.627,129.57,137.81
124.4,90.681,130.15,136.2
124.95,87.465,128.47,137.33
124.94,90.309,128.74,130.58
124.76,80.201,120.23,145.75
119.34,83.511,122.98,149.05
118.31,80.096,121.91,150.18
103.21,86.696,131.97,147.25
78.04,91.876,149.45,170.6
72.496,95.396,147.49,174.45
69.631,89.083,142.76,168.37
70.148,84.103,162.89,163.83
67.483,83.535,153.6,163.82
63.283,77.888,173.95,167.82
59.872,72.153,157.17,173.09
56.678,73.437,181.43,168.98
56.455,74.454,177.54,169.63
54.039,71.614,183.19,170.98
56.735,73.316,179.45,167.85
53.691,74.989,177.96,168.22
56.331,74.828,178.79,169.73
57.02,72.087,176.47,170.56
52.963,72.108,182.86,171.04
53.465,72.978,173.1,169.8
53.105,72.418,178.71,175.82
52.518,71.547,181.24,174.81
51.423,70.984,179.4,169.89
50.708,69.679,177.98,176.4
51.519,70.131,181.03,173.88
53.089,71.586,177.74,167.77
53.135,73.967,177.04,164.21
55.938,72.797,174.62,167.29
58.116,72.949,170.23,166.75
55.842,74.224,176.31,167.15
55.84,71.606,171.8,168.26
53.93,72.957,177.92,167.92
56.719,71.202,173.47,169.64
55.939,72.182,172.37,167.27
55.76,72.742,174.73,169.63
55.783,69.678,172.28,169.85
56.258,71.504,173.84,171.72
56.517,70.489,172.04,168.4
56.822,72.452,172.25,167.7
54.459,70.802,175.96,169.16
54.532,70.884,173.87,166.27
54.678,70.744,171.16,169.58
52.745,70.078,175.09,172.22
53.723,69.942,176.99,170.91
54.418,69.852,173.82,170.38
54.667,69.545,174.63,165.89
54.045,68.276,176.75,170.18
54.682,70.443,169.71,167.03
56.152,70.37,172.11,173.26
55.874,70.663,172.42,168.13
54.312,70.081,173.28,167.8
53.968,69.848,169.05,168.52
56.348,70.265,164.05,169.01
56.223,71.054,155.79,171.6
51.373,74.089,145.28,170.33
53.874,79.923,159.97,159.92
52.346,91.509,130.11,160.48
51.412,95.963,160.3,149
54.296,94.025,161.63,157.08
55.96,95.369,164.41,160.91
87.984,83.975,144.25,143.35
90.319,93.473,142.72,129.11
88.192,92.933,144.7,129.2
99.283,91.622,132.85,130.94
99.271,88.663,131.22,133.41
99.04,89.457,130.62,133.39
100.49,89.052,128.75,135.51
99.201,88.65,128.24,135.53
98.79,88.023,128.39,135.87
97.674,92.241,128.9,132.95
97.719,92.469,129.36,131.37
97.47,89.879,127.99,132.97
96.851,90.239,129.23,131.31
96.545,90.727,129.68,131.85
95.626,87.903,130.33,132.67
94.749,85.818,131.39,136.41
94.872,86.094,129.96,135.93
94.923,87.174,129.02,134.35
95.066,85.475,130.04,136.71
95.03,87.118,130.06,134.41
94.631,86.324,130.73,134.41
95.822,85.651,129.3,135.57
95.488,84.521,127.98,136.65
95.985,86.045,129.37,135.92
97.181,85.007,127.8,136.69
97.201,84.747,129.48,138.93
97.408,84.173,129.32,139.88
98.31,83.337,124.29,142.06
97.126,83.878,129.28,143.26
106.51,86.879,130.31,156.65
122.27,97.619,133.9,154.93
130.15,98.12,133.35,168.66
135.12,102.57,136.05,166.06
129.25,100.02,138.4,171.66
133.34,99.112,136.92,172.95
132.03,95.079,133.62,176.15
129.34,94.044,136.24,172.41
118.38,89.938,147.4,179.37
122.52,93.857,143.91,175.83
98.541,87.883,165.15,182.69
99.892,90.056,167.19,175.25
102.5,90.268,165.32,179.32
107.27,91.009,162.13,178.4
98.149,92.281,169.03,169.26
99.854,88.501,169.2,181.18
101.94,87.767,162.05,179.82
101.92,87.219,163.09,184.72
105.06,87.383,157.62,181.93
117.18,90.444,147.08,181.02
104.41,90.976,158.09,178.48
114.28,92.586,152.21,178.79
102.73,91.649,159.08,177.51
104.8,90.075,163.06,181.89
104.08,90.593,166.47,180.62
103.38,89.145,162.8,180.65
106.14,90.201,160.23,180.52
105.49,91.607,161.51,177.36
116.56,93.759,149.8,176.42
103.23,91.228,163.37,178.33
114.34,91.435,151.28,177.5
103.46,93.59,159.63,174.44
120.37,95.19,145.93,174.35
103.39,89.599,161.09,176.93
108.66,92.429,155.95,175.54
102.67,94.196,162.28,175.18
110.41,91.989,157.11,178.28
101.69,90.697,161.55,176.73
113.28,90.159,149.93,178.09
102.27,92.441,157.62,173.2
120.33,94.556,145.64,176.78
104.22,94.794,157.16,173.64
109.5,97.161,156.51,175.9
110.48,97.454,153.43,173.8
107.26,99.329,154.39,170.27
114.8,101.23,151.27,171.22
101.79,94.478,158.43,175.04
111.53,93.473,152.11,178.8
99.974,89.865,161.11,179.48
102.47,90.743,164.5,183.63
109.04,88.721,154.17,182.79
100.38,84.841,156.59,178.55
104.91,86.171,161.07,182.38
114.69,85.12,150.72,181.88
111.78,91.084,153.51,171.43
126.73,90.497,141.16,171.93
128.91,94.29,140.58,164.35
122.58,86.968,142.82,171.09
122.4,86.693,141.98,175.08
102.27,60.263,143.64,187.95
106.96,54.319,125.62,184.63
123.35,75.149,131.16,168.42
104.45,60.371,130.04,156.45
112.79,73.03,126.6,150.94
97.471,66.183,129.81,133.72
96.586,67.337,130.69,133.5
97.181,67.865,130.5,134.65
97.183,68.092,130.61,134.63
97.305,67.942,129.3,135.13
98.112,71.024,129.32,132.56
98.457,72.126,128.22,133.16
98.552,71.9,129.62,134.3
99.45,72.597,130.53,134.85
99.316,73.266,130.16,134.15
100.83,75.501,129.93,132.15
100.25,74.684,130.05,134.09
101.66,75.255,129.36,133.8
102.43,75.952,129.69,135.12
102.43,76.014,130.21,136.45
103.03,76.789,128.98,135.8
103.7,77.733,128.9,135.4
104.92,78.7,128.96,135.77
104.78,79.431,128.57,134.5
105,81.511,128.82,134.23
103.87,82.193,129.76,135.95
104.1,83.212,128.87,135.88
104.23,83.078,128.42,135.41
103.11,84.703,129.63,134.05
103.34,85.354,129.65,134.74
102.6,86.492,131.14,134.76
101.97,88.35,130.81,133.34
102.56,88.962,130.22,133.19
102.99,89.785,130.06,132.9
102.86,90.005,128.71,133.09
101.86,89.751,130.95,133.42
102.7,89.532,130.54,133.55
102.32,90.467,129.64,133.7
102.25,89.628,129.35,132.4
101.27,91.204,131.07,131.22
99.978,91.039,133.58,131.99
100.55,88.219,129.97,132.01
99.679,88.348,133.71,130.27
99.372,84.251,130.2,135.66
98.497,82.656,126.67,158.83
95.375,75.317,127.59,192.37
96.884,73.933,126.34,194.19
96.015,73.2,126.71,198.54
96.514,73.592,125.94,197.58
94.529,74.646,128.8,197.71
93.274,73.969,129.16,200.46
93.365,72.799,129.96,199.59
94.185,74.426,126.46,200.2
92.903,73.71,129.94,196.87
93.356,75.896,126.86,197.15
92.625,75.388,127.48,197.14
91.664,76.183,128.43,196.85
91.152,76.827,127.58,195.33
88.377,76.5,130.71,194.86
88.272,78.039,131.38,195.69
88.84,77.133,130,194.38
87.999,78.451,129.85,193.84
87.553,76.869,129.84,195.55
87.62,78.401,129.81,192.62
87.184,78.289,130.23,192.9
87.368,77.361,130.37,195.6
86.089,77.884,132.97,194.7
86.434,78.449,131.67,189.55
86.264,78.134,131.52,192.3
86.74,78.549,130.66,192.81
87.614,77.836,128.93,194.87
86.908,77.274,129.95,194.18
85.918,77.757,130.77,196.3
87.651,78.926,128.33,192.46
88.448,77.204,127.92,194.04
87.379,77.138,128.11,193.67
86.521,77.955,130.69,194.88
87.768,77.736,128.37,194.21
86.12,74.895,129.78,195.79
86.903,76.572,128.68,195.44
86.472,77.133,130.23,195.01
86.857,76.366,129.1,194.14
86.065,76.355,130.99,194.85
86.022,76.714,131.11,194.27
86.015,77.99,131.41,192.17
85.495,76.789,131.97,192.69
84.961,76.711,133.26,194.14
84.979,76.239,132.02,195.29
85.774,76.934,131.48,193.94
88.091,75.476,129.53,193.76
86.691,73.241,129.92,193.23
88.063,74.056,129.99,180.97
95.166,72.705,123.79,156.49
92.678,85.815,127.29,138.77
92.518,89.204,128.54,132.92
90.001,92.674,132.35,130.85
90.074,91.007,130.94,132.59
89.415,90.714,129.19,131.98
88.423,91.252,130.48,131.39
87.628,90.249,129.65,133.88
87.623,91.402,129.09,131.66
86.287,92.304,129.69,131.04
84.634,92.166,131.49,130.71
84.568,91.554,131.65,131.96
83.012,88.84,131.85,135.29
82.533,91.84,132.04,132.03
82.333,90.639,129.91,135.07
82.452,91.785,130.71,132.13
80.514,90.534,132.41,134.89
79.422,90.574,132.03,134.73
78.907,91.495,131.32,133.5
77.299,94.19,131.14,131.58
75.878,93.42,131.61,133.63
73.626,94.378,131.35,131.33
72.221,95.254,131.42,130.54
70.998,93.914,130.59,133.17
70.176,95.628,129.4,131.82
68.057,94.386,129.85,133.26
67.377,94.568,131.09,133.32
42.518,97.432,155.07,130.38
69.138,82.43,125.67,145.01
59.898,85.317,132.07,140.31
57.787,87.852,134.1,136.48
57.192,85.411,132.65,141.02
54.624,84.749,134.26,145.3
26.804,87.788,157.97,152.74
18.257,86.237,169.2,166.64
22.903,86.864,168.32,165.15
21.641,84.218,148.39,166.07
20.683,85.37,162.5,166.44
21.777,83.791,166.89,166.4
23.54,80.926,162.31,171.28
21.893,79.289,165.76,172.2
21.97,77.934,161.28,172.8
19.846,78.478,170.85,167.5
22.735,75.519,165.88,173.95
21.458,74.021,166.35,174.96
22.022,73.25,170.81,174.58
23.799,71.471,168.88,177.15
23.708,70.66,166.82,177.05
23.423,71.255,171.94,175.16
23.889,72.129,167.71,173.91
24.462,71.944,174.67,173.53
23.878,70.01,171.1,176.92
24.039,72.178,178.29,171.21
24.329,68.541,172.53,175.94
26.052,71.897,173.74,175.02
25.162,69.284,176,175.78
29.103,68.686,171.07,174.44
28.396,69.162,174.72,174.28
27.105,67.784,176.4,175.72
28.447,67.589,173.8,177.02
31.32,72.931,175.68,170.66
30.351,73.212,173.79,166.67
31.099,71.782,177.95,163.3
33.906,69.939,173.89,173.26
32.153,69.043,174.44,170.93
33.778,68.732,175.47,170.61
31.904,67.841,173.7,170.76
32.628,68.374,174.25,174.24
31.712,68.577,178.46,165.84
33.117,66.12,173.94,170.45
35.049,67.603,175.05,169.66
31.877,67.284,175.62,168.95
33.756,69.955,175.63,164
32.314,68.944,176.95,165.71
33.944,70.098,176.69,165.66
35.513,69.77,170.39,168.39
35.32,73.064,170.78,168.75
34.191,76.523,175.9,165.05
34.704,76.959,173.61,163.23
32.731,81.891,171.02,160.01
31.255,82.828,171.54,159.12
79.724,71.588,130.66,154.86
51.358,87.681,161.14,135.54
53.355,91.079,157.48,134.71
72.771,83.102,142.75,135.68
78.518,83.444,141.28,133.51
86.072,86.528,134.91,129.13
87.627,87.331,134.55,129.25
87.588,83.59,132.59,131.59
87.385,85.051,133.35,132.58
84.861,84.808,134.82,131.51
85.206,86.16,133.05,130.35
85.238,84.984,133.9,133.88
84.577,86.193,134.6,132.23
85.24,88.114,134.09,130.67
84.308,90.025,132.96,131.76
84.411,89.585,132.15,130.96
85.071,91.739,132.09,131.28
84.598,93.859,132.82,132.25
84.359,92.883,132.07,135.24
84.195,94.337,132.17,136.03
84.189,95.64,131.27,135.25
83.783,96.622,132.24,132.26
82.918,97.503,133.46,132.35
84.742,96.86,132.05,133.6
84.941,96.106,131.58,135.22
84.475,96.158,131.18,135.61
84.231,95.955,131.99,133.57
84.518,95.82,129.98,133.79
84.669,95.403,131.07,134.44
84.88,96.13,130.71,131.85
84.497,96.209,131.91,131.05
85.3,94.815,130.39,134.36
86.099,96.225,129.34,133.59
85.79,95.697,129.65,132.33
84.406,96.644,131.22,128.81
86.022,93.958,128.4,136.35
85.807,94.755,134.63,139.69
97.096,101.86,139.55,152.81
114.53,100.23,129.34,162.64
109.07,107.62,143.62,157.64
118.14,111.13,141.93,158.06
125.08,108.41,134.7,156.4
126.32,107.51,133.57,164.07
115.09,101.84,142.41,167.92
108.63,99.319,149.78,170.49
109.78,92.391,148.17,176.3
99.196,88.947,159,179.15
107.05,86.193,154.06,181.65
97.034,86.082,162.57,178.51
100.33,87.826,158.9,174.45
91.502,84.247,168.37,177.11
95.785,83.451,164.83,178.52
105.66,85.432,153.33,174.92
94.706,85.381,166.07,176.07
101.16,86.7,159.97,172.62
102.48,86.84,158.55,175.88
102.45,87.338,157.99,174.7
100.35,87.396,159.85,175.36
97.104,86.368,162.54,174.58
109.18,85.939,151.12,172.27
90.96,85.274,165.12,172.51
101.2,85.949,153.91,172.96
109.73,87.879,147.82,173.04
93.562,86.301,163.78,175.7
112.26,85.379,146.79,172.11
92.081,86.94,165.49,172.41
111.09,85.874,146.77,172.88
91.703,87.986,166.18,171.03
98.484,86.141,157.43,173.28
104.58,85.539,155.71,179.59
89.176,86.907,168.62,174.67
96.017,86.312,158.94,172.61
98.844,86.382,155.65,175.01
102.74,86.665,157.45,179.4
96.648,87.059,164.18,177.5
89.725,85.346,169.25,178.79
101.67,84.861,155.74,177.5
90.643,86.033,166.75,176.31
103.5,85.045,153.66,175.74
92.594,84.151,165.04,177.72
94.873,83.661,162.36,175.72
92.81,84.769,163.53,178.7
95.012,85.155,163.39,174.83
92.091,83.797,165.68,178.17
104.61,85.679,153.2,171.19
88.923,85.995,169.76,176.62
90.824,83.774,168.94,174.96
92.656,85.512,166.23,177.5
107.59,85.917,151.76,175.12
86.85,85.63,170.04,177
88.925,85.31,169.68,175.66
96.888,86.052,160.24,174.62
93.566,84.617,163.24,176.89
91.465,84.123,165.34,174.62
95.731,85.079,159.3,179.37
92.173,86.142,164.31,174.59
99.81,84.775,154.93,177.17
93.412,83.887,162.95,177.56
110.83,85.561,143.79,172.53
89.126,86.031,166.04,173.86
98.047,87.815,158.43,176.43
89.719,86.539,170.86,176.92
94.546,86.624,162.25,176
96.993,88.89,162.27,175.46
92.82,86.992,166.33,175.71
97.198,86.739,162.77,176.27
89.447,84.163,171.3,179.62
94.301,86.021,162.48,176.04
93.553,85.585,168.32,178.49
100.88,87.394,156.81,176.95
90.761,87.435,170.75,178.27
93.203,85.616,167.02,179.43
99.683,86.14,157.52,181.58
94.349,86.319,163.03,180.55
93.859,84.352,162.52,181.46
92.818,84.547,164.87,181.55
94.804,85.155,161.49,178.12
95.978,84.578,163.32,181.66
98.852,85.159,157.79,178.07
98.543,84.657,157.62,181.77
99.471,84.464,157.13,182.58
102.04,85.489,155.37,182.24
98.947,85.378,158.61,181.53
102.01,84.421,153.64,180.55
99.825,85.446,155.6,182.04
100.36,85.8,155.21,179.23
99.572,86.99,154.03,179.86
99.461,86.639,152.66,181.09
99.523,86.43,154.66,179.05
101.02,85.742,151.84,181.99
101.06,86.303,152.11,180.95
100.53,86.158,154.06,180.54
100.3,85.816,152.22,181.78
98.598,86.515,152.52,181.91
102.62,86.033,149.77,179.49
98.985,88.013,155.26,181.03
98.002,87.09,156.22,181.62
98.584,88.658,153.14,177.15
99.958,87.481,156.03,180.83
97.138,87.286,156.62,181.29
100.8,88.342,153.83,176.3
99.479,87.621,156.47,177.61
98.77,86.36,155.35,182
98.867,86.568,153.73,178.46
96.038,87.628,155.79,178.36
100.27,88.016,153.43,179
96.247,88.16,154.77,180.27
96.965,87.616,155.18,177.74
94.834,89.602,157.87,177.15
96.239,89.485,155.31,178.35
94.271,87.347,156.62,179.4
97.341,87.452,152.73,179.11
98.044,87.59,154.11,180.88
96.179,86.842,156.13,183.04
96.786,87.845,154.72,177.43
95.758,89.198,154.86,176.36
95.002,88.639,156.15,177.71
94.793,87.535,158.11,180.96
96.478,89.465,154.69,176.05
94.085,88.541,156.87,179
97.183,88.213,154.84,179.6
97.606,89.435,152.17,181.35
94.691,88.982,156.57,179.27
95.656,89.68,155.85,179.03
94.571,90.856,157.15,179.32
96.387,90.633,155.18,181.03
96.466,90.194,157.5,180.09
95.603,89.963,154.92,179.8
97.865,90.689,151.31,178.84
96.106,90.061,154.47,178.66
95.063,90.551,155.81,177.56
98.039,90.56,152.46,178.11
94.232,90.009,154.82,180.09
97.131,92.339,150.7,177.97
100.69,92.652,147.6,175.43
95.849,91.842,154.99,179.14
97.956,91.997,150.76,178.2
97.151,91.83,148.8,177.69
94.469,88.308,143.36,178.94
97.747,87.703,137.23,182.79
97.078,89.998,132.57,180.02
99.216,89.435,129.53,182.11
98.919,92.102,136.75,180.03
94.392,90.072,139.87,180.21
92.824,88.262,131.91,181.99
94.315,91.4,139.71,179.67
94.368,90.209,137.64,181.71
92.987,93.465,130.31,160.75
93.924,93.057,127.76,170.03
93.073,95.045,122.49,141.61
91.999,103.74,125.4,131.7
89.626,109.29,129.37,125.41
89.749,106.5,130.21,131.1
89.872,105.8,130.48,132.61
92.015,104.38,128.56,132.86
91.354,104.32,129.13,135.1
92.523,106.34,128.23,132.62
92.686,105.78,128.88,131.3
92.98,105.79,129.46,131.71
92.561,106.97,129.88,130.9
92.378,107.44,130.74,129.9
93.257,108.41,129.73,131.23
93.949,108.87,128.64,131.11
94.453,108.43,128.6,129.56
93.06,108.48,129.47,129.24
93.138,107.56,131,130.41
93.228,107.8,130.36,130.73
94.275,107.7,129.54,127.43
94.143,108.87,130.7,126.83
91.803,108.98,134.55,128.88
91.697,107.94,134.96,124.73
95.618,102.9,127.53,130.17
92.308,95.87,124.14,152.44
88.976,91.555,125.13,178.51
89.812,85.812,126.91,188.16
86.824,84.384,132.58,191.06
89,84.906,129.39,189.99
89.56,82.983,130.09,190.27
87.798,85.114,133.65,187.93
88.391,84.75,130.93,187.15
89.534,84.241,130.27,189.47
88.382,84.263,130,192.46
87.517,83.97,131.17,192.29
88.111,84.287,131.17,191.65
86.695,83.423,132.83,191.38
87.611,83.112,130.23,193
86.992,83.082,130.21,191.68
87.996,82.777,129.04,190.66
86.955,84.404,129.61,190.21
88.039,83.951,128.8,189.46
87.86,84.539,128.82,189.62
87.782,84.212,128.4,187.53
88.41,85.577,128.35,189.8
87.962,85.539,128.46,189.23
86.647,85.656,130,185.35
87.498,84.817,128.61,189.03
88.432,85.287,127.16,188.72
88.8,84.708,126.49,188.5
88.68,84.595,125.83,189.87
88.055,85.762,126.44,188.22
87.389,84.439,127.83,191.29
88.111,84.533,127.25,190.07
86.616,84.472,129.43,189.71
88.47,83.568,128.01,189.7
88.64,83.99,127.49,190.68
88.092,83.695,127.58,189.53
88.069,83.534,127.13,189.28
89.38,82.851,126.85,190.89
88.372,83.269,128.01,191.28
88.154,82.921,128.27,191.7
89.847,84.696,126.66,183.59
89.011,84.913,127.36,185.26
89.607,84.506,126.93,187.79
89.052,84.855,128.05,185.73
88.758,84.099,127.95,190.82
89.549,85.039,126.66,189.21
89.538,85.643,126.69,190.03
90.023,84.902,126.05,189.04
89.453,84.125,126.51,190.5
89.658,84.61,127.26,190.7
88.83,83.956,127.15,190.15
89.364,83.9,128.58,190.65
89.257,83.993,129.09,189.73
90.414,84.214,127.4,189.82
89.498,83.94,128.31,190.76
90.003,83.628,127.17,190.5
90.487,83.794,126.21,189.07
89.158,84.307,127.33,187.83
88.234,84.374,127.61,187.51
87.717,84.503,126.84,189.03
86.832,83.532,125.98,188.47
83.433,82.735,128.78,191.11
83.55,84.363,129.49,188.14
80.395,86.261,128.78,184.07
79.768,86.014,128.82,183.5
75.156,86.062,131.49,187.33
74.706,89.066,130.73,179.68
82.076,88.015,121.82,158.93
78.57,100.62,128.65,133.28
77.965,102.3,128.11,127.06
77.152,104.7,129.05,123.76
71.975,105.35,131.98,123.04
73.048,105.42,129.02,123.22
70.849,103.86,129.52,128.16
69.109,101.56,126.94,134.16
63.769,104.34,131.42,129.69
48.121,105.93,145.87,128.48
58.714,98.706,136.39,133.25
43.281,101.36,148.71,133.14
68.957,89.64,122.32,144.32
48.433,99.166,141.3,133.47
72.592,86.309,117.22,146.28
57.87,94.484,131.28,137.86
22.488,96.668,161.44,146.36
21.742,94.404,159.51,167.38
21.703,90.898,162.41,170.31
20.18,87.889,164.38,171.91
21.529,83.638,163.76,175.67
19.816,81.337,165.54,182.71
20.539,80.573,166.71,181.56
20.13,79.891,165.53,182.81
20.977,78.928,166.4,181.58
21.789,77.404,166.06,180.43
20.41,79.157,168.35,176.86
20.201,77.061,169.55,175.8
21.619,76.262,167.56,177.25
21.195,76.453,169.29,175.2
19.894,75.057,167.26,176.9
21.006,74.347,167.19,176.23
20.639,73.587,168.64,175.06
18.747,72.527,169.31,176.66
20.789,73.993,167.34,174.97
21.074,74.435,169.76,174.56
20.374,71.112,169.46,178.23
21.163,69.965,167.04,176.12
22.469,71.558,167.96,175.33
23.157,71.969,165.74,173.9
22.787,71.02,167.01,177.59
21.824,69.669,167,179.47
21.499,69.849,167.13,179.38
23.241,69.478,167.8,178.97
22.103,70.477,168.96,176.55
23.465,70.578,166.32,178.29
25.382,69.875,167.69,178.48
25.871,70.839,164.98,178.4
26.926,71.491,167.44,177.65
29.485,70.402,163.35,177.65
29.373,69.931,164.84,174.68
28.985,69.077,165.82,178.6
29.354,68.554,167.79,177.59
30.707,67.645,166.15,177.61
33.971,67.169,166.65,179.27
34.406,67.142,169,176.99
35.235,66.449,169.2,179.37
36.545,65.457,168.69,180.11
37.251,65.698,169.94,179.99
39.148,65.995,170.24,178.97
37.911,65.663,166.76,179.35
41.39,66.261,167.65,177.62
40.285,66.071,168.17,176.57
39.827,65.769,170.2,178.13
40.532,64.078,169.61,179.95
35.548,64.394,171.18,181.31
44.185,62.967,165.08,177.66
40.907,62.855,168.69,177.42
38.174,61.386,171.6,179.41
41.008,59.975,169.69,176.9
40.297,58.63,171.2,178.8
38.681,58.576,172.84,177.74
39.497,58.46,165.89,178.2
40.313,64.474,173.86,175.66
37.21,63.73,173.55,175.43
40.842,64.021,171.9,175.77
39.147,63.249,172.43,174.84
40.382,61.286,171.11,175.46
40.307,63.786,170.29,176.07
39.313,64.528,172.84,171.64
38.519,66.498,171.67,171.68
35.967,68.577,175.96,169.87
36.356,70.201,171.3,168
38.869,72.144,172.45,170.17
35.442,73.708,175.33,165.18
36.097,73.316,174.05,172.47
38.036,76.95,171.36,166.56
38.718,80.921,173.62,166.28
38.858,78.176,166.91,168.61
41.216,84.993,172.48,164.86
36.382,83.982,156.46,165.43
36.017,88.034,163.94,158.56
38.836,89.826,151.08,161.59
41.041,86.427,166.56,154.68
42.634,90.806,163.9,156.83
53.08,81.048,142.85,164.56
71.059,74.427,137.13,145.26
69.748,83.291,143.98,128.46
79.474,79.442,135.96,128.72
78.107,85.498,138.74,121.85
84.165,87.495,136.7,116.17
83.482,87.061,136.66,120.63
84.013,85.979,134.91,125.96
84.313,84.172,132.02,130.27
84.121,83.52,134.05,131.45
84.503,82.353,130.77,134.36
84.029,84.022,132.87,130.4
84.37,84.061,133.71,130.94
84.829,83.119,133.05,132.71
84.92,83.235,133.62,131
85.023,84.568,133.37,130.53
85.834,84.176,132.29,133.25
85.789,83.726,133.41,133.05
85.083,84.651,134.27,132.23
85.701,85.659,134.07,131.39
87.043,85.813,133.53,131.92
86.629,87.445,135.19,130.83
88.625,87.788,132.85,131.45
89.137,86.266,134.2,132.02
90.274,85.625,133.44,133.64
91.036,85.742,131.31,133.83
94.231,85.735,132.04,133.78
93.641,85.683,131.35,133.26
94.143,85.124,131.79,132.94
95.091,84.945,131.98,133.21
95.146,86.302,132.36,131.47
95.432,87.584,133.31,130.35
95.874,86.093,133.43,131.19
95.202,86.492,135.91,129.95
96.423,86.302,134.01,131.98
96.717,86.257,133.51,133.15
98.263,88.028,133.05,130.99
98.757,87.935,134.33,130.91
100.01,87.435,134.46,130.62
101.53,87.154,134.64,127.83
105.1,76.941,131.28,142.42
105.69,71.148,130.21,190.4
108.46,70.798,132.25,199.13
110.34,72.488,132.62,197.49
111.81,70.414,133.33,198.28
114.55,70.543,132.01,198.24
116.9,70.449,131.61,196.86
118.54,71.903,131.26,196.03
120.19,69.927,128.45,197.47
122.3,70.774,127.3,196.43
124.19,70.173,127.82,200.43
126.26,73.96,126.97,195.32
126.56,71.069,129.25,199.02
127.88,70.966,128.64,197.26
129.44,70.214,127.83,195.17
130.89,70.305,130.1,197.03
130.72,69.62,129.46,200.76
131.64,70.051,133.28,197.51
130.5,69.836,133.67,199.38
133.51,71.469,131.25,195.28
134.26,70.368,132.4,195.69
134.97,70.418,129.34,197.16
134.16,71.719,131.22,195
134.49,71.964,130.64,194.35
133.2,71.312,132.6,195.08
133.34,72.072,131.51,195.25
135.13,72.56,129.53,195.55
134.62,73.478,131.89,195.74
134.6,74.314,131.33,194.56
134.32,74.574,130.61,193.74
135.17,73.579,131.58,194.92
134.1,74.066,130.39,195.87
133.81,73.715,131.46,194.08
134.73,72.845,130.08,195.39
133.14,73.367,132.97,196.92
133.44,72.676,130.82,196.17
133.48,73.529,131.19,195.02
132.68,72.791,130.58,194.36
131.15,72.953,130.75,192.78
130.92,72.011,130.91,195.26
131.21,73.74,128.51,193.73
128.13,72.142,132.32,193.9
127.09,70.614,130.29,197.82
126.47,69.245,129.72,198.9
124.47,67.735,129.94,199.7
122.49,68.597,129.85,201.36
121.97,67.912,130.98,201.5
120.45,67.673,130.9,202.78
119.99,69.142,130.13,199.66
119.81,68.564,130.64,200.29
118.67,67.725,130.49,200.66
118.53,68.177,129.88,201.94
118.32,67.335,129.31,199.65
117.81,67.483,128.98,199.91
116.42,66.226,130.05,203.25
113.78,66.517,131.96,199.91
113.05,65.778,132.01,202.34
111.69,66.138,131.3,203.67
109.8,67.531,131.06,200.9
108.65,65.672,131.81,201.06
106.04,63.277,131.18,203.33
104.17,60.635,131.84,205.37
99.694,60.156,133.8,203.51
99.146,57.341,133.9,208.19
96.922,56.961,135.63,207.74
96.934,59.588,132.98,206.79
96.28,60.216,135.14,203.88
97.853,60.741,137.8,205.5
97.855,61.094,137.06,203
95.194,64.878,142.54,202.76
96.067,67.648,144.38,197.77
97.544,70.695,140.78,195.53
98.145,70.956,138.58,191.12
97.439,71.309,128.51,164.33
96.301,79.96,130.47,139.19
96.528,83.829,130.65,138.04
96.485,83.028,130.55,139.95
