292.71,133.71,42.712,169.71
292.36,134.11,44.391,165.72
293.85,134.03,43.852,166.42
295.61,133.48,43.029,166.34
296.27,134.32,43.123,165.53
296.6,135.34,43.132,165.27
297.35,134.38,42.929,165.26
298.01,135.01,42.869,165.17
298.11,134.76,42.618,165.22
298.31,135.15,42.686,165.15
297.13,135.25,42.433,164.56
296.29,135.2,43.076,164.14
294.65,135.99,42.619,163.67
292.51,135.42,41.957,163.64
289.62,135.5,42.199,163.35
287.33,136.71,42.323,163.09
285.41,135.79,42.505,163.14
282.41,136.85,43.737,161.95
280.75,137.67,44.169,161.66
278.07,137.23,45.091,162.45
276.26,137.62,45.391,161.51
273.67,138.59,47.48,160.99
273.04,139.1,47.187,160.08
272.71,139.58,47.316,160.42
271.62,140.48,48.431,159.71
270.53,141.94,48.847,158.64
269.93,143.21,49.903,157.59
268.72,142.97,50.473,158.28
268.62,143.77,50.11,158.07
267.86,145.08,50.55,157.08
267.29,146.42,51.325,157.03
266.77,147.1,50.605,156.66
265.86,147.44,51.756,157.73
263.91,147.45,52.669,157.45
262.49,148.75,54.604,156.61
259.9,148.54,56.604,156.97
256.8,148.55,57.675,156.61
255.24,149.68,59.263,155.47
253.12,150.36,60.432,155.44
250.9,149.55,61.104,156.46
249.45,149.45,62.036,156.98
248.26,149.42,61.537,156.42
247.36,149.1,62.323,156.5
247.12,149.65,63.319,156.27
248.13,150.07,61.366,155.54
247.49,150.65,63.146,155.28
248.62,151.63,62.49,153.95
248.57,151.05,63.262,154
253.91,149.67,57.358,153.61
253.99,148.86,58.037,154.38
253.33,148.73,54.59,154.19
251.06,148.77,60.787,153.83
249.72,147.04,54.328,154.14
252.54,146.98,58.144,154.29
252.11,146.41,56.112,153.02
252.16,146.2,56.921,153.04
252.11,145.84,56.818,153.33
249.34,145.23,56.597,153.51
245.76,142.9,57.963,154.38
250.28,142.9,56.691,154.86
247.13,140.8,59.46,155.61
239.99,139.62,57.029,154.86
240.69,140.14,53.377,154.22
240.45,138.83,52.767,154.07
240.95,138.34,50.866,153.6
241.12,137.59,50.368,153.4
241.94,137.06,50.877,152.92
242.79,136.94,54.154,152.44
242.67,136.35,55.278,152.39
243.01,135.6,52.179,152.75
243.52,133.68,58.022,153.55
243.38,134.43,53.988,152.05
245.39,134.87,50.08,151.79
245.86,135.21,55.259,151.65
245.95,135.47,56.737,150.99
244.26,136.5,63.05,149.99
245.5,136.74,61.93,149.54
244.61,135.33,62.694,149.86
244.95,136.05,61.612,150.07
244.2,134.95,62.429,150.66
241.49,135.56,63.948,149.95
239.87,135.37,64.894,150.63
240.74,135.62,62.721,150.01
240.85,135.3,62.345,150.72
237.67,133.56,66.064,152.71
235.49,134.51,67.337,152.19
236.16,134.38,66.046,151.6
236.53,134.47,65.591,150.99
236.97,133.66,65.137,151.77
237.76,133.03,64.788,151.91
238.15,132.34,64.34,152.83
237.99,132.23,64.056,152.37
240.27,131.77,62.512,153.17
240.53,132.4,61.879,152.61
242.34,132.97,61.008,152.46
242.99,132.72,61.392,152.7
244.13,131.78,61.2,153.14
246.15,132.01,59.755,153.57
245.75,132.62,61.1,151.67
250.32,132.17,58.244,152.14
252.18,131.81,57.47,152.37
254.91,131.95,55.446,153.33
262.9,133.09,48.965,152.18
269,132.51,44.671,154.53
273.86,132.64,41.019,154.38
276.29,134.27,39.252,154.31
274.91,133.75,39.871,153.48
268.91,134.16,45.964,136.66
271.05,134.34,44.286,130.18
264.5,156.88,57.62,142.16
244.34,183.38,89.398,135.43
222.7,194.53,119.39,129.87
227.09,188.5,120.05,137.4
231.37,190.37,118.19,136.87
239.15,195.37,118.16,131.21
259.99,154.05,94.27,166.43
259.4,136.59,98.016,188.11
253.71,140.95,117.98,185.65
257.69,141.76,113.05,186.23
261.51,144.56,120.7,183.45
266.7,150.41,120.8,177.58
269.18,152.35,121.51,175.89
273.91,161.05,125.2,167.61
281.16,188.32,121.53,138.22
283.08,187.83,114.93,136.33
274.34,136.08,52.366,154.96
276.11,140.62,46.755,156.1
275.26,140.09,46.766,158.11
275.04,140.75,44.991,160.15
274.4,141.31,45.306,160.63
274.13,141.12,45.189,160.28
273.81,141.21,45.341,160.17
272.95,140.96,45.99,161.33
272,141.26,46.09,160.87
270.72,141.38,46.291,161.58
271.26,141.4,44.589,161.69
271.08,141.72,44.006,162.51
270.4,141.03,43.728,162.82
270.17,140.53,43.978,163.87
270.12,140.76,44.146,163.45
270.37,140.65,43.791,164.47
270.66,140.69,43.086,163.98
271.11,141.18,41.547,163.21
271.36,140.87,41.194,163.16
272.21,141.14,41.134,163.25
271.54,139.97,42.228,163.25
272.2,140.01,42.594,163.19
272.44,140.41,43.658,162.86
272.09,139.71,45.492,163.07
272.75,140.3,45.873,162.97
273.07,140.54,47.177,163.66
272.21,141.67,49.237,162.27
272.66,141.75,51.386,162.79
271.94,140.94,53.393,164.16
273.58,140.39,54.685,165.29
272.9,141.66,56.075,163.93
273.18,142.34,57.184,164.72
271.78,142.14,57.782,164.65
271.53,142.39,58.737,164.83
270.83,142.59,58.999,164.93
269.86,144.62,59.7,163.09
269.8,144.39,60.696,164.09
269.79,145.07,61.096,163.32
270.42,146.05,61.462,162.89
272.11,146.99,62.257,162.33
272.19,147.35,63.24,161.55
271.86,148.72,65.834,160.99
270.86,148.35,68.082,161.43
268.27,147.62,71.432,162.26
269.25,149.11,73.453,161.61
268.15,148.31,75.825,162.23
269.1,149.03,76.682,161.41
269.05,149.72,76.994,160.79
269.53,148.82,77.027,162.11
272.32,149.23,74.213,161.33
274.6,149.21,71.701,161.88
276.93,148.1,69.009,163.12
278.39,147.12,66.361,164.17
278.59,147.02,66.302,165.27
278.84,145.67,67.72,166.95
277.88,147.39,68.298,165.89
278.02,145.62,69.002,167.86
277.58,146.07,68.92,168.2
277.03,145.72,70.269,169.21
277.32,146.21,72.225,168.37
276.43,148,72.201,166.35
276.08,148.41,72.193,166.82
275.27,148.15,73.18,166.29
275.73,147.5,74.37,166.64
276.78,148.96,73.313,167.11
276.37,149.2,74.788,166.39
277.02,150.27,73.891,165.43
277.49,151.71,75.022,163.57
279.19,152.44,76.122,163.64
280.57,153.65,76.187,162.58
282.09,155.06,76.276,160.73
283.43,154.6,76.208,161.1
285.44,154.67,75.349,160.33
283.97,152.52,77.373,162.36
283.23,152.43,79.781,162.03
281.27,150.85,83.311,163.73
281.28,150.47,84.187,164.67
281.91,150.65,83.857,164.84
283.73,148.48,83.177,165.46
285.73,148.87,82.464,165.77
291.25,149.78,78.351,165.35
293.87,151.6,76.741,163.84
293.88,153.07,77.659,162.34
296.12,154.18,76.113,159.97
294.7,150.95,78.282,163.06
296.35,156.47,74.626,157.25
296.67,154.44,73.78,160.04
297.16,156.62,76.587,158.06
294.73,157.51,80.098,157.46
294.79,156.71,79.834,159.43
293.73,150.03,80.355,166.09
297.15,149.69,76.351,166.16
295.33,151.46,77.845,165.63
293.32,148.64,80.173,168.38
291.42,151.05,81.144,166.33
292.35,150.21,78.975,168.05
290.47,148.72,79.047,168.99
292.28,148.54,76.775,169.58
290.59,147.61,77.33,170.08
291.02,148.79,77.081,169.37
291.25,148.25,77.07,169.98
290.59,149.23,76.748,169.29
292.47,150.46,74.352,167.77
292.81,150.51,74.445,169.6
294.96,150.38,73.934,168.66
294.9,150.68,73.476,169.44
296.6,151.53,74.548,168.68
298.5,151.55,73.869,168.94
300.23,151.53,74.697,168.96
302.4,151.79,74.55,168.67
304.6,151.87,74.576,169.67
306.91,151.86,74.43,170.38
308.85,152.96,73.844,168.88
311.38,152.48,74.1,170.06
312.82,153,73.757,170.41
315.89,154.4,72.261,169.81
317.51,153.65,72.471,171.41
319.25,153.61,72.269,172.06
321.58,153.57,71.521,172.64
322.71,155.13,71.388,172.04
324.21,155.44,72.059,172.35
326.36,155.43,71.852,172.14
327.35,154.59,72.594,173.03
328.46,155.01,73.056,172.25
329.08,155.62,73.45,171.9
330.16,155.01,75.634,171.79
331.14,156.66,76.051,171.03
333.77,156.56,77.299,171.32
335.84,156.86,77.578,170.98
337.75,156.34,77.1,172.31
342.18,155.75,76.972,172.49
345.34,156.08,75.697,172.87
349.06,156.69,75.924,172.44
351.61,157.61,76.373,172.27
354.81,157.52,77.977,171.35
359.61,158.35,75.346,171.37
361.21,156.49,77.365,172.61
364.62,156.49,74.785,173.32
365.65,156.83,76.24,173.51
367.29,155.94,76.792,173.59
370,157.37,76.802,173
371.1,157.08,76.105,172.49
373.05,158.05,76.402,172.48
374.68,158.24,76.331,172.11
376.9,157.85,76.012,171.57
379.57,158.44,75.428,170.85
381.94,159.26,75.059,170.73
384.75,159.95,75.632,169.46
387.71,162.42,74.945,166.83
390.14,163.33,75.593,165.17
388.06,166.67,81.591,162.04
388.43,167.23,83.761,161.37
389.14,166.32,87.016,163.82
390.46,165.84,88.847,164.3
395.04,164.44,87.548,166.14
399.34,161.5,85.211,168.33
404.97,161.81,81.261,168.47
410.97,159.49,76.67,169.99
415.74,157.71,73.48,171.67
419.39,154.92,69.096,174.97
420.66,153.89,69.042,176.61
421.9,153.17,69.432,177.41
422.32,152.56,68.753,178.48
423.32,152.97,68.514,178.54
423.45,151.83,67.777,179.97
423.31,152.68,66.197,179.31
423.08,152.23,65.771,179.99
422.69,152.01,64.945,180.41
421.61,151.77,65.155,181.42
419.22,151.97,64.454,182.25
417.28,151.83,65.233,181.93
414.91,151.87,64.344,182.06
412.9,152.29,64.621,182.31
410.77,152.44,63.739,181.88
408.89,154.29,63.138,180.08
406.66,155.58,62.872,178.74
403.78,154.44,62.427,179.57
402.18,154.27,62.046,179.32
400.31,153.42,62.21,179.16
397.55,152.85,62.153,180.44
395.11,151.74,62.44,180.98
394.3,151.82,62.011,181.59
393.56,151.63,61.774,180.68
393.11,152.15,61.601,180.35
392.46,151.54,61.443,181.1
391.99,150.84,61.783,181
393.14,150.67,61.173,181.91
392.77,149.78,61.37,182.33
391.61,149.15,61.938,182.41
391.87,147.41,62.455,183.8
391.33,147.96,62.674,183.75
391.12,147.49,62.417,183.04
391.09,147.78,62.473,183.44
390.73,147.18,64.053,184.1
390.19,145.3,63.914,185.63
389.99,145.56,64.193,186.23
390.12,143.43,65.528,188.02
389.93,143.92,65.307,188.33
390.13,142.92,64.937,188.83
389.85,143.35,66.321,188.93
389.2,143.31,66.907,187.37
388.31,141.77,68.802,188.37
387.94,141.08,70.274,188.28
387.17,141.08,71.578,188.69
387.42,139.51,71.878,189.15
386.38,138.04,73.785,190.41
385.95,138.81,75.595,190.64
386.94,137.91,75.163,189.7
387.4,137.65,76.145,190.65
387.77,136.65,77.284,191.12
387.53,136.01,78.825,191.62
387.93,134.21,79.574,192.1
388.33,133.85,80.085,192.59
385.77,133.61,84.655,192.5
382.26,133.21,89.96,191.98
392.98,133.34,80.467,192.19
397.24,131.99,76.571,192.78
391.99,130.85,82.339,194.18
396.43,130.92,78.015,193.18
389.11,129.55,85.577,194.46
388.54,130.01,85.291,193.83
387.54,128.38,85.831,193.38
386.12,129.08,87.416,193.1
382.37,128.3,88.394,194.57
381.25,126.78,88.343,194.12
379.36,128.03,87.04,193.92
376.15,125.75,86.44,194.9
376.75,125.04,84.459,195.19
371.49,124.94,86.398,195.23
368.57,124.02,85.875,195.43
367.96,122.54,85.383,195.84
365.87,122.98,84.049,196.23
362.19,121.49,84.476,195.94
361.67,121.77,82.81,195.73
358.18,120.41,84.08,196.07
357.03,120.24,83.108,195.82
355.68,118.68,82.54,195.98
351.59,118.14,84.762,196.03
349.96,117.99,84.684,195.69
348.53,116.82,84.946,195.7
346.89,116.03,85.341,195.55
346.42,114.84,84.787,196.38
349.95,113.77,79.552,195.5
343.75,112.09,83.903,196.02
344.57,111.51,81.798,195.3
345.12,110.45,78.876,195.95
346.75,110.14,76.679,195.25
341.13,109.07,80.76,194.85
341.89,109.88,79.597,193.9
341.19,109.44,79.143,193.8
340.18,110.19,78.893,192.59
342.86,110.21,76.345,192.51
336.44,109.61,81.057,193.12
340.6,110.3,78.317,191.67
336.77,110.64,79.885,191.31
340.34,110.56,75.736,190.49
341.66,110.24,73.608,190.8
344.59,110.51,69.116,190.21
329.72,110.5,81.404,192.19
329.09,112.1,78.945,190.08
325.73,111.85,81.172,191.27
325.34,112.82,81.109,190.44
321.58,114.52,82.207,190.4
329.56,114.63,74.575,189.15
331.28,114.53,71.317,189.27
315.86,117.44,83.551,189.84
316,115.94,82.975,190.9
316.2,115.66,78.689,191.7
311.29,114.38,83.131,194.54
315.68,115.24,79.297,192.42
307.48,113.51,85.74,195.07
306.24,113.79,83.125,196.03
301.88,112.93,83.976,198.07
304.6,113.01,80.045,197.37
298.39,112.6,83.974,198.63
295.34,113.58,84.282,198.79
291.83,114.81,85.205,199.06
290.37,116.48,83.205,198.89
287.68,117.73,84.078,198.33
285.61,119.03,83.025,197.61
283.59,117.98,81.789,200.07
282.05,119.49,79.803,199.3
280.23,118.97,80.07,199.14
279.45,119.9,78.872,197.08
277.79,119.39,78.72,192.47
278.36,120.4,76.146,190.75
280.59,119.71,71.493,186.72
271.61,120.68,81.019,192.81
272.4,121.12,80.372,194.07
271.11,121.32,81.142,194.41
270.36,122.44,80.394,193.75
268.39,123.45,81.742,192.79
266,123.88,81.905,190.56
267.05,125.27,81.777,189.03
268.23,125.73,81.568,188.71
267.48,126.02,81.924,186.43
267.99,126.34,81.394,183.66
268.92,127.19,81.295,180.78
267.76,128.55,80.246,179.95
268.59,128.17,79.74,180.61
266.53,129.97,79.93,179.83
264.75,130.43,79.828,180.54
263.91,131.67,79.813,179.77
261.61,132.39,80.426,181.57
260.37,133.24,81.506,180.06
258.44,134.53,80.79,180.97
256.71,135.32,80.606,180.65
254.65,136.25,81.301,180.26
251.89,136.74,80.798,179.88
250.14,136.99,81.138,181.16
248.26,138.62,81.688,181.27
246.79,139.48,80.657,180.72
243.86,140.15,82.294,179.66
247.41,140.92,78.674,181.25
241.28,141.86,82.741,180.99
252.77,142.31,69.922,181.04
257.01,143.77,67.148,181.67
257.05,144.35,66.739,181.79
258.1,144.37,65.851,182.14
254.25,145.58,70.487,181.85
244.21,146.23,80.548,181.17
246.38,146.7,79.948,182.06
255.21,146.71,71.809,184.22
247.77,144.86,82.389,186.56
250.05,143.19,80.531,187.37
260.35,143.73,73.237,187.21
265.37,141.71,67.65,187.13
260.05,140.39,74.019,182.04
253.98,142.11,79.733,176.3
253.99,142.73,81.826,176.28
253.19,142.42,83.522,179.2
252.33,143.65,84.78,178.06
253.26,145.42,83.257,178.81
253.4,145.66,82.421,180.56
254.11,148.62,79.527,178.86
254.89,146.84,81.232,181.65
255.8,147.98,77.994,180.45
256.2,149.81,76.86,180.13
255.22,148.08,75.529,182.83
254.6,145.48,76.473,186.3
255.14,139.24,77.949,192.78
254.16,145.61,76.254,184.83
252.49,145.6,74.965,185.33
252.1,144.82,68.085,183.22
252.18,145.16,73.554,183.71
251.47,144.65,76.004,186.13
250.35,147.5,76.3,182.59
249.39,147.39,76.231,184.73
248.37,150.02,76.722,182.81
247.64,150.54,74.544,184.09
247.73,152.74,71.705,182.27
247.12,151.41,77.229,185.55
246.57,155.34,78.069,181.55
246.64,154.12,73.557,184.84
246.41,153.76,77.241,185.69
245.34,154.14,78.445,186.2
243.6,154.1,79.74,186.78
242.68,151.61,80.09,188.68
242.49,154.62,79.439,185.55
241.3,149.54,78.241,189.99
239.65,154.84,79.824,184.84
238.35,151.88,79.03,186.07
236.83,150.91,77.927,185.97
235.18,149.69,78.513,185.88
233.85,147.46,79.146,186.46
232.73,146.6,78.585,183.31
232.32,143.92,78.016,180.57
232.73,142.83,75.102,176.34
231.4,140.6,76.417,175.16
231.07,138.04,74.939,175.14
231.38,138.94,74.45,173.71
231.25,136.23,74.876,175.92
231.02,134.97,69.903,177.1
230.47,133.04,70.183,176.59
230,133.4,68.561,176.24
231.46,132.2,71.832,177.01
232.1,131.14,68.237,176.96
232.94,130.09,75.223,177.54
233.72,127.16,73.344,180.36
235.6,118,72.159,189.39
238.14,121.89,61.129,184.66
239.18,123.63,70.717,181.57
240.36,122.23,67.552,182.84
241.78,118.59,64.216,186.44
242.83,118.65,65.263,184.91
244.08,115.57,65.287,187.17
245.21,113.4,64.993,187.21
246.53,112.11,65.245,187.82
246.96,108.64,62.697,188.24
248.1,108.61,63.211,186.53
248.89,106.86,62.238,186.24
250.4,106.57,61.986,183.92
249.52,105.52,57.849,178.56
250.54,103.65,64.514,180.52
249.42,102.18,63.785,179.05
251.35,102.79,62.203,178.12
249.18,99.377,62.084,181.94
249.76,101.36,62.235,180.27
250.21,101.44,63.24,179.13
248.09,99.517,62.949,179.77
247.79,99.959,64.074,178.69
246.33,97.851,65.273,180.05
246.59,94.889,64.85,182.11
245.96,93.213,65.049,183.27
244.76,93.712,65.019,182.28
243.75,92.444,65.621,183.34
241.72,90.315,66.986,184.07
239.87,90.671,65.179,182.21
238.96,87.773,66.436,183.95
235.25,87.935,71.342,182.34
234.73,85.778,73.453,181.73
236.3,85.638,70.496,180.69
235.93,84.137,72.828,176.71
233.81,84.33,73.475,172.84
232.31,84.189,73.618,169.91
230.6,83.352,73.783,169
231.12,82.859,72.335,168.39
230.94,80.042,68.017,169.83
229.03,77.405,72.796,172.85
228.49,74.354,68.997,175.41
226.93,75.531,71.057,173.52
226.53,77.363,70.561,171.99
225.57,73.511,70.298,173.94
225.69,73.419,70.202,173.51
225.14,70.288,69.911,175.93
225.27,68.54,68.936,176.24
224.25,70.359,67.97,174.48
224.14,67.054,70.214,176.56
220.85,63.741,69.084,177.12
222.86,60.651,67.332,178.96
223.18,58.464,64.123,179.59
223.34,56.492,62.201,177.36
223.29,53.359,64.4,173.05
222.5,51.335,64.22,171.3
222.21,49.931,64.062,169.2
223.2,48.425,60.106,170.39
221.94,46.762,61.79,168.85
223.39,45.766,63.138,171.65
221.53,43.455,62.728,171.84
221.18,42.756,63.27,172.75
220.52,42.06,63.094,172.02
218.65,42.117,64.341,172.02
218.26,40.351,63.987,173.39
217.04,39.644,65.406,172.86
215.69,37.689,66.098,175.12
213.99,40.365,66.522,172.81
213.83,38.226,65.88,174.43
212.77,38.256,65.187,173.15
210.72,35.275,65.987,174.39
209.28,33.299,68.125,175.85
208.13,33.989,67.862,174.58
207.29,33.949,66.292,173.66
208.6,32.07,64.715,173.76
207.8,30.376,63.675,171.67
207.9,28.915,62.079,170.39
208.74,26.538,61.222,166.58
209.22,27.314,61.927,164.63
208.89,24.682,61.701,167.8
209.41,23.954,61.421,169.17
210.01,23.373,60.663,170.22
210.33,22.863,66.599,170.06
211.92,23.343,56.785,169.99
211.07,23.141,57.764,170.8
210.87,23.483,57.788,171.29
210.69,22.433,58.374,171.63
210.31,23.799,60.658,171.02
211.15,23.921,60.931,171.64
212.61,24.084,59.86,171.22
207.48,24.478,65.536,170.93
212.54,26.184,61.77,170.15
212.43,25.99,62.359,169.59
212.93,26.571,61.552,170.32
212.89,27.646,62.856,168.18
213.76,24.754,60.996,170.9
214.65,23.8,60.154,172.51
214.99,22.888,59.502,172.76
212.66,23.242,63.476,170.78
212.95,21.744,64.349,174.56
210.76,20.958,65.738,175.12
213.15,21.76,63.29,171.67
214.45,22.396,61.556,167.02
215.53,24.384,60.161,167.18
215.05,26.487,60.317,172.71
215.17,28.368,59.783,168.24
214.77,29.05,59.896,176
217.04,32.527,56.133,168.44
217.07,35.203,58.073,170
218.79,40.939,58.419,168.23
220.63,41.751,56.682,174.2
221.64,43.246,54.517,168.76
222.78,50.646,54.3,164.13
224.96,50.726,49.565,167.12
224.43,51.813,52.196,166.8
224.49,51.695,53.272,167.66
226.11,51.586,55.389,168.93
227.3,52.544,54.454,168.78
228.59,52.103,57.008,164.77
230.19,51.163,59.93,160.82
232.34,50.718,57.889,158.58
233.66,50.421,58.6,159.87
234.8,50.434,57.534,160.63
236.05,50.031,59.288,161.68
238.37,50.2,57.549,161.85
241.54,49.198,55.74,163.08
242.76,50.993,56.917,162.56
244.97,51.685,58.42,161.36
244.57,53.215,61.899,160.47
246.47,54.555,60.532,159.39
246.82,53.613,61.982,160.63
250.1,53.836,59.475,160.25
252.29,53.871,60.093,161
251.97,52.996,60.969,161.01
253.1,52.65,59.397,161.77
252.78,50.577,57.323,164.19
254.72,48.923,56.722,160.53
255.48,49.405,52.412,155.4
256.97,48.146,52.185,155.53
257.94,47.098,54.321,153.02
259.75,44.732,58.929,154.36
262,43.754,56.985,154.27
265.54,41.747,53.91,155.08
268.09,40.665,52.166,155.57
270.28,39.894,52.956,154.73
272.21,38.922,51.99,155.35
274.46,37.679,51.284,154.94
275.89,37.074,53.592,155.36
277.82,35.918,50.368,155.93
280.41,38.187,48.688,154.84
282.99,38.567,50.146,154.17
284.76,37.278,50.535,153.95
286.67,37.198,49.112,154.69
289.34,38.755,46.45,153.13
292.47,37.087,47.124,153.78
293.57,36.027,53.311,152.64
294.28,36.437,48.603,151.11
295.09,34.186,53.396,153.07
295.48,35.123,51.155,152.95
296.72,34.681,51.804,153.91
298.22,35.384,50.272,154.07
299.03,35.439,49.415,153.8
299.63,36.347,50.145,153.02
300.84,37.204,50.977,152.5
302.19,38.181,49.507,151.58
303.97,38.926,55.082,150.32
303.57,40.144,52.268,150.11
305.54,40.683,52.339,148.72
305.62,42.262,54.293,147.47
306.4,43.175,53.739,146.05
306.73,43.808,52.605,144.48
305.79,44.138,53.473,144.66
303.52,43.25,57.754,145.65
304.01,41.628,59.145,147.55
305.56,41.497,59.743,147.46
305.76,42.284,61.143,146.78
306.42,40.295,62.128,148.76
306.67,41.043,60.662,147.31
308.75,40.302,57.748,149.01
306.96,41.094,58.867,148.54
312.77,41.586,52.549,149
314.48,41.726,51.571,150.46
315.01,41.918,50.937,151.15
315.03,41.978,51.666,151.19
316.04,41.943,51.246,151.84
316.93,44.064,50.998,150.46
317.89,45.995,52.049,148.04
317.03,47.065,54.644,147.46
317.38,39.58,56.706,155.87
318.84,41.943,57.827,154.56
319.94,17.79,63.786,177.81
320.84,19.934,65.796,174.83
323.34,24.324,63.837,170.09
326.48,18.829,65.403,175.99
327.68,21.476,63.006,173.48
329.77,21.145,63.714,172.3
330.54,25.466,64.304,167.82
329.05,20.12,68.162,172.76
331.61,22.738,63.58,170.2
332.42,23.367,64.423,168.59
333.93,24.435,64.78,168.32
338.38,26.319,59.619,167.17
342.64,26.063,54.367,166.58
338.66,24.075,56.972,168.19
340.92,21.269,56.559,169.7
342.45,30.035,54.364,161.25
343.69,48.072,53.757,142.91
347.29,52.634,52.224,136.29
348.16,52.342,51.634,135.36
348.47,52.942,47.942,134.72
349.11,51.723,50.407,134.52
351,49.309,50.139,136.01
351.88,46.346,49.389,137.63
352.87,43.396,50.69,139.11
353.04,40.834,50.214,141.09
354.45,38.155,49.932,141.71
354.39,35.457,50.403,143.08
353.01,32.681,50.19,144.4
354.94,31.367,49.109,144.27
354.51,29.839,49.172,144.39
354.66,27.702,49.665,144.49
355.87,26.874,49.244,144.17
357.61,25.197,46.757,144.3
357.51,24.712,47.041,144.46
357.11,23.419,47.175,145.7
358.87,23.226,45.486,144.33
358.35,23.043,46.132,143.97
358.69,22.934,46.022,142.76
359.05,23.311,45.518,142.62
358.15,23.881,45.715,142.57
358.26,24.789,46.795,142.11
356.95,24.544,46.712,142.34
357.07,24.984,47.236,141.91
357.91,24.461,47.139,142.71
356.01,23.902,49.054,143.21
356.63,24.162,47.087,143.86
357.06,25.194,47.273,143.28
356.66,24.887,47.682,143.67
357.22,27.06,48.004,141.78
355.19,25.988,48.171,144.28
357.43,24.63,47.737,145.9
355.12,29.145,49.979,141.95
358.07,30.535,48.054,140.06
355.28,24.516,50.293,147.55
358.57,33.118,47.834,138.84
356.01,32.042,49.863,138.42
357.12,34.613,47.661,136.39
356.31,33.667,47.08,137.04
355.12,33.604,48.766,137.28
356.13,34.939,46.443,137.32
358.67,36.37,43.304,136.28
358.59,36.472,43.622,135.08
358.8,37.71,42.845,133.85
359.81,36.637,41.184,134.21
357.91,38.125,42.87,134.5
359.28,38.133,42.147,134.24
357.3,37.785,42.978,133.32
356.85,38.628,43.1,132.23
356.71,38.522,43.162,132.56
356.4,39.825,43.726,132.09
356.51,39.365,43.094,132.29
356.01,40.023,43.389,132.02
355.96,41.218,43.242,131.11
356.27,40.717,42.675,131.56
355.94,41.607,42.413,131.21
354.66,41.1,41.975,131.56
355.08,40.835,40.883,131.37
352.57,40.807,41.934,131.39
353.82,40.803,40.431,131.77
352.64,40.865,40.02,131.19
351.29,40.909,40.213,130.81
349.63,41.504,39.895,130.63
347.66,41.104,40.504,130.18
347.39,40.382,39.902,130.57
346.05,40.341,40.041,130.02
345.45,40.075,39.858,130.84
344.66,40.602,40.036,130.4
342.56,40.961,41.538,129.89
342.87,39.953,40.793,129.84
340.28,40.386,42.027,129.12
339.47,39.601,43.218,129.52
337.94,39.567,42.107,128.46
337.39,38.529,42.137,128.07
333.91,37.565,43.474,128.12
331.28,37.682,44.579,127.5
328.05,37.132,45.859,127.25
329.45,35.522,41.971,127.67
327.71,35.79,42.53,127.2
325.52,35.43,42.504,126.65
325.07,34.4,41.454,126.28
322.88,34.048,41.204,125.83
322.49,33.93,39.247,125.62
320.76,34.584,39.214,125.2
319.61,34.445,39.587,124.62
317.44,34.552,39.935,124.84
316.46,34.422,40.037,124.92
315.21,34.789,40.076,124.64
311.41,34.841,41.802,124.16
311.36,34.458,42.841,124.51
309.39,34.962,41.039,123.24
308.19,34.859,41.099,123.49
306.82,35.215,40.445,123.54
304.17,35.089,41.265,123.75
304.85,35.199,40.485,123.91
302.65,35.668,40.763,122.71
300.76,35.969,39.933,123.03
300.54,35.894,39.524,123.48
299.36,36.07,38.798,123.37
298.87,36.598,37.344,123.24
297.6,36.664,37.092,122.93
296.29,36.929,37.19,123.62
295.5,38.309,36.867,122.67
294.06,38.618,37.202,123.22
292.6,39.842,37.563,122.75
290.59,39.961,38.458,122.67
288.99,40.233,38.413,123.38
287.69,41.202,37.675,123.17
286.21,42.266,37.949,122.55
285.56,43.253,37.151,122.89
282.85,43.673,39.051,122.69
280.93,42.005,40.782,125.4
279.79,42.287,41.526,125.04
278.73,42.966,43.048,125.28
278.9,43.534,42.306,125.21
278.11,45.586,44.356,123.63
277.84,47.053,43.338,123.09
277.2,48.835,42.596,121.71
276.69,49.077,41.672,122.03
277.63,51.909,40.855,119.74
277.03,53.348,40.217,118.36
276.94,55.679,38.765,116.02
275.92,57.109,39.8,114.21
276.1,58.574,39.018,113.13
276.03,59.596,40.381,112.69
275.84,60.037,38.844,113.04
275.77,60.233,39.027,112.97
275.44,59.581,39.469,113.72
276.32,59.158,37.847,112.93
276.36,57.997,37.252,112.82
278.32,58.034,36.071,113.66
278.01,57.176,36.258,113.49
279.22,56.362,35.128,114.35
280.68,56.072,34.778,115.72
280.71,55.234,35.124,115.95
281.23,54.967,36.018,115.86
280.11,55.375,37.993,116.5
279.8,55.2,38.909,115.44
280.77,54.648,39.788,114.18
282.05,54.767,40.049,115.15
284.41,54.453,39.913,114.87
285.41,54.544,40.617,115.6
288.72,54.673,39.686,114.7
292.25,54.956,38.209,114.03
293.99,56.45,38.169,113.41
297.76,55.32,35.661,113.18
300.63,55.653,33.913,113.16
302.35,54.688,34.305,114.19
303.55,54.451,34.48,113.72
305.78,54.965,34.104,113.23
306.87,53.904,34.469,113.44
309.79,53.382,33.081,114.11
310.68,53.629,34.413,114.96
312.35,53.785,35.185,114.98
314.8,53.966,33.777,114.75
316,54.261,34.469,114.91
316.34,54.103,35.385,113.79
317.7,53.666,36.878,113.62
318.52,53.359,37.84,114.11
318.92,54.201,39.856,113.97
321.21,53.98,40.516,114.61
325.04,54.995,38.787,114.05
327.07,55.402,36.929,113.93
327.88,55.178,39.1,113.37
327.92,51.962,39.169,117.2
330.4,44.234,40.222,124.8
330.28,42.467,39.528,126.35
329.74,40.231,41.546,128.72
330.02,41.406,40.633,127.91
331.6,55.879,39.336,114.2
333.48,57.134,38.024,113.26
335.56,56.439,36.4,113.66
337.83,56.551,35.95,113.09
339.75,56.891,34.917,111.62
341.37,57.441,33.56,111.45
342.69,57.503,33.476,112.08
344.06,59.009,32.694,110.73
345.48,59.711,34.418,109.48
346.31,59.575,34.308,109.65
347.77,58.204,35.44,110.96
349.38,59.144,35.415,110.9
350.36,60.122,35.882,109.22
351.96,59.341,35.928,109.59
353.75,58.861,35.296,109.88
354.35,58.565,36.178,110.14
357.74,58.553,37.221,110.58
359.6,58.479,37.275,111.32
364.01,58.692,37.089,110.5
368.1,59.631,34.907,110.46
369.35,60.246,38.611,108.81
372.07,59.595,36.908,109.9
372.7,60.405,38.912,109.25
375.33,60.113,36.221,109.25
379.59,60.378,35.969,108.38
379.23,61.271,38.013,108.07
384.29,59.749,35.151,108.17
387.09,60.182,34.053,107.53
387.55,60.757,35.896,109.18
391,60.181,34.987,108.92
391.86,61.175,33.773,107.97
394.76,61.715,32.671,107.61
394.81,61.078,32.728,107.2
393.92,61.502,34.084,107.39
395.58,60.971,34.886,106.87
396.04,60.906,38.305,106.81
394.49,61.372,40.85,107.26
395.36,62.031,40.087,107.33
395.39,62.108,39.556,107.65
394.43,62.653,39.042,106.53
395.2,63.698,38.083,107.07
394.38,64.39,37.558,106.8
392.74,65.186,37.413,106.3
390.32,65.481,39.463,106.32
387.89,66.018,40.424,106.55
392.02,67.08,35.117,106.21
392,67.997,34.084,106.04
388.31,69.767,36.658,106.15
388.03,71.608,36.451,106.37
387.59,72.884,37.169,105.88
387.38,75.059,36.443,105.8
386.94,76.814,37.249,106.03
388.67,79.128,36.416,105.76
389.11,81.395,35.311,105.5
388.7,83.077,34.081,105.3
388.47,84.614,34.604,105.3
388.01,85.755,34.949,105.98
387.65,86.49,35.106,106.11
385.51,88.355,35.622,105.43
385.3,89.889,36.139,104.76
385.39,91.844,35.092,104.6
385.43,93.243,34.905,104.35
384.69,94.404,36.119,104.25
383.58,95.137,36.11,104.03
383.69,95.913,35.843,104.18
383.45,97.208,35.453,104.31
384.29,98.777,35.02,104.25
382.68,99.268,36.155,103.67
383.86,99.492,35.836,103.84
381.8,99.961,36.709,104.26
384.83,100.92,34.443,103.09
383.13,101.92,36.011,102.5
385.54,102.66,34.235,102.3
386.36,103.55,33.247,102.17
386.78,104.63,33.393,101.16
388.63,105.43,33.127,100.93
388.49,106.24,33.091,100.72
389.52,107.36,32.693,100.12
388.75,108.54,33.574,99.45
388.58,110,34.161,99.591
389.12,110.28,33.716,99.725
388.68,110.95,33.464,100.11
388.89,112.54,33.84,99.488
388.71,114.13,32.507,99.32
386.91,116.05,34.231,98.691
386.59,117.66,35.229,98.63
385.32,119.72,33.755,98.873
384.77,122.13,34.074,99.155
383.46,124.34,32.085,98.274
382.09,126.43,34.606,99.018
380.79,128.24,34.137,98.74
380.26,132.6,34.459,97.243
379.94,133.66,34.023,97.319
381.89,136.74,33.893,95.562
380.91,138.6,32.53,95.023
379.57,139.74,33.416,95.064
378.6,140.93,33.304,94.447
377.2,141.15,33.956,94.124
376.42,141.15,34.91,95.334
373.88,141.95,33.198,94.364
371.9,141.23,35.933,95.327
370.56,140.31,36.174,96.189
368.59,140.01,36.299,96.589
365.64,141.76,37.692,95.387
362.62,140.78,42.507,96.356
364.02,140.23,41.004,97.331
364.2,140.49,38.69,97.607
364.87,139.63,38.479,97.969
364.47,139.12,38.442,97.412
363.68,138.39,39.641,97.285
362.57,137.51,40.14,98.321
360.79,135.98,40.337,100.43
359.67,133.15,44.669,102.52
359.59,130.57,51.465,104.21
359.08,128.27,45.186,105.17
358.3,128.06,46.333,106.88
356.7,126.93,45.983,108.26
354.58,119.29,50.147,115.89
354.85,124.66,48.476,109.99
356.6,126.27,45.655,109.29
358.55,126.71,45.925,110.3
356.1,111.49,48.375,126.2
356.38,113.37,50.404,127.11
354.43,99.369,53.327,142.1
359.97,124.82,47.324,117.94
362.28,129.11,45.246,113.77
361.84,127.51,47.474,117.97
363.08,130.92,47.655,116.05
363.89,131.53,46.415,118.17
365.89,132.06,45.766,118.87
367.23,132.95,46.75,119.02
366.8,133.63,48.441,119.58
369.89,135.11,47.911,119.83
369.85,134.63,49.991,120.56
371.52,133.62,49.662,121.88
372.02,134.14,51.43,122.63
373.64,134.14,51.314,123.75
374.66,134.13,52.353,124.45
375.85,133.62,50.485,125.25
376.55,133.54,49.771,125.27
378.95,132.75,47.682,125.38
379.65,130.79,49.491,126.93
381.69,131.1,49.264,127.07
383.94,131.19,49.892,129.01
383.51,130.21,50.583,130.2
386.01,128.98,51.264,132.66
387.73,128.71,52.279,134.21
389.56,127.34,53.068,135.95
389.67,126.23,55.191,138.38
390.38,125.02,55.97,139.95
392.36,123.29,56.082,141.59
393.95,121.83,54.331,144
394.19,121.42,55.343,145.67
395.13,121.5,56.742,147.9
396.27,122.05,55.906,148.32
397.27,121.65,54.524,150.01
397.92,121.22,53.896,149.93
397.04,120.36,53.54,151.24
396.94,118.64,52.831,152.84
396.72,117.31,52.363,154.68
396.33,116.28,55.347,156.34
396.12,115.17,56.194,157.05
395.58,113.43,56.313,158.85
394.56,114.01,55.374,160.27
394.26,112.42,57.883,161.97
394.63,111.71,54.867,163.42
393.69,111.51,60.953,164.84
395.04,109.72,55.941,166.46
394.4,108.69,55.334,167.23
395.01,106.59,56.095,168.55
396.49,105.41,56.375,169.26
397.28,105.72,57.727,170.67
396.72,107.82,59.273,169.92
397.71,107.62,58.61,169.83
397.56,108.35,59.814,170.84
396.32,107.62,61.391,170.6
395.76,107.48,63.024,171.13
397.85,105.51,61.293,172.04
397.14,104.45,63.069,172.75
397.79,103.38,65.263,173.31
396.15,103.35,65.233,174.06
396.58,104.8,66.46,174.2
396.8,106.09,67.089,174.7
397.23,107.41,66.593,175.74
398.41,108.41,66.432,175.77
402.04,109.86,64.007,174.66
405.49,111.3,60.446,174.28
406.42,112.65,61.39,172.74
409.66,114.75,58.724,171.59
410.19,113.76,62.036,171.85
410.92,115.49,60.92,172
411.72,115.36,64.159,172.43
413.9,113.6,63.813,172.76
416.7,113.8,62.389,172.72
415.92,112.43,64.367,173.28
416.08,109.65,64.61,173.38
420.09,106.93,60.62,172.58
420.59,102.91,61.174,174.07
419.31,101.35,63.558,173.31
420,98.832,64.087,173.41
419.44,98.938,62.912,173.86
417.5,100.79,64.137,173.56
419.5,102.32,60.854,173.82
419.01,104.93,63.086,174.34
417.96,106.63,64.014,174.08
416.53,108.87,63.545,174.45
412.99,111.04,66.342,175.14
415.67,112.4,65.052,175.41
414.53,115.52,66.203,174.92
413.7,116.98,66.295,174.84
414.42,117.47,63.63,174.63
411.79,118.67,65.652,173.96
415.44,119.43,62.18,174
412.69,120.56,66.301,173.68
415.87,121.83,62.126,172.94
415.13,122.66,64.044,172.28
415,123.35,63.766,172.27
415.77,123.43,64.838,172.65
416.83,123.29,67.187,173.36
418.15,123.86,64.857,172.63
419,124.04,65.142,172.97
422.05,123.58,59.388,173.27
421.4,123.71,61.382,172.29
421.74,123.27,60.336,172.92
422.65,122.95,60.492,173.35
423.01,123.3,61.327,173.63
424.16,123.14,59.994,172.93
424.44,124.48,62.018,172.96
425.49,124.52,61.145,174.4
426.31,124.57,67.048,174.82
427.88,125.48,63.814,174.64
427.65,125.68,67.053,174.37
426.35,127.22,66.833,172.71
427.14,127.36,66.919,171.71
426.02,127.63,67.731,172.13
424.9,127.76,71.247,172.96
426.5,127.78,70.072,171.13
427.17,129.23,68.514,171.72
427.09,127.84,68.692,173.15
427.67,127.77,67.505,172.65
426.27,127.27,69.294,173.55
425.68,127.8,62.018,172.2
423.88,129.72,63.018,171.51
419.79,129.02,65.265,172.12
418.06,128.45,63.4,171.8
416.15,127.56,60.394,171.24
415.12,127.22,56.641,170.6
413.97,126.06,55.398,171.81
410.12,122.52,61.246,174.18
408.97,121.1,57.568,171.47
407.36,119.92,59.345,172.25
406.04,119.13,57.659,169.88
402.77,113.7,61.238,172.52
402.14,111.33,61.153,172.46
401.59,108.54,59.931,172.66
400.33,106.38,58.952,172.24
399.93,102.95,60.221,173.72
400.19,100.32,63.636,172.74
400.69,98.628,63.824,172.47
402.02,95.955,66.289,171.47
402.63,93.654,62.984,172.69
410.49,92.628,58.402,172.35
408.66,90.84,55.432,172.15
409,89.723,58.285,172.19
411.72,88.726,58.852,171.07
411.97,88.206,63.015,172.07
412.98,88.293,55.557,170.09
412.03,85.981,61.175,171.27
411.3,86.448,58.578,169.27
411.94,84.936,61.236,170.37
412.28,84.037,55.676,169.14
412.83,83.455,61.563,169.36
412.58,82.656,57.228,169.06
413.12,81.786,60.091,170.44
413.33,81.875,56.13,168.96
413.81,81.405,60.003,169.43
414.42,79.434,54.604,170.03
414.28,77.981,59.162,170.56
414.52,77.888,58.599,170.41
415.91,77.831,59.254,171.23
416.24,76.762,63.143,172.34
417.79,77.691,56.87,170.47
418.05,77.312,63.66,172.68
417.19,78.089,58.188,170.07
419.18,77.32,59.404,171.9
418.95,78.35,61.991,169.93
420.1,80.07,60.567,169.07
421.18,81.702,59.047,168.39
421.47,83.269,57.025,167.96
421.3,83.174,56.618,170.04
420.3,86.023,57.637,168.28
422.39,86.233,54.878,168.45
422.09,88.678,53.699,167.77
423.48,88.963,51.674,168.45
424.59,90.086,52.132,167.94
423.01,91.017,54.297,167.56
425.04,91.552,50.842,168.86
422.84,93.547,53.476,167.29
424.62,95.459,54.733,167.89
423.56,97.578,55.629,167.75
425.02,100.14,53.397,167.31
425.23,103.58,52.131,166.93
424.64,105.87,51.655,167.07
424.28,108.71,49.834,167.14
424.54,110.55,52.66,167.94
421.22,112.48,55.819,168.19
419.6,115.21,56.002,168.05
420.08,117.39,53.78,168.13
418.64,119.21,54.243,168.58
419.32,121.45,52.81,168.44
418.54,123.3,52.656,168.56
417.7,126.74,53.263,168.31
416.81,128.18,58.373,169.74
416.27,129.45,59.735,170.09
415.18,130.56,58.573,169.47
415.47,130.33,58.464,170.58
416.63,131.55,57.321,168.45
416.97,131.89,60.927,169.49
416.64,132.41,60.449,169.8
415.57,132.93,60.831,168.99
417.02,132.84,59.168,169.09
415.74,132.12,58.744,169.81
416.24,132.91,58.565,169.16
418.79,133.02,56.034,168.14
417.47,132.8,59.721,169.64
419.26,133.54,58.916,169.48
414.67,132.46,61.525,170.43
415.66,133.33,63.377,168.61
416.23,132.88,60.75,169.71
416.84,134.15,56.948,169.24
418.19,134.39,60.32,168.69
416.14,134.31,56.326,171.19
419.37,133.73,58.844,169.38
416.81,132.95,62.312,169.78
419.17,133.45,62.622,170.08
417.44,132.12,64.429,169.93
419.28,132.03,57.721,169.94
420.4,132.47,57.054,169.13
419.76,131,59.023,170.47
419.21,130.76,57.465,170.6
419.63,132.04,58.335,167.98
418.6,130.88,58.428,170.42
420.09,131.27,57.078,169.43
419.27,130.99,57.441,169.81
421.59,131.22,57.436,169.05
418.96,131,56.843,169.37
417.42,131.68,55.956,168.98
418.89,131.39,55.568,169.09
417.42,132.55,54.418,167.67
418.83,131.68,51.356,167.88
416.15,132.9,51.975,166.36
416.08,132.29,49.189,167.2
417.42,132.63,51.393,166.11
415.09,132.42,53.255,165.93
413.77,131.94,51.246,166.18
412.11,131.78,51.592,166.69
411.18,131.81,51.199,166.78
410.67,131.39,51.551,165.86
410.05,131.63,53.317,165.7
409.98,132.53,54.378,165.17
410.75,132.11,53.754,165.44
409.8,131.09,55.425,166.57
408.34,127.27,56.795,171.08
407.85,121.98,58.123,177.01
406.63,118.94,62.125,181.11
406.37,114.34,66.156,187
405.47,92.042,72.494,210.28
405.51,80.791,79.527,221.53
404.53,83.371,79.375,218.33
402.4,85.057,79.957,217.6
402.81,84.893,78.392,216.26
401.85,84.682,77.526,217.78
398.29,84.711,79.938,218.31
397.58,85.742,83.083,218.02
396.64,85.941,82.941,218.45
398.45,86.709,80.694,218.18
399.25,87.108,79.879,216.7
398.32,87.555,79.983,215.43
399.22,88.626,77.239,218.28
398.28,88.857,79.503,215.32
397.04,89.87,79.756,216.75
396.49,90.061,82.521,213.67
394.42,91.573,82.575,214.05
393.87,92.869,82.218,212.37
394.27,93.912,81.927,209.54
392.95,95.435,80.949,209.88
390.64,96.9,87.606,206.15
391.7,95.659,87.127,206.31
385.85,96.147,95.467,204.77
387.37,95.477,88.108,205.9
392.33,97.588,83.366,204.24
389.56,97.031,80.485,205.62
395.98,114.39,71.118,189.31
399.56,119.15,63.488,184.06
404.2,128.39,58.618,173.98
399.92,128.07,63.417,175.37
400.3,126.52,64.089,175.9
401.43,127.4,64.551,174.24
399.4,126.89,65.266,173.07
398.89,126.11,67.127,173.22
397.59,124.9,66.939,174.09
396.95,123.47,65.258,174.77
396.89,122.68,64.106,176.08
395.73,121.21,66.319,176.56
394.86,119.64,66.4,175.83
395.09,118,64.03,174.53
396.07,118.17,63.414,173.93
396.45,118.5,63.73,173.98
394.58,115.67,64.644,174.31
394.3,115.59,78.207,173.86
391.73,113.62,62.583,175.27
391.54,114.23,63.938,174.05
388.82,113.18,65.929,173.67
389.26,113.59,69.822,171.46
385.1,113.21,74.647,172.09
379.36,112.61,78.095,169.66
377.72,111.66,76.754,169.28
382.6,111.55,68.975,167.91
382.48,111.18,68.801,169.97
375.76,110.93,72.973,171.04
369.26,110.31,77.405,173.3
365.23,109.67,81.615,171.81
363.05,110.46,77.243,171.09
363.49,110.74,72.81,170.52
364.7,109.89,69.689,169.76
359.59,111.29,74.985,170.54
358.54,114,75.355,166.35
356.73,114.61,74.609,166.67
354.24,116.07,73.467,167.08
352.77,112.27,72.567,170.05
351.25,112.52,71.741,168.62
350.07,111.66,71.06,169.33
350.32,112.44,69.056,168.24
349.86,112.34,68.994,168.9
350.38,113.97,67.94,168.79
351.91,115.08,66.782,168.34
351.81,116.8,67.359,168.2
357.02,117.66,63.752,167.92
360.5,120.21,60.581,167.09
360.39,120.22,61.575,167.58
367.73,122.04,56.762,167.32
369.03,124.43,56.8,166.64
366.86,125.6,60.044,167.41
367.41,125.81,60.449,168.07
366.63,127.47,62.361,168
367.66,130.56,61.645,167.95
368.95,131.73,61.185,167.67
368.1,133.95,63.069,167.97
368.91,135.91,62.08,167.21
367.4,138,64.323,167.39
367.45,139.36,65.603,166.75
370.84,142.89,64.8,165.33
373.61,143.25,63.733,165.46
371.95,144.5,64.48,164.99
374.11,146.11,64.155,164.24
373.96,146.72,64.799,165.85
375.43,147.93,63.911,165.7
377.09,149.61,64.087,165.4
380.1,150.73,63.564,164.87
382.2,151.99,63.002,163.79
382.48,154.23,64.14,161.88
384.37,158.81,64.159,158.13
385.48,161.65,63.267,155.42
387.13,163.97,64.097,152.7
380.9,168.38,70.361,149.91
386.81,169.96,64.507,147.61
383.73,171.95,67.706,146.4
385.99,171.68,64.333,146.39
386.38,171.28,63.599,146.78
385.58,170.94,63.865,147.68
385.18,169.79,64.747,148.27
381.04,169.48,67.125,148.84
379.22,170.75,69.605,149.27
381.62,170.29,66.563,149.29
381.44,170.18,66.461,151.54
382.85,171.03,66.719,150.13
381.43,170.58,67.154,150.04
381.96,170.79,67.963,148.41
384.54,170.69,66.302,148.2
382.81,171.23,64.908,147.62
382.23,169.51,64.84,148.04
381.29,168.62,68.133,147.15
379.29,167.91,71.349,146.92
377.62,167.67,72.46,145.03
376.27,166.03,71.692,143.94
373.95,165.06,70.029,143.85
373.26,162.89,72.415,142.95
372.2,160.77,75.241,142.66
370.96,158.34,70.882,142.21
370.82,155.38,72.421,141.86
370.48,152.46,71.598,140.92
369.8,149.63,64.072,142.44
365.98,149.48,69.119,141.57
366.48,145.41,62.438,144.96
336.86,143.73,87.873,144.08
368.65,140.73,56.455,143.65
368.96,138.75,53.886,144.67
368.9,136.48,54.269,145.53
368.86,134.22,53.806,145.02
368.23,132.91,54.709,145
368.87,131.35,54.806,144.53
370.59,131.09,53.441,144.58
374.37,130.6,49.82,142.2
375.75,131.16,47.749,140.4
381.05,130.57,42.884,139.45
385.2,131.49,38.5,136.1
386.64,137.71,38.499,128.3
384.13,143.77,40.985,119
382.31,143.42,42.287,117.05
374.24,142.91,48.384,117.18
375.76,134.98,45.526,123.7
375.94,128.4,34.506,120.27
375.45,126.84,45.491,128.8
374.23,121.06,48.204,135.29
373.98,116.99,49.46,138.34
373.25,114.7,48.552,139.89
371.9,113.05,50.867,139.96
371.54,111.27,53.943,139.98
370.71,112.17,53.286,142.77
369.81,112.34,51.492,142.48
370.58,113.26,49.672,140.81
369.51,115.63,49.492,140.17
368.56,117.29,49.817,137.89
367.1,117.82,49.528,137.54
365.51,117.78,52.389,137.47
364.29,116.22,52.198,138.72
363.19,115.15,52.575,139.82
360.04,115.49,54.824,138.76
358.31,115.92,55.114,139.2
358.05,115.68,53.191,139.74
356.58,116.8,53.3,142.17
355.57,117.08,53.555,140.83
354.19,117.08,54.342,143.43
353.54,117.58,54.595,142.44
352.83,119.14,54.37,143.94
352.63,121.25,54.017,143.24
352.23,122.86,54.008,144.57
352.27,124.11,53.248,145.38
352.15,126.09,52.854,144.77
351.16,129.01,53.665,143.57
350.68,131.29,54.642,142
350.36,133.66,54.572,142.26
349.31,135.91,54.99,141.47
348.92,136.84,53.771,140.95
347.51,139.77,54.6,138.98
348.66,143.41,54.129,135.44
348.24,146.2,53.35,135.49
348.34,147,53.411,135.88
348.39,148.97,52.386,135.3
348.18,150.07,52.716,136.37
349.08,151.98,50.655,136.13
347.18,153.91,52.379,134.62
347.44,154,52.788,133.75
347.5,154.31,51.795,135.05
346.83,155.32,52.503,135
346.14,156.88,51.296,134.67
345.79,157.41,52.229,135.11
345.74,158.9,49.76,135.12
345.19,159.18,50.337,135.39
344.08,159.82,50.033,135.9
343.39,161.1,49.278,133.9
343.53,159.78,49.759,133.55
342.14,161.32,48.756,132.84
341.76,160.32,48.48,133.94
341.25,162.13,47.959,133.5
339.93,161.99,48.523,133.59
339.33,164.53,47.133,132.89
337.47,164.42,48.222,133.96
336,165.8,48.068,133.91
334.14,167.91,48.356,131.87
332.5,167.81,49.406,131.44
330.26,168.96,49.005,132.26
328.22,169.8,49.889,133.49
326.54,171.59,49.97,131.69
324.67,171.26,49.357,132.11
325.13,172.24,48.561,132.6
322.36,173.37,48.805,131.96
321.94,175.34,48.415,131.63
318.69,176.02,49.759,130.86
317.49,176.44,49.568,130.6
315.56,178.27,49.705,131.33
314.06,178.16,48.81,130.09
312.65,178.33,48.942,130.53
310.36,178.49,49.062,131.95
307.04,177.66,49.425,130.52
305.27,178.92,49.059,129.75
302.95,181.05,48.982,127.53
299.64,181.4,49.761,127.19
296.61,180.48,49.761,128.52
294.57,179.97,49.577,128.53
291.98,178.62,49.204,128.52
289.56,179.24,48.419,129.91
288.11,178.3,48.941,130.14
284.84,179.76,49,130.39
283.13,180.28,48.519,128.42
279.64,179.85,49.06,129.55
277,180.66,49.121,128.56
274.7,181.06,49.065,128.38
271.98,181.55,48.785,129.14
268.12,181.32,51.66,127.75
266.22,181.37,50.517,128.02
263.53,183.29,49.11,128.31
261.02,184.41,48.787,127.26
260.9,185.09,46.978,125.31
257.49,185.21,48.312,126.18
254.37,186.02,47.689,126.01
254.65,186.38,45.788,125.62
250.45,187.45,47.255,124.88
247.01,187.85,48.151,125.52
244.45,188.35,49.054,123.07
241.96,189.35,48.848,122.8
240.46,190.03,48.375,121.68
238.49,190.4,49.401,120.85
235.54,191.31,49.019,120.37
234.07,191.65,49.115,120.58
231.42,191.78,48.977,120.89
227.87,192.44,49.574,119.49
225.19,193.1,49.048,119.92
224.14,193.49,48.676,120.02
