99.555,237.56,27.555,82.555
102.69,237.63,26.171,82.976
104.93,239.76,26.843,82.559
106.82,240.68,30.055,82.001
107.93,241.56,32.784,81.708
107.63,242.18,36.35,81.178
106.51,242.93,41.317,80.658
105.51,242.84,41.311,80.937
104.84,241.56,45.932,81.287
106.89,239.63,43.774,81.489
107.07,238.27,42.898,81.577
109.22,237.36,39.239,79.983
113.82,235.85,34.878,80.317
115.22,233.86,33.226,80.468
116.33,230.88,32.221,81.4
118.92,228.47,31.17,81.716
119.73,227.16,32.878,82.61
120.38,226.4,36.337,81.791
120.31,225.54,38.885,80.968
120.84,225.19,45.466,80.758
120.37,225.63,48.912,80.101
120.37,225.94,49.631,79.748
120.99,226.61,50.046,79.055
121.35,226.54,48.388,79.157
121.5,226.83,45.931,79.376
123.54,226,43.284,79.95
128.24,226.71,37.116,79.85
131.72,226.12,33.331,79.801
136.58,225.34,29.394,80.685
139.59,224.81,27.448,81.402
142.35,223.85,26.226,81.699
145,223.52,26.687,81.561
145,223.29,29.909,81.82
145.63,223.36,32.819,80.731
144.48,223.54,36.505,80.16
140.38,223.35,41.743,80.591
134.62,223.21,45.863,81.304
131.04,223.44,45.692,81.668
128.73,223.77,44.291,81.74
126.87,223.61,43.145,80.597
126.26,222.87,40.268,81.81
128.25,223.45,35.752,80.295
130.08,224.02,32.166,79.568
130.41,223.18,30.26,80.671
129.44,223.01,29.836,81.546
128.79,225.06,29.526,80.318
127.75,226.27,33.1,79.503
126.56,227.55,38.389,79.069
126.03,228.81,42.627,77.427
122.32,228.21,47.083,78.965
118.66,229.07,48.182,78.893
118.75,230,47.285,77.859
118.64,231.03,47.252,78.131
119.19,231.21,44.901,78.303
119.12,230.49,42.468,78.574
120.46,231.02,38.12,77.484
124.59,229.81,35.331,77.991
129.7,229.52,30.057,79.164
131.72,229.64,29.624,79.764
136.1,229.77,28.16,80.123
136.96,230.07,29.137,80.088
137.18,229.31,29.884,80.394
137.21,228.97,33.026,79.152
136.49,228.46,36.538,79.774
135.18,228.96,39.591,79.498
135.8,227.89,40.958,79.793
136.41,228.01,41.632,80.101
137.58,227.94,40.603,80.851
141.38,227.39,37.65,79.072
144.04,227.67,36.605,77.974
147.25,228.42,34.58,75.902
149.93,229.41,33.076,76.469
152.38,230.53,31.419,75.641
154.81,231.78,32.976,76.301
155.53,230.51,33.555,77.645
152.94,228.99,36.895,79.092
150.27,227.79,39.895,80.621
148.21,226.6,42.533,80.599
146.97,225.9,44.722,80.601
147.48,225.75,44.453,80.77
146.73,225.99,44.649,79.425
149.59,226.18,41.893,77.543
161.24,226.86,31.117,78.052
159.79,228.01,34.277,78.858
162.57,229.8,33.977,76.733
165.27,229.91,32.701,77.751
167.12,230.25,33.354,78.442
166.54,229.66,35.813,78.863
164.26,228.88,37.488,79.474
164.11,228.5,39.065,79.629
165.22,228.11,39.085,79.914
166.49,227.64,39.249,78.967
169.14,228.14,38.146,76.726
171.41,229.31,36.784,75.421
179.97,229.15,30.608,76.163
182.25,230.16,29.634,75.162
183.7,229.69,29.445,75.687
185.3,228.67,29.522,76.174
185.26,228.72,32.863,76.938
185.48,227.37,35.365,77.597
185.24,226.54,38.612,78.098
184.87,226.24,41.054,77.953
185.25,226.35,42.117,77.667
184.21,226.87,43.082,77.148
184.94,226.62,40.586,76.516
187.02,227.78,37.862,75.266
190.05,228.4,33.559,75.77
192.82,228.84,30.94,76.756
192.99,228.3,32.749,77.401
190.67,228.28,34.55,78.238
188.88,227.9,35.124,78.894
188.15,229.69,35.437,78.478
187.41,230.09,36.34,77.402
185.92,231.15,36.853,77.274
186.28,233.09,35.784,76.215
187.45,234.42,32.514,75.341
189.03,235.43,30.007,75.333
189.08,236.01,28.93,75.611
190.09,237.35,29.526,75.542
187.9,237.66,32.97,76.27
186.42,237.32,34.512,76.606
185.9,236.86,36.934,77.467
185.93,236.96,38.984,76.906
185.2,236.85,39.918,76.22
187.71,237.67,39.621,74.267
188.77,236.71,37.912,74.27
196.08,236.67,31.364,73.947
194.61,236.75,33.221,73.012
197.84,235.89,31.159,73.063
199.12,233.98,27.252,72.837
201.09,231.11,28.339,75.813
201.47,229.54,30.298,77.041
200.44,228.24,32.356,76.182
200.42,225.79,33.436,77.368
201.61,229.38,34.079,72.488
204.61,229.98,31.047,71.809
206.65,229.05,29.058,72.581
210.82,229.53,26.23,72.784
211.69,230.79,26.322,72.236
213.33,230.52,26.262,72.778
213.13,230.2,27.925,73.2
214.44,229.82,30.161,73.075
214.8,229.61,32.609,72.615
214.75,228.5,35.553,72.446
218.65,228.74,33.792,72.055
220.4,231.06,36.391,70.221
224.82,231.93,31.706,69.676
234.74,232.47,23.832,68.888
237.15,233.9,24.934,67.987
237.06,234.45,27.004,68.696
239,232.94,26.763,69.953
239.44,233.11,27.604,70.151
241.07,234.09,29.558,68.971
247.7,235.6,28.114,66.802
246.72,233.35,33.267,69.777
246.32,233.23,34.594,69.162
250.29,233.23,31.463,69.805
255.78,233.25,27.476,69.355
261.39,234.34,22.86,69.254
261.16,234.1,27.429,70.747
263.16,233.11,26.437,70.606
262.64,233.06,28.951,71.924
262.15,232.6,30.438,72.072
261.26,232.18,33.316,70.96
261.31,231.95,36.349,71.44
260.87,232.09,38.521,70.291
271.24,233.09,29.121,68.667
271.52,232.91,28.058,69.579
272.64,233.39,25.766,67.863
272.02,233.8,26.738,68.179
273.48,233.42,25.853,68.244
275.08,232.39,27.359,68.708
273.76,232.18,29.055,69.927
274.11,231.49,29.115,70.073
274.88,231.89,29.87,69.578
276.91,232.2,31.425,68.957
277.41,232.51,32.605,68.87
279.28,233.44,30.423,67.108
282.72,234.16,28.191,66.493
285.32,234.51,26.695,66.82
286.67,235.21,25.164,66.447
288.58,235.79,25.375,66.818
285.12,237.14,29.223,68.362
283.2,237.21,32.059,68.516
281.77,237.49,32.945,68.212
280.55,238.17,35.18,68.717
282.1,239.88,35.693,67.77
281.9,240.4,35.942,67.076
282.63,240.06,33.647,66.011
285.77,239.97,30.936,66.195
287.68,240.4,29.892,65.775
287.91,238.7,29.376,65.686
288.78,238.86,28.751,66.347
286.19,237.94,30.541,67.61
285.12,237.77,29.976,67.854
282.94,237.66,30.732,68.16
281.76,237.74,31.282,67.215
283.73,239.5,30.136,64.958
284.72,243.01,29.029,61.458
285.5,238.54,29.076,65.972
287.49,238.87,26.18,65.656
288.67,238.43,24.819,65.86
287.95,238.33,28.424,66.995
286.18,238.58,30.218,66.701
286.43,238.41,31.306,66.825
284.84,237.57,33.053,66.912
285.38,237.57,34.692,66.325
286.67,237.95,35.506,65.182
287.43,237.01,33.583,64.485
288.86,237.14,31.435,63.822
291.06,237.61,30.93,64.395
294.72,236.66,28.796,65.084
295.2,236.7,31.168,64.557
295.01,236.92,32.113,64.811
294.7,236.04,32.851,66.925
295.8,235.31,32.288,66.777
296.03,235.3,32.741,66.43
295.33,235.03,33.203,65.43
296.3,234.35,31.806,65.195
298.97,235.25,28.91,63.983
302.52,235.46,25.425,63.749
303.64,235.28,24.077,64.291
304.14,234.06,22.796,64.77
304.88,233.81,23.961,66.135
301.87,233.09,27.432,67.23
300.28,232.33,29.704,68.343
298.42,230.9,31.895,67.903
298.84,230.86,33.454,66.808
299.48,231.3,34.238,65.978
300,231.79,34.259,65.181
299.96,233.31,32.686,64.667
300.59,234.67,29.598,64.979
299.93,236.39,28.659,62.498
300.86,235.9,26.887,64.061
301.73,235.27,26.372,64.33
299.54,233.11,28.158,66.816
297.19,231.66,29.331,66.71
296.17,230.63,29.184,66.854
294.3,230.86,29.867,66.588
293.41,230.78,31.107,65.269
294.83,231.36,29.607,64.216
297.06,231.52,27.639,64.291
299.74,230.71,26.068,64.443
300.75,230.98,24.318,64.492
302.54,230.97,24.473,64.089
303.47,229.99,26.474,65.43
303.45,229.49,29.234,66.357
303.49,230.6,29.833,65.803
301.59,229.33,32.398,66.408
302.42,228.79,32.93,65.754
303.1,228.63,33.224,65.141
305.43,228.8,31.869,64.405
307.34,229.33,30.039,64.049
310.13,230.65,28.156,63.423
313.95,231.69,25.981,63.393
315.16,231.35,25.094,63.569
312.99,231.53,27.867,63.923
311.7,230.59,29.54,64.796
312.11,229.89,29.931,64.805
312.42,228.41,30.046,65.148
314,228.27,29.181,64.239
313.85,228.06,28.951,63.665
314.15,227.78,28.132,63.58
319.8,228.39,24.676,63.016
321.53,228.31,24.523,63.477
323.32,228.35,24.661,63.862
323.05,227.97,26.887,64.145
323.42,227.06,28.257,64.568
322.3,226.37,30.783,64.678
322.07,226.26,32.968,64.792
323.51,226.38,33.63,64.419
323.12,225.99,33.248,63.291
323.51,226.87,30.758,61.816
324.03,227.3,29.505,62.69
328.16,226.96,25.114,62.367
327.59,227.68,25.834,62.071
327.44,225.9,25.67,63.698
324.48,225.1,26.936,64.522
323.82,223.87,27.993,65.699
322.83,224.76,28.065,64.809
322.65,224.27,28.88,64.643
322.94,225.28,29.05,63.809
322.42,226.33,28.496,63.278
322.62,226.02,26.757,62.994
324.06,227.26,24.796,63.386
325.12,227.32,23.646,62.318
325.01,226.43,23.884,64.017
322.8,224.66,26.808,65.074
322.15,224.72,28.286,64.583
321.32,225.29,29.869,64.125
319.9,226.63,31.784,62.571
319.01,225.29,32.202,63.708
318.83,226.69,31.089,62.341
320.79,226.38,29.578,62.336
323.89,228.24,27.997,60.386
326.27,228.05,28.47,61.471
328.14,228.15,27.699,61.351
329.19,226.39,27.526,63.297
328.77,225.58,27.245,64.052
328.46,224.1,27.702,65.162
328.49,224.64,27.491,64.057
328.71,224.98,27.624,63.491
329.28,224.96,26.532,62.249
331.48,225.47,25.62,62.095
334.91,225.34,24.099,61.743
338.46,225.27,21.428,61.106
339.06,223.88,22.745,62.213
338.96,222.25,24.169,63.262
336.97,220.71,26.322,63.68
337.87,219.32,27.906,63.61
338.9,218.63,29.307,63.818
337.78,218.32,31.715,63.319
337.08,218.59,31.239,63.086
339.1,218.18,29.391,62.356
341.62,218.42,28.842,61.895
344.41,219.46,27.062,60.175
345.75,217.6,26.67,61.041
346.09,217.23,25.695,62.254
345.83,216.26,25.903,63.215
343.74,215.95,26.763,63.648
344.13,215.3,25.71,63.811
341.11,215.43,27.58,63.398
340.55,216.52,27.229,62.833
339.68,217.4,26.443,62.158
339.87,218.32,24.941,61.256
340.76,220.7,23.454,60.246
342.62,220.01,21.382,60.99
340.88,220.31,22.278,61.046
337.91,223.82,23.896,57.795
336.88,223.45,25.828,58.733
333.94,226.69,29.046,55.711
335.27,220.63,28.027,64.449
340.92,219.55,23.029,83.384
340.12,222.28,22.64,81.338
340.32,228.19,21.896,75.221
338.85,229.7,24.051,73.785
338.91,226.89,23.835,78.601
338.55,228.17,26.764,77.342
338.01,225.72,29.71,79.394
335.49,222.72,29.521,81.895
336.05,227.12,25.2,75.5
339.49,222.7,27.851,73.959
343.12,223.97,26.066,59.265
347.33,225.76,25.542,55.764
351.19,225.65,22.304,55.588
353.07,229.26,23.682,58.608
355.23,234.26,21.923,54.602
358.51,232,21.166,50.619
359.66,233.69,22.284,49.363
364.65,233.63,22.501,50.29
367.06,233.77,21.863,49.438
367.3,233.89,22.058,48.447
369.88,233.71,22.085,48.881
367.89,231.38,25.963,49.924
370.23,227.6,24.473,53.694
372.87,226.47,24.33,54.784
371.91,225.19,26.362,55.155
373.94,225,25.249,55.383
376.2,222.78,24.667,56.898
376.94,220.76,24.134,58.998
377.57,220.17,24.269,59.287
380.89,219.31,23.664,59.166
381.57,218.49,24.068,58.92
382.25,218.92,23.746,58.583
383.07,218.95,23.34,57.864
386.28,218.49,22.267,57.713
387.45,218.67,21.911,57.563
388.39,219.03,20.764,57.153
389.01,218.53,21.105,57.969
388.21,217.66,22.328,58.791
387.23,218.23,24.727,58.709
388.97,218.19,25.167,59.259
388.94,218.62,26.584,58.816
387.93,218.71,27.879,58.44
388.12,217.97,28.233,57.295
392.88,218.03,24.817,56.699
394.19,218.99,24.97,57.106
392.78,218.44,26.65,56.414
393.7,217.53,26.144,56.936
393.76,216.36,25.426,57.331
395.62,215.83,24.694,58.601
395.08,215.36,24.432,59.403
394.86,214.34,24.069,59.239
395.4,214.81,24.335,57.906
395.62,215.55,24.019,57.379
396.08,215.56,23.779,56.528
397.57,215.83,23.262,56.145
399.33,215.9,23.441,55.699
401.34,216.24,22.831,54.765
402.07,215.44,23.137,57.111
403.09,215.32,23.731,56.954
403.72,214.1,24.003,57.77
403.32,212.37,24.962,57.425
403.69,211.95,25.613,56.98
404.26,212.82,26.087,56.526
406.8,211.99,25.533,57.924
412.25,216.93,24.716,51.508
413.95,217.52,23.867,49.957
416.29,213.31,23.497,54.579
420.6,213.1,21.782,55.328
421.17,212.63,21.891,55.395
421.87,213.41,21.621,54.49
422.91,210.89,21.325,55.363
422.37,211.35,22.766,54.959
422.92,210.52,23.151,55.618
423.18,210.83,22.761,54.256
423.51,209.59,22.116,54.958
425.24,209.92,21.222,54.925
426.74,210.38,21.135,53.452
427.8,210.99,21.133,53.761
427.8,211.68,20.912,52.885
428.2,211.48,21.633,53.407
428.51,211.07,22.234,53.694
428.67,210.44,22.87,54.252
427.53,210.5,23.72,53.541
427.2,210.24,24.434,53.452
427.98,210.18,23.644,52.934
426.78,209.52,24.208,52.265
425.91,208.05,23.946,51.929
425.97,206.61,23.733,52.326
425.06,205.24,21.919,52.193
421.46,201.85,22.189,54.362
417.99,199.66,22.833,54.929
416.17,198.78,21.799,53.644
415.24,196.71,22.348,53.365
414.18,195.81,21.855,52.223
413.14,197.02,21.617,51.653
414.16,198.39,21.19,51.171
415.53,199.17,20.565,51.972
416.43,201.28,20.059,51.784
416.73,202.28,20.169,52.209
417.08,202.38,20.864,52.407
416.82,201.82,22.065,52.821
416.81,202.2,23.328,53.116
417.18,202.87,23.417,52.263
417.89,202.98,23.95,52.721
418.5,203.8,24.014,52.324
418.72,208.76,23.255,47.489
419.53,216.17,21.169,39.922
423.18,218,21.297,40.853
423.42,207.92,22.648,49.85
422.37,207.85,21.96,47.666
425.61,207.41,19.403,47.92
426.72,208.68,19.341,46.205
427.55,209.03,20.176,46.303
427.55,205.15,21.013,51.85
425.9,205.3,21.543,52.75
428.27,211.24,19.783,46.461
430.56,206.99,18.731,51.6
430.23,207.76,18.995,50.845
431.1,208.56,19.071,50.29
430.98,208.4,20.596,52.124
431.43,208.5,20.385,52.272
431.3,209.29,21.57,51.599
430.46,210.03,22.443,51.49
429.35,211.78,22.736,51.031
433.98,212.22,19.789,50.534
431.14,212.55,23.034,50.635
429.82,213.7,23.54,49.692
431.06,214.38,23.034,49.467
433.04,213.11,21.967,49.929
432.39,211.79,21.742,51.024
429.87,210.3,22.193,51.628
428.19,209.07,22.494,52.408
428.59,208.62,21.806,51.078
426.24,208.94,22.698,50.539
424.39,209.56,21.541,49.488
423.35,210.11,20.32,49.008
422.67,208.45,19.722,49.622
421.74,209.94,18.82,47.032
421.36,207.1,18.557,49.914
420.14,205.97,19.646,51.059
417.88,205.31,21.349,51.014
417.8,205.52,21.764,50.817
417.65,206.15,22.684,50.871
417.9,207.51,23.413,50.177
420.9,207.93,22.878,50.909
421.34,210.4,25.064,49.903
424.28,211.64,23.493,49.219
426.7,211.73,23.309,49.645
428.73,211.12,23.465,50.16
430.93,210.75,22.996,50.819
434.12,212.66,22.958,49.691
436.5,210.18,22.749,51.838
439.03,209.38,22.322,51.647
440.52,210.59,20.794,48.389
441.85,210.49,21.867,49.094
441.14,209.83,21.607,49.22
441.12,209.75,20.406,48.563
440.57,208.32,19.804,49.32
437.98,204.91,19.912,50.933
434.81,204.03,20.082,51.343
429.45,201.85,21.76,51.566
425.87,200.66,21.003,51.215
424.37,199.82,21.608,50.802
421.75,200.18,22.121,49.581
418.1,202.31,23.258,49.426
415.24,203.29,23.421,49.097
412.84,206.02,23.2,48.462
411.46,207.07,22.859,48.665
411.25,209.03,22.392,48.748
410.08,209.42,21.728,48.905
409.98,209.27,20.537,49.414
408.2,209.83,21.372,50.237
407.19,210.19,21.454,51.116
407.01,210.13,22.071,52.059
406.48,210.14,22.052,52.279
406.7,211.38,21.864,50.134
407.63,213.48,20.882,48.795
408.45,213.02,19.655,48.394
408.83,212.12,19.193,49.383
408.46,213.14,19.294,48.002
407.14,213.77,19.83,48.721
406.41,213.22,21.454,49.854
404.96,212.9,21.794,49.801
405.02,212.28,23.605,50.347
407.34,215.53,21.882,48.471
408.53,216.11,22.445,48.02
412.57,218.85,21.05,45.928
413.88,220.53,21.391,45.251
416.52,220.78,20.03,45.496
416.2,220.43,20.602,44.802
415.8,218.91,20.313,46.509
416.39,218.07,20.724,46.557
416.99,216.57,20.854,46.098
416.93,214.56,20.553,46.117
416.94,213,20.067,47.008
417.03,211.21,19.705,46.749
415.88,209.07,20.863,46.29
414.21,206.88,21.536,45.488
414.92,204.71,20.536,43.089
415.26,201.91,18.837,41.788
414.55,202.21,19.485,40.527
414.93,200.79,18.646,41.151
414.02,199.73,18.663,41.156
410.97,199.14,18.731,41.245
408.25,200.42,19.666,42.676
405.42,203.32,18.724,40.959
399.86,207.61,20.093,41.624
397.28,208.72,20.577,41.38
393.75,209.66,19.962,40.755
390.6,210.81,19.354,40.962
390.59,208.33,19.849,40.991
386.63,208.7,20.194,40.853
385.27,207.59,19.726,40.897
386.55,206.83,19.879,42.005
385.94,206.77,21.281,42.248
386.35,207.2,19.779,41.983
388.17,206.24,20.29,42.911
389.44,206.32,20.889,44.079
389.27,206.06,20.663,43.792
390.78,206.83,19.744,44.431
391.71,208.44,19.449,43.044
393.85,208.81,18.294,44.136
396.91,208.84,16.531,44.137
398.51,209.57,17.268,41.126
402.01,208.85,17.431,40.805
404.41,209.09,17.146,41.04
405.03,206.84,17.76,40.778
407,207.47,19.554,40.733
410.96,208.14,20.622,40.511
410.87,212.38,19.767,37.588
411.37,214.54,19.484,35.948
415.93,214.47,19.345,35.547
419.4,215.16,18.624,35.702
420.56,215.2,17.981,36.066
419.98,213.9,21.327,37.361
427.3,205.3,20.803,46.046
422.65,212.82,25.029,40.382
423.97,205.92,25.298,46.132
432.12,205.78,21.376,44.247
436.16,206.4,19.911,46.227
436.19,208.18,21.741,45.767
438.73,207.68,20.047,47.279
439.46,204.78,19.427,46.843
441.06,204.42,19.465,45.677
443.48,204.42,17.386,42.705
443.26,206.14,17.994,39.676
445.12,205.51,18.748,41.059
447.66,204.23,18.214,42.849
451.92,202.93,17.897,42.928
455.58,202.36,18.254,44.694
457,203.59,20.049,44.13
457.49,205.25,22.76,42.928
465.56,201.7,21.518,41.186
467.63,201.98,19.779,43.112
472.53,200.78,17.137,35.652
474.29,200.93,18.346,37.715
476.47,200.86,17.888,40.398
477.12,200.88,18.325,37.997
480.25,202.88,18.646,34.719
482.75,201.98,16.991,37.737
482.72,201.59,16.968,36.189
483.58,200.93,16.913,36.921
485.48,199.94,17.254,39.745
488.31,197.6,17.247,42.34
487.01,195.43,18.677,44.387
486.46,195.66,19.646,47.551
488.79,195.38,20.173,47.012
490.42,194.17,20.336,47.991
492.12,193.17,19.587,46.396
492.17,192.43,19.795,42.082
494.37,192.96,18.473,40.974
495.47,191.32,17.984,39.411
495.65,192.21,18.444,39.32
497.25,191.71,19.19,38.657
498.3,191.61,19.402,37.902
502.36,192.03,18.57,39.434
504.42,192,18.234,39.582
505.28,190.02,18.763,39.688
504.59,190.45,19.144,38.711
504.16,190.24,20.168,40.323
504.94,191.54,17.906,40.78
505.74,191.3,18.021,40.452
506.5,191.12,17.694,42.673
505.53,187.81,18.143,43.854
506.34,186.02,18.672,43.158
506.67,189.63,19.037,39.977
505.91,189.54,18.536,38.573
506.34,191.34,18.085,36.308
507.67,192.2,18.294,33.159
509.34,193.24,17.709,31.303
509.81,194.15,16.648,28.48
511.12,195.14,16.449,26.772
512.37,195.77,16.428,26.074
513.12,195.33,15.861,26.144
514.43,192.99,16.578,27.015
516.07,191.85,16.639,27.873
517.46,191.36,17.594,28.219
520.12,190.9,17.471,29.434
521.23,190.44,17.587,29.301
521.9,190.53,16.453,29.564
524.65,191.79,16.061,29.49
525.38,191.36,16.123,30.302
527.04,191.52,16.545,29.861
527.28,192.68,16.161,31.724
528.23,192.81,15.217,30.748
527.31,191.95,14.891,30.269
528.21,192.8,14.76,29.834
530.39,192.77,15.291,28.724
530.15,192.04,15.2,28.924
529.57,193.24,14.6,28.93
530.32,198.11,14.623,24.942
532,197.4,14.541,27.488
531.85,199.14,14.816,28.009
532.76,198.84,16.043,28.917
534.13,197.95,16.219,30.952
535.39,198.8,16.892,32.628
536.79,197.24,17.198,32.335
537.67,197.32,15.87,32.45
539.92,197.62,15.825,34.809
541.57,196.66,15.528,38.966
542.82,196.04,16.368,34.114
544.05,197.19,15.592,34.236
542.93,195.62,16.244,32.367
545.54,195.41,16.553,32.485
546.37,195.45,15.448,34.149
547.21,195.66,15.471,34.994
547.97,194.88,15.935,34.916
548.65,193.08,15.822,37.555
549.64,192.47,15.817,39.292
550.4,190.63,16.355,40.116
551.29,189.85,15.97,40.352
551.95,190.18,16.303,38.668
552.91,190.28,15.971,39.221
553.03,189.91,16.76,37.644
553.32,188.84,16.252,39.714
