325.44,413.44,14.443,41.443
325.65,416.03,14.54,40.206
325.17,416.14,14.683,41.199
324.89,416.61,14.567,41.6
324.55,416.49,14.466,40.615
323.96,418.01,14.736,41.261
323.01,418.99,14.421,40.744
321.64,420.54,14.457,40.8
320.08,420.59,14.413,40.861
318.64,420.43,14.482,40.848
318.12,420.04,14.46,40.89
315.44,419.98,14.573,40.605
314.46,420.78,14.564,41.002
314.71,420.8,14.598,40.562
315.15,421.46,14.716,40.792
315.2,421.39,14.655,41.091
315.77,422.54,14.504,40.471
315.76,422.67,14.439,40.734
316.18,422.98,14.492,41.095
315.96,423.08,14.463,41.557
315.58,423.36,14.554,41.795
314.76,424.36,14.338,41.486
316.1,423.01,14.742,41.653
317.6,422.63,14.426,42.123
317.93,423.13,14.585,41.852
317.96,424.19,14.418,41.419
318.81,425.74,14.618,41.51
321.45,428.15,14.644,41.317
322.89,430.6,14.559,41.619
321.25,432.4,14.547,41.365
320.53,431.27,15.039,41.825
319.54,430.28,14.661,42.103
319.82,430.05,14.963,41.53
319.1,427.97,14.942,41.345
318.67,427.31,14.989,41.48
317.22,427.58,14.864,41.239
315.16,428.61,15.021,41.322
313.75,430.5,14.942,41.791
313.34,433.8,14.898,41.667
311.79,436.97,15.096,42.063
311.07,439.48,15.222,41.609
310.4,439.76,15.014,41.776
308.89,439.44,14.847,41.445
307.78,436.12,14.731,41.828
308.42,433.11,14.591,41.093
306.72,429.35,14.708,41.266
304.57,426,14.736,41.669
300.5,422.45,14.982,41.816
300.25,423.62,14.646,41.46
298.73,423.81,14.718,41.678
297.43,424.02,14.942,41.512
300.51,427.88,14.854,41.355
300.1,426.08,14.816,42.124
299.49,425.12,14.937,41.968
298.09,424.13,14.842,42.042
297.62,423.43,15.14,41.646
296.02,423.96,14.869,41.723
293.85,424.21,14.793,41.382
292.52,423.52,15.1,41.151
291.29,423.03,14.808,41.249
289.67,422.13,15.047,41.456
287.34,420.12,14.746,41.443
285.92,419.81,14.76,41.813
285.08,418.18,15.164,42.407
284.58,418.89,14.996,42.014
283.54,419.76,14.946,42.272
284.77,420.65,14.692,41.812
286.16,421.9,14.959,41.721
286.92,422.27,14.911,41.654
287.59,421.17,14.962,41.795
288.08,420.62,15.217,42.002
287.8,421.06,15.192,41.621
287.31,420.2,15.282,41.951
286.64,419,15.171,42.061
285.83,416.94,15.188,41.723
285.9,415,15.108,42.034
284.89,413.23,15.154,41.842
284.7,410.67,14.878,42.951
284.06,408.7,14.993,42.966
282.88,406.31,14.845,42.49
281.83,403.09,14.786,42.411
281.05,399.78,15.031,42.848
280.94,395.2,14.872,42.762
279.84,390.18,14.755,43.731
279.09,387.73,14.972,42.336
278.29,385.39,14.829,42.266
278.19,383.63,14.905,42.546
277.45,382.13,15.438,42.416
276.8,379.95,15.132,42.211
276.97,377.44,15.037,42.192
276.5,376.56,15.195,42.177
276.93,376.57,15.03,42.103
278.16,377.07,14.713,42.455
278.16,377.33,15.143,42.629
278.24,378.02,15.017,42.559
278.69,379.4,14.847,42.489
278.47,381.57,14.88,41.914
278.73,383.02,15.141,42.537
278.91,384.7,15.246,42.35
278.97,385.39,15.162,41.875
278.54,385.98,15.203,42.15
278.23,385.62,15.185,42.555
277.16,385.45,15.179,42.365
275.9,385.11,15.556,42.39
274.87,385.64,15.303,42.169
272.12,385.59,15.231,41.921
270.78,385.11,15.508,42.269
267.65,385.18,15.404,42.595
265.33,384.75,15.417,43.281
263.55,384.19,15.346,42.684
262.37,384.02,15.109,42.633
262.6,385.2,15.082,42.936
261.5,386.75,15.384,42.961
261.55,386.55,15.375,42.93
260.91,386.86,15.46,43.109
261.49,387.21,15.029,42.945
261.05,387.13,15.145,42.47
260.68,387.31,15.187,42.805
260.23,387.36,15.112,42.44
259.32,387.03,15.474,42.628
258.25,386.09,15.388,42.844
259.12,386.33,15.061,43.169
259,387.7,15.199,42.905
258.55,388.69,15.355,43.501
259.5,390.33,14.976,42.693
259.52,392.35,15.421,43.921
260.94,394.51,15.266,43.787
261.53,396.94,15.351,43.099
261.9,397.08,15.373,43.324
261.45,398.22,15.587,43.053
262.41,398.61,15.299,43.529
261.46,398.22,15.748,43.219
262.15,397.78,15.325,42.612
262.04,397.09,15.535,42.573
262.52,397,15.451,42.733
262.01,395.73,15.915,43.03
262.3,394.58,15.635,43.06
261.88,394.25,15.924,43.664
261.43,394.05,15.847,44.124
261.23,394.88,15.863,43.988
260.32,395.07,16.043,43.812
259.58,395.91,15.892,43.62
259.54,396.27,15.703,43.992
258.26,395.63,16.569,44.266
257.2,396.02,16.94,44.183
256.46,395.09,16.776,43.536
256.65,393.74,16.299,43.811
255.67,392.79,16.433,43.76
254.34,392.22,15.915,43.538
253.33,391.46,16.062,43.771
251.66,389.69,15.601,43.347
249.35,389.18,15.948,43.711
247.84,387.63,15.983,44.156
245.99,384.86,15.942,44.856
242.59,382.07,16.223,45.034
239.67,380.43,15.943,44.295
237.45,377.97,16.074,44.337
236.29,380.02,15.887,44.602
235.18,384.92,16.601,44.637
233.7,388.69,16.469,44.736
233.3,391.68,16.001,43.956
235.94,394.04,16.449,44.121
242.96,398.77,17.135,43.359
249.26,400.01,16.747,43.546
256.39,398.77,16.686,43.571
266.61,397.5,17.161,43.524
273.51,398.34,17.299,43.561
278.24,399.14,16.748,43.907
277.13,396.27,16.737,44.324
274.77,390.78,17.219,45.076
275.11,384.04,17.067,44.589
274.35,382.75,16.77,44.054
269.32,384.99,16.869,45.195
260.18,391.86,18.475,45.069
249.28,394.98,18.486,45.027
240.47,394.15,17.331,44.648
236.19,390.95,17.324,44.85
232.64,384.11,17.236,44.858
228.05,380.83,16.824,44.449
222,381.73,16.224,43.615
217.12,385.29,16.41,44.135
213.91,387.46,16.437,43.738
209.18,387.6,16.354,44.218
205.32,390.06,16.188,44.673
199.77,392.07,15.913,44.722
196.25,395.2,16.206,45.07
193.58,395.78,15.684,44.807
190.29,395.1,15.957,44.498
189.95,397.47,15.556,44.838
187.01,398.91,15.824,45.081
186.03,401.53,16.125,45.629
184.57,402.62,16.123,44.732
184.73,401.29,15.988,44.686
186.46,401.96,15.84,44.177
187.55,401.67,15.918,44.095
189.07,401.82,16.193,44.034
192.08,402.42,16.873,44.015
195.68,399.87,16.871,44.259
198.39,396.15,17.424,44.09
200.95,392.55,17.633,43.815
203.67,392.2,17.057,44.236
206.6,391.84,16.91,44.167
207.51,391.59,17.724,45.133
209.75,394.58,18.087,45.37
213.8,396.59,17.926,46.254
215.95,398.67,21.718,46.52
217.63,397.75,19.275,46.313
218.97,396.28,20.357,46.481
218.01,395.01,18.444,46.352
214.35,395.08,17.467,46.28
209.92,398.32,17.307,45.984
208.92,400.09,17.132,46.567
207.56,401.47,16.567,46.446
206.4,403.44,16.773,47.601
205.41,404.43,16.834,47.834
204.36,405.02,16.697,48.778
205.37,406.27,16.284,48.298
206.2,407.14,16.445,48.12
204.64,405.64,16.805,48.504
207.63,406.77,17.239,48.78
209.47,407.79,16.488,47.985
211.06,406.3,16.154,47.838
212.03,404.95,16.687,48.722
212.82,405.82,16.575,47.907
214.43,405.66,16.696,47.831
215.66,405.15,17.165,48.403
216.3,406.26,17.06,48.035
216.41,408.28,17.617,48
218.24,409.99,17.897,48.953
217.89,412.62,18.385,49.778
216.8,415.64,18.747,50.499
218.53,418.07,18.669,50.995
217.77,421.82,20.201,51.565
214.46,423.57,21.267,52.054
212.51,425.67,21.138,52.689
209.65,427.59,21.225,53.266
207.64,430.49,21.853,55.379
206.19,430.28,22.325,55.645
203.93,427.8,22.503,56.315
206.43,425.31,21.701,58.202
208.39,423.93,20.718,58.77
207.99,421.78,20.581,59.186
208.86,421.68,20.412,59.096
207.73,418.39,21.174,61.644
208.17,417.52,22.169,63.628
207.86,416.32,22.161,65.313
208.12,416.12,23.102,65.962
207.86,418.32,23.14,67.043
209.06,420.06,24.22,67.571
210.22,420.2,24.836,68.723
212.13,422.45,24.893,69.994
213.81,423.62,25.155,71.503
216.31,424.35,25.755,71.679
218.01,425.59,26.164,73.713
219.16,425.62,25.754,73.947
221.16,426.66,27.18,75.833
220.71,430.57,27.456,76.929
219.96,432.59,27.973,78.023
218.33,432.35,28.567,78.778
216.86,433.31,28.96,80.781
214.3,435.4,29.438,82.092
211.07,437.4,31.107,83.568
207.33,437.87,32.689,84.937
207.3,438.48,34.196,85.836
208.46,439.5,36.55,87.74
205.96,438.98,36.7,89.203
202.21,441.52,37.462,90.072
198.19,442.53,36.876,91.009
198.24,442.53,36.435,92.389
199.44,441.4,35.272,91.612
201.19,436.92,33.301,92.388
202.03,432.61,31.161,91.46
200.03,426.54,29.545,92.669
197.5,421.65,30.156,92.79
196.18,416.85,30.442,93.078
194.09,413.47,30.943,93.919
194.32,412.28,30.593,94.279
195.22,411.42,30.824,94.347
197.82,411.44,30.968,94.773
199.83,412.16,31.066,94.633
201.78,411.99,30.993,94.505
202.71,412.06,30.8,95.292
203.12,411.77,31.005,95.037
201.68,411.17,31.601,95.449
201.83,412.87,31.456,93.989
200.52,411.57,31.968,94.843
198.7,409.9,31.806,95.084
190.25,412.31,32.045,93.275
178.94,413.69,33.26,93.86
174.87,416.1,33.399,94.665
168.04,416.81,32.242,95.373
166.07,417.64,33.257,95.993
159.72,420.21,34.464,96.611
150.14,420.63,34.886,96.248
148.22,423.12,35.191,96.383
146.74,425.35,34.404,96.715
147.43,428.73,34.827,97.002
148.41,431.77,34.779,97.172
149.56,434.41,34.682,96.094
154.06,435.71,35.076,95.553
159.51,436.98,33.343,95.807
166.05,438.31,33.583,95.177
168.25,436.04,31.776,96.552
171.74,437.65,32.913,95.443
174.93,441.62,33.569,96.012
175.11,444.42,32.573,97.765
175.47,446.38,34.2,98.558
175.27,447.13,35.226,98.627
175.15,447.16,34.466,98.692
176.86,447.44,35.002,99.101
177.45,445.33,34.519,99.441
175.65,441.4,34.52,99.726
173,434.78,34.125,101.53
165.77,425.22,34.108,100.26
163.09,420.35,34.154,99.689
163.53,417.08,34.001,99.555
163.67,413.95,34.227,98.927
171.53,414.18,34.269,98.175
179,419.05,34.302,97.93
188.52,422.85,34.792,96.907
195.13,422.68,35.567,98.243
206.49,424.19,35.32,100.24
214.82,431.08,35.258,100.32
220.78,435.52,35.309,99.416
226.32,439.77,35.786,99.583
231.72,441.33,36.291,100.32
238.17,439,35.678,101.35
242.83,436.57,35.935,101.58
246.45,431.68,36.596,101.83
248.19,426.83,35.662,100.49
250.67,424.16,34.742,100.01
254.01,421.84,34.632,99.833
257.7,418.49,34.546,99.857
256.04,416.79,35.543,99.075
257.34,415.85,35.427,100.52
256.31,418.41,35.929,102.14
258.33,421.53,35.732,102.88
257.38,422.54,35.647,103.01
254.55,420.77,36.499,103.79
254.24,420.02,36.164,104.17
251.23,416.5,36.284,105.29
249.77,415.68,36.806,104.98
250.59,414.19,36.004,104.31
253.8,409.95,36.594,103.57
257.75,409.92,37.015,103.68
255.33,410.13,36.671,103.47
253.98,410.5,36.658,103.32
252.76,410.28,36.728,103.2
251.71,406.36,36.667,101.79
250.64,403.89,36.567,102.56
250.3,397.92,36.74,105.18
247.22,395.05,37.88,103.98
247.6,394.57,37.122,105.11
247.33,392.38,37.107,105.03
247.93,387.17,37.695,105.98
250.47,380.72,37.774,106.42
255,378.75,37.877,106.88
257.72,376.85,37.341,108.08
257.8,375.28,37.146,106.91
257.44,373.63,36.857,106.04
258,372.11,36.11,106.2
260.8,373.12,35.964,105.58
260.74,375.43,36.599,105.87
261.66,377.75,37.032,105.64
261.52,378.1,37.609,106.04
262.09,381.05,38.371,107.96
258.59,387.56,40.396,108.98
258.85,394.76,39.265,109.44
255.91,399.57,40.023,108.35
254.19,403.43,40.087,112.84
252.93,404.07,41.07,113.26
251.86,402.78,41.113,114.86
252.99,403.5,40.638,115.66
255.77,404.48,42.118,116.24
255.65,404.07,42.342,118.74
254.7,400.76,43.796,119.05
256.03,401.07,44.234,121.65
255.76,400.42,46.071,122.52
257.56,394.76,47.844,124.98
260.76,394.31,48.247,126.48
258.11,398.4,49.186,131.28
256.86,399.23,49.928,136.29
256.84,398.72,50.576,137.4
255.68,395.12,51.48,139.63
250.12,394.04,54.119,142.82
251.2,392.73,52.19,144.71
252.61,393.15,53.088,148.65
251.03,393,52.801,149.15
248.82,392.97,53.55,152.04
248.76,394.53,53.943,153.76
246.3,391.81,55.247,154.49
245.75,390.14,55.7,156.98
244.67,391.83,57.401,159.37
241.98,389.33,59.386,161.42
240.64,390.63,60.075,167.45
244.51,399.43,61.188,171.99
245.06,407.95,61.342,174.01
244.33,410.86,61.25,174.09
243.65,415.65,61.004,175.82
245.24,425.17,61.228,175.5
246.45,433.75,61.51,175.92
246.14,436.21,61.76,174.39
241.33,431.86,63.097,174.15
237.43,428.38,63.389,172.62
233,422.94,64.058,171.55
228.46,419.1,64.46,172.68
223.29,409.96,64.427,172.39
219.51,393.09,63.45,172.85
215.28,382.19,63.888,172.82
217.86,375.95,61.817,173.78
218.84,377.66,62.02,177.98
220.05,379.74,61.956,179.73
223.11,380.62,61.9,179.55
224.51,381.62,61.658,180.03
224.98,385.03,62.057,181.85
226.48,387.18,61.538,178.68
228.34,387.5,62.64,177.56
229.17,386.35,62.233,177.45
229.08,383.84,62.021,177.43
229,382.28,62.241,175.92
228.36,381.43,63.183,175.89
227.01,379.4,63.431,174.76
229.92,377.78,62.906,174.59
231.25,380.64,63.198,174.29
236.32,389.4,63.643,176.95
239.96,401.9,64.287,180.62
239.51,417.98,63.797,181.55
242.68,419.16,62.927,180.37
241.48,416.38,63.561,179.69
244.23,418.98,63.581,180.27
241,414.74,63.587,176.64
235.74,411.78,64.161,181.88
225.56,410.61,63.85,183.39
221.61,401.4,63.555,182.9
218.79,392.03,64.894,181.98
219.76,389.2,64.102,181.37
220.6,387.56,63.008,177.68
217.04,386.59,63.639,174.49
221.37,386.85,61.091,175.08
221.86,389.26,60.558,178.47
221.21,393.42,60.475,178.67
224.37,400.64,59.128,177.88
226.26,405.13,58.391,173.19
228.69,405.31,56.831,172.61
236.73,407.68,55.929,168.87
238.74,408.29,56.708,167.41
241.17,412.85,55.236,163.99
238.98,411.72,54.599,162.79
236.83,406.21,53.426,157.63
235.57,401.78,53.638,153.3
235.1,400.21,49.671,153.92
231.17,396.29,51.503,150.99
227.98,394.22,50.811,144.32
224.24,397.33,51.277,143.06
220.6,396.44,49.433,141.12
216.52,396.07,47.357,138.65
214.98,396.65,46.43,138.23
214.26,400.22,46.041,134.77
213.78,400.12,43.875,133.76
213.41,400.82,44.41,134.38
213.38,400.72,42.886,130.71
212.67,397.96,43.186,129.16
213.75,394.23,41.667,127.82
214.45,392.68,41.242,124.97
215.68,391.92,40.706,123.79
215.31,392.15,39.96,122.2
216.2,394.68,39.901,119.44
215.14,395.22,39.707,118.89
217.81,395.12,40.317,117.94
218.39,395.01,39.598,117.46
219.99,395.84,39.855,116.17
222.65,398.41,38.477,112.72
223.45,398.84,38.109,111.91
226.02,398.27,38.562,110.44
229.3,401.12,37.197,110.5
233.35,403.53,36.867,107.95
238.88,404.58,35.904,106.98
241.87,409.79,34.898,102.98
243.92,410.8,35.185,102.41
245.26,411.64,34.647,100.48
247.34,415.58,34.912,98.153
248.21,416,35.137,99.051
249.56,418.44,34.761,100.27
248.65,419.89,35.236,102.15
249.31,422.29,35.121,103.58
249.87,425.16,34.721,102.72
250.58,427.6,34.934,103.33
251.36,429.37,35.393,103.78
251.72,432.79,35.211,103.63
251.92,433.22,34.854,104.01
251.37,433.92,35.335,102.47
251.47,435.68,35.456,103.33
250.4,438.15,35.531,102.68
251.16,437.97,35.966,102.03
250.45,434.81,35.631,102.6
250.66,431.82,35.902,101.24
252,428.21,35.849,101.75
250.79,422.1,36.315,102.61
248.81,417.24,36.441,103.59
252.24,417.43,36.385,104.78
251.29,415.62,36.629,105.22
251.87,414.76,36.269,104.57
253.67,413.27,36.758,104.77
255.02,413.29,36.793,107.13
256.31,413.27,36.916,106.48
257.43,412.34,36.709,105.36
258.41,410.73,36.513,105.12
260.52,410.25,36.176,105.06
261.21,410.11,36.207,104.88
260.74,410.7,36.471,103.87
261.49,413.26,36.856,104.42
260.6,413.76,36.906,104.24
260.48,415.08,36.758,106.23
259.85,417.76,36.923,108.16
257.94,422.56,36.559,107.77
256.29,427.08,36.464,107.51
253.29,432.04,36.387,109.2
247.81,436.21,37.036,111.83
240.84,440.03,36.899,111.64
236.72,442.24,36.59,111.55
233.2,445.67,36.992,112.05
231.23,447.99,36.879,110.83
228.56,449.27,36.519,109.79
228.46,449.9,35.615,108.48
225.71,450.46,36.288,109.57
224.49,450.63,36.642,108.38
223.93,451.25,36.343,109.31
224.08,452.19,37.204,111.37
223.93,452.55,37.622,113.76
224.53,454.06,38.199,113.75
223.7,454.33,39.116,114.29
223.55,455.2,39.139,114.33
223.2,456.17,39.438,114.22
225.37,455.62,40.406,115.23
226.82,454.86,39.749,115.59
228.63,455.64,39.022,113.86
231.2,455.91,39.114,113.12
230.98,454.58,39.559,112.96
233.67,455.69,39.051,111.82
233.39,456.3,38.85,111.62
232.45,456.55,39.555,111.09
233.23,456.73,39.782,111.58
233.31,456.21,39.525,114.57
232.76,457.31,40.335,116.62
233.83,458.67,40.434,116.44
233.92,458.17,40.182,115.53
236.67,458.68,40.98,116.49
238.35,459.28,40.014,117.62
240.19,459.95,40.601,117.14
241.25,460.92,40.967,116.77
237.61,458.93,41.236,116.56
230.17,457.96,42.508,115.28
228.22,455.51,41.613,113.63
233.36,451.19,42.874,114.45
241.17,446.16,41.63,113.48
244.38,441.99,41.883,112.27
243.36,442.05,41.449,114.19
242.42,445.81,41.317,116.94
243.39,449.86,41.414,119.11
242.48,452.41,41.644,119.71
241.08,454.1,42.478,119.71
240.41,453.74,41.974,121.49
238.59,449.1,43.279,121.07
243.51,445.58,43.443,120.77
246.8,444.1,42.326,120.56
248.75,441.28,42.901,119.04
251.17,438.51,41.328,118.36
253.61,437.71,41.819,118.21
255.17,434.92,41.535,117.4
257.32,433.66,42.263,115.62
259.11,432.19,42.383,115.66
259.3,431.49,41.734,116.78
259.76,430.64,42.056,120.77
259.82,429.67,42.337,122.69
261.8,429.17,42.162,122.49
263.65,429.49,42.294,120.45
264.99,429.77,42.507,123.36
263.78,431.29,42.516,123.05
262.78,433.48,43.172,124.6
262.06,434.8,42.454,125.41
260.89,435.81,43.333,124.38
258.12,435.81,43.856,123.26
254.54,437.1,44.136,122.64
249.06,436.41,44.637,121.61
244.77,433.73,44.022,120.38
241.31,432.17,44.097,120.03
237.72,431.61,43.713,122.08
235.47,430.53,44.667,127.11
233.75,429.8,44.801,128.36
234.83,430.61,47.708,127.63
235.96,430.74,44.572,129.03
236.21,430.28,47.123,129.6
237.85,428.98,48.113,129.74
240.34,429.12,47.094,130.48
242.94,429.21,47.745,128.51
244.83,428.85,47.875,127.82
245.94,430.14,46.228,127.37
245.4,431.07,45.613,126.37
243.87,432.71,46.321,124.39
243.22,433.58,46.746,124.62
242.86,436.13,45.707,123.31
241.42,440.01,45.857,126.57
241.16,443,45.106,130.06
239.57,444.67,46.529,131.27
236.25,449.3,47.905,130.48
236.26,452.89,46.643,130.36
235.95,456.74,46.988,130.89
238.74,457.69,46.817,129.76
238.06,458.27,46.92,134.6
238.51,459.42,46.017,132.57
238.66,459.47,46.335,130.73
239.15,460.38,46.061,127.78
239.97,460.18,47.084,125.25
243.55,461.84,46.409,123.94
243.94,462.23,45.861,122.65
242.04,463.42,46.258,123.62
242.08,465.18,45.746,126.97
242.75,467.73,46.031,130.99
242.2,470.85,46.647,134.58
242.42,475.4,46.319,134.64
241.69,478.97,47.138,135.2
241.9,481.96,46.919,135.33
242.31,483.91,47.495,137.13
242.19,487.05,47.319,135.47
241.72,490.09,47.456,133.8
242.36,492.78,47.497,131.33
242.92,494.3,46.982,130.99
242.11,495.64,47.096,128.15
242.1,497.14,47.267,127.83
240.67,497.83,47.627,126.28
239.36,495.79,48.424,126.64
234.95,496.04,48.471,129.81
232.1,496.13,48.439,133.08
230.28,494.42,48.641,134.57
230.32,490.46,48.701,134.55
232.44,489.65,47.963,135.23
233.9,488.05,50.126,135.8
236.37,487.39,50.719,136.34
236.83,486.58,55.698,137.33
238.14,485.01,58.467,136.45
238.55,487.97,56.84,132.42
238.71,489.87,53.985,131.6
238.02,491.26,55.176,130.59
237.53,491.81,54.986,129.35
236.8,492.39,56.516,128.09
235.78,493.63,51.48,127.76
236.68,494.98,52.495,131.59
237.76,495.86,53.496,136.67
237.54,497.15,49.559,138.27
237.58,497.41,53.565,138.77
238.59,500.33,48.726,136.03
237.53,503.5,49.83,132.37
237.88,507.72,49.164,129.51
239.19,511.69,48.71,125.56
238.8,511.92,48.444,125.37
238.05,511.81,49.307,125.32
239.46,512.46,49.884,124.74
239.53,512.38,49.536,124.88
240.33,512.47,50.51,124.35
239.89,511.77,50.144,124.88
240.12,511.01,50.564,124.86
240.67,509.27,51.327,127.48
241.13,508.34,51.507,128.98
241.51,508.1,50.949,128.98
241.32,507.59,51.599,128.67
240.42,508.11,51.669,127.72
240.98,509.59,51.765,126.14
240.63,505.58,52.145,130.95
241.56,504.63,52.187,132.61
240.49,502.39,52.754,133.62
239.93,497.6,51.96,135.56
240.64,494.4,53.231,134.2
238.78,490.76,53.007,132.59
238.49,485.34,52.8,132.09
238.38,481.06,53.32,129.62
237.87,478.03,52.949,133.56
237.56,476.54,52.752,138.84
239.28,476.44,53.915,143.48
241.91,475.04,53.375,145.94
245.39,474.44,54.226,147.31
248.47,474.51,54.787,147.93
250.78,475.28,54.991,149.56
252.97,477.29,55.065,148.2
254.9,477.74,54.29,146.38
256.22,478.38,55.173,144.05
258.15,478.24,53.758,142.23
259.24,479.54,54.209,139.1
260.16,478.45,55.585,137.43
261.66,477.69,55.871,135.4
263.43,477.48,55.757,133.3
263.66,479.52,56.262,134.85
264.02,478.98,55.499,137.33
263.44,481.2,56.083,134.22
263.35,484.59,56.71,128.25
262.77,485.53,56.282,126.48
263.83,487.56,56.148,126.99
264.52,489.76,55.698,123.45
262.57,491.84,56.074,122.71
261.5,491.66,56.514,123.4
260.44,492.6,56.612,122.36
258.18,492.41,57.448,121.16
257.18,491.76,57.2,120.93
255.54,490.6,57.897,117.46
254.52,488.48,57.821,116.62
254.5,486.39,57.601,114.76
253.37,485.2,57.415,108.56
252.9,485.42,57.75,101.9
253.55,485.85,56.542,96.857
256.52,489.27,55.14,91.381
255.12,493.68,54.939,85.849
250.99,498.97,52.765,84.616
248.61,502.52,53.405,84.107
247.77,505.74,51.803,82.635
