197.24,248.24,94.242,324.24
191.96,247.59,101.83,317.39
191.29,248.35,103.03,317.01
190.64,248.13,103.37,317.43
191.4,248.39,103.36,317.73
192.03,248.43,103.07,318.66
193.18,249.11,103.83,320.48
195.63,250.31,103.73,324.35
197.05,250.68,105.23,326.85
198.27,249.1,106.08,328.63
199.14,248.14,107.32,328.84
201.98,248.35,107.38,329.67
204.88,249.6,105.59,334.98
206.84,253.13,105.32,335.51
207.83,255.75,105.48,337.96
209.65,257.39,105.84,338.13
211.67,255.73,104.72,335.75
214.26,251.45,105.77,336.28
217.26,247.86,105.75,336.92
216.91,243.67,105.84,335.57
215.37,236.58,105.4,336.67
208.85,231.82,107.9,336.94
206.05,226.1,106.92,339.13
202.6,221.89,107.2,342.21
198.57,219.55,107.09,342.7
198.09,217.91,106.06,341.15
199.59,215.56,106.44,341.32
201.44,213.25,105.84,340.82
204.84,212.4,108.34,346.39
209.83,218.02,107.93,345.34
212.59,226.28,107.4,345.53
212.56,232.22,107.62,349.1
209.29,234.64,109.81,353.03
210.83,234.91,109.88,354.41
208.1,237.2,111.16,353.06
206.35,238.76,114.19,354.46
205.05,240.77,114.04,353.94
202.9,238.21,114.6,350.32
200.79,233.41,114.49,346.85
199.94,228.67,114.75,345.99
197.86,223.65,116.21,347.08
198.56,220.51,117.2,345.46
201.11,213.1,114.92,342.97
200.59,206.27,117.71,339.22
204.29,200.97,118.06,338.84
213.44,201.01,115.11,340.31
221.58,201.6,111.8,339.31
223.89,198.43,110.84,337.48
231.13,200.09,107.88,335.71
237.67,206.59,106.75,336.29
235.63,210.98,111.57,334.89
232.72,210.74,113.03,333.6
228.14,208.41,117.37,332.88
227.68,205.84,120.23,334.78
232.3,205.09,120.89,334.9
230.99,205.5,123.64,333.78
228.08,203.62,122.53,331.07
225.38,206.35,124.73,330.6
220.14,208.18,120.09,331.5
206.74,202.91,120.57,331.36
193.87,193.67,122.25,331.78
184.16,177.96,115.4,334.13
180.45,166.75,112.21,335.41
176.67,157.02,110.99,333.28
175.94,153.85,108.68,334.82
177.63,159.49,109,335.97
178.77,163.28,109.04,333.84
181.2,167.45,109,332.05
184.48,172.23,110.42,330.99
189.25,176.91,112.86,329.71
193.61,181.94,113.61,328.55
200.47,183.57,113.77,326.63
206.47,183.66,113.99,326.4
208.47,187.17,113.91,326.59
213.99,204.86,113.01,325.71
215.5,212.96,112.91,325.74
211.59,213.32,112.54,327.08
213.01,209.59,106.55,328.32
212.04,204.61,104.69,329.25
210.24,195.46,104.22,330.7
211.88,188.31,100.75,330.04
214,185.24,99.33,325.48
217.23,182.55,99.333,324.47
221.02,179.9,98.326,321.55
222.68,179.59,100.07,324.96
231.33,183.8,99.871,325.32
239.12,193.07,99.184,327.95
249.15,202.11,100.61,326.91
262.9,210.79,100.33,329.18
276.29,215.49,99.929,329.86
292.68,218.04,98.887,329.98
310.65,218.6,99.942,329.69
324.94,216.36,99.845,329.86
339.79,215.5,100.51,330.12
352.41,210.8,99.97,329.8
358.97,205.1,104.13,328.15
356.99,196.66,103.02,326.99
355.87,185.4,104.83,325.66
360.27,178.04,102.33,325.65
358.63,172.82,103.95,325.34
363.83,169.75,102.16,326.87
365.87,169.43,104.59,327.32
364.14,167.46,107.85,324.89
353.42,165.77,120.62,324.65
352.6,171.82,123.05,325.19
356.07,176.08,119.08,324.06
358.46,182.45,117.52,324.64
360.01,189.38,116.85,324.66
364.14,195.08,113.13,326.51
370.54,201.61,106.38,330.12
374.34,206.6,101.81,332.71
373.75,208.5,102.37,331.64
373.07,210.47,103.85,331.87
373.91,213.07,102.96,332.22
376.77,216.33,100.65,332.77
372.16,217.59,105.35,330.21
366.03,203.69,109.86,333.55
360.46,189.7,111.78,335.14
352.76,183.22,116.25,336.9
348.44,183,119.54,335.58
339.92,188.08,121.56,336.12
332.96,195.04,125.73,341.35
325.26,204.29,125.54,343.73
316.56,209.42,126.51,347.85
310.81,215.13,125.96,350.49
304.98,221.74,127.11,353.86
300.62,232.95,125.55,355.21
297.18,240.83,123.17,348.31
294.47,247.86,125.13,346
292.15,257.82,122.28,341.6
292.73,260.68,119.48,340.95
292.01,261.44,118.63,338.59
296.81,256.71,112.82,339.73
299.82,254.14,109.95,338.93
299.39,251.91,107.42,338.59
299.22,246.89,105.8,337.28
302.66,242.44,102.8,336.87
301.45,232.29,100.05,333.55
300.74,223.05,97.509,333.11
299.73,216.68,96.43,332.42
298.86,209.99,94.839,331.81
299.43,206.72,92.405,330.93
303.95,204.43,88.052,329.94
307.04,206.23,86.186,330.05
309.38,209.06,84.787,329.95
309.9,214.26,84.182,329.25
306.77,219.82,88.923,326.88
301.95,224.31,95.271,326.89
301.07,225,98.9,325.23
301.52,227.92,101.34,322.79
306.97,232.42,99.382,320.38
308.61,235.59,103.04,319.58
310.81,236.95,102.76,316.79
310.84,239.6,100.85,311.92
314.72,237.54,96.493,309.78
313.32,234.25,98.578,309.85
315.45,231.87,95.687,308.19
316.03,226.03,92.688,308.09
311.54,218.96,92.123,306.9
309.09,212.13,91.303,305.85
308.83,209.6,90.081,304.03
307.83,210.68,88.826,298.23
306.43,210.96,84.979,292.4
302.86,209.97,80.644,286.25
300.48,207.52,78.472,281.18
299.52,207.86,76.828,276.62
298.47,210.21,78.56,274.2
298.12,216.5,80.02,274.19
297.59,224.11,80.565,273.13
295.48,231.77,83.668,272.71
292.15,237.84,88.301,271.18
293.05,243.92,90.192,269.66
293.07,248.47,92.598,267.9
296.73,252.57,93.219,264.6
300.71,256.94,92.621,262.39
307.24,259.86,90.721,260.11
311.83,258.27,90.383,256.67
316.52,257.18,90.745,255.28
322.31,258.22,89.361,252.07
314.17,257.92,96.105,248.9
330.38,255.61,82.081,244.94
327.01,251.21,82.402,240.52
329.24,243.9,79.448,238.78
325.72,239.92,82.271,234.94
324.37,236.08,83.146,236.13
331.4,234.72,76.824,233.94
333.65,233.18,75.163,233.84
336.69,231.2,73.256,235.52
337.92,232.32,73.142,235.37
339.94,236.21,73.445,235.28
339.71,240.61,74.089,238.31
342.12,245.59,73.218,234.23
340.46,249.09,75.348,232.95
339.01,252.74,77.346,231.64
335.86,255.42,80.751,227.22
318.54,259.04,98.133,227.28
324.52,262.11,94.121,233.29
337.32,265.04,80.278,229.26
332.53,267.53,82.84,224.92
331.01,268.79,82.877,223.93
328.28,269.42,80.784,227.45
322.86,268.28,77.63,230.57
317.57,263.8,71.017,224.12
317.57,257.39,57,215.2
314.43,250.41,57.093,219.84
313.91,246.09,56.145,211.09
312.53,244.28,56.824,225.11
311.31,244.87,56.937,220.09
312.57,244.2,59.397,219.04
314.67,243.42,63.502,218.4
310.24,243.97,69.264,214.95
311.1,246.57,73.605,213.28
309.59,249.61,81.834,212.73
307.89,251.79,86.106,210.69
308.7,252.7,90.894,209.12
311.94,255.34,92.068,209.31
318.92,261.73,91.359,207.8
329.34,266.2,85.25,209.67
332.91,270.03,78.914,209.99
336.28,274.39,83.668,210.94
339.68,273.25,83.217,216.46
336.79,272.28,84.167,219.9
342.31,272.3,80.718,214.59
342.84,269.89,74.832,215.04
343.76,264.4,72.798,214.4
347.86,258.46,68.903,212.58
347.45,252.64,68.808,212.84
351.29,248.72,68.5,212.19
355.42,246.68,68.595,215.11
357.36,244.1,68.174,213.37
358.36,238.79,69.263,219.36
361.53,234.26,68.916,218.63
367.63,232.95,64.343,214.24
371.58,236.36,64.528,211.54
374.68,239.88,64.153,210.48
376.9,242.71,62.329,208.9
377.92,243.45,62.36,211.06
378.76,245.66,62.087,208.43
379.28,247.51,62.22,207.48
377.71,251.53,64.296,207
376.5,255.6,65.472,206.09
375.66,258.18,62.664,205.24
371.42,258.07,64.905,209.75
365.24,256.06,67.155,210.44
358.11,252.78,66.571,207.48
350.88,250.5,67.276,202.79
342.73,248.36,69.76,204.71
336.64,247.21,67.453,207.92
330.68,242,67.924,204.53
322.91,236.6,72.926,207.12
311.45,231.72,80.091,217.09
311.72,228.37,77.01,208.33
314.19,228.85,72.846,209.63
315.31,231.31,71.428,216.14
313.95,230.88,70.559,205.79
314.16,228.22,69.219,202.56
304.52,223.66,79.989,198.65
307.61,221.02,81.165,196.08
312.57,222.61,81.398,194.67
317.37,225.38,81.113,196.07
321.84,229.19,82.302,199.15
327.92,234.87,80.995,196.5
336.18,239.11,79.143,199.12
342.32,242.33,77.214,199.6
349.52,246.3,75.669,200.28
358.15,251.69,71.818,199.48
366.15,256.67,68.832,198.91
372.66,260.75,67.822,200.05
379.37,264.16,65.988,200.36
380.41,267.3,66.032,200.68
381.65,268.61,67.342,205.51
380.9,267.67,67.131,205.66
375.53,264.27,72.623,199.59
364.16,261.76,85.396,199.66
364.39,259.29,85.465,203.39
357.55,258.68,91.95,204.61
355.71,258.26,92.358,208.4
354.79,257.65,92.303,213.7
354.72,256.87,90.87,216.26
355.76,258.21,89.249,210.52
355.6,257.6,87.615,204.19
355.98,256.58,85.769,202.78
350.72,254.9,87.867,203.72
348.77,252.23,84.974,204.98
345.12,250.35,82.576,205
342.04,249.32,81.169,206.57
337.49,247.87,79.559,207.64
331.43,246.51,78.405,209.25
325.53,245.49,77.186,210.9
318.3,244.96,77.507,212.58
311.93,243.86,75.981,213.45
303.51,242.92,75.631,215.42
295.63,241.99,76.072,217.49
286.85,242.02,76.854,219.5
278.32,241.45,75.069,220.46
268.6,241.62,77.104,220.83
260.77,241.71,74.57,222
252.68,243.43,74.292,223.03
244.25,245.41,73.324,222.85
237.64,246.55,72.509,223.9
230.23,247.82,72.15,223.78
224.46,249.58,71.677,225.16
217.84,252.38,70.66,226.45
212.33,253.9,67.843,225.91
203.06,249.78,71.193,227.57
198.43,244.92,68.991,227.7
193.87,243.29,67.043,227.64
189.96,242.41,67.874,227.69
181.15,240.47,73.203,228.59
178.91,238.19,70.447,226.21
171.8,235.91,76.555,228.24
169.59,234.22,79.834,226.38
169.51,232.02,85.738,227.57
173.31,230.74,86.701,226.95
175.7,230.09,89.363,227.61
181.72,231.18,90.754,228.06
188.97,236.13,91.839,226.62
199.43,239.27,91.644,226.32
209.37,243.05,91.59,227.18
220.68,247.51,91.153,227.34
231.81,250.81,89.651,228.98
244.5,251.98,84.851,229.96
252.82,251.74,82.548,231.43
261.75,251.62,79.064,231.27
271.25,252.53,70.853,231.38
277.24,255.78,64.946,235.06
279.07,258.94,62.742,231.07
281.33,261.65,62.743,229.68
282.02,262.67,65.759,234.44
280.6,259.36,68.137,242.34
280.14,257.04,69.748,229.59
284.29,254.66,65.967,231.65
286.82,252.24,63.722,238.57
289.65,251.67,61.537,237.64
289.99,250.7,62.118,243.54
290.34,250.07,64.256,239.94
290.59,251.41,66.106,230.95
290.52,250.07,65.979,228.72
290.04,246.18,65.473,227.62
286.16,243.09,65.97,228.57
280.49,240.54,76.137,235.01
271.57,238.44,69.949,230.09
267.5,239.89,73.038,227.54
270.75,244.64,66.451,239.5
271.25,253.47,65.961,245.89
272.41,262.73,65.648,248.7
272.26,265.48,66.499,240.26
272.8,266.67,65.775,232.92
279.27,268.56,65.29,235.57
283.4,268.76,63.217,227.36
283.57,267.76,67.687,223.59
288.55,266.36,65.815,213.58
298.06,262.08,62.946,214.09
300.58,258.09,67.077,212.45
314.26,257.04,62.119,218.45
322.07,258.84,63.825,207.57
332.84,263.19,66.593,201.98
340.11,265.77,65.77,203.21
342.7,265.4,71.95,193.28
350.28,265.54,70.889,186.73
359.93,263.38,66.675,186.69
361.95,259.25,68.501,196.2
364.63,253.58,69.271,198.57
367.4,249.21,68.499,198.79
369.23,245.61,66.928,201.06
369.54,241.98,68.53,203.12
368.07,236.58,70.556,209.75
367.36,230.72,70.539,210.09
360.82,225.22,75.856,203.52
358.67,221.17,75.101,216.7
355.85,216.5,76.513,212.01
348.27,214.79,77.57,206.93
338.51,216.05,79.488,213.12
329.13,219.25,80.88,222.9
314.65,226.26,84.188,206.99
309.28,235.24,78.218,201.4
296.53,239.38,81.056,200.93
287.17,242.03,78.101,203.7
273.64,243.27,78.712,204.11
260.02,245.41,80.036,204.84
246.56,246.34,81.594,209.52
234.4,245.5,82.446,215.03
227.84,243.2,75.676,211.03
219.94,239.88,73.24,212.98
211.41,234.69,70.704,220.37
202.4,228.72,71.076,216.68
197.07,226.7,70.963,216.65
191.81,226.84,69.854,212.97
186.92,229.26,69.684,217.13
182.85,230.87,68.277,219.92
178.06,232.21,68.288,218.77
173.98,233.32,67.755,217.67
167.81,233.91,68.006,219.27
162.31,234.63,69.33,218.82
152.79,236.07,75.108,221.4
147.04,238.06,79.561,220.15
141.89,239.88,84.597,221.66
140.84,243.42,86.612,222.49
142.6,250.23,88.321,221.02
146.61,257.38,90.188,220.86
150.77,262.67,88.889,223.31
154.12,263.21,86.426,224.87
157.71,262.94,85.363,224.66
161.42,260.31,82.997,224.6
163.39,254.78,83.101,224.8
165.83,249.11,81.962,224.42
171.63,244.82,79.479,226.1
173.05,241.68,80.367,228.72
177.07,238.33,81.11,228.35
177.97,230.85,83.719,234.32
176.54,221.15,85.634,231.2
178.66,213.79,83.14,227.92
179.4,209.16,82.588,225.54
180.7,207.87,83.887,225.12
180.35,210.22,85.784,225.92
179.46,214.28,85.832,227.28
179.46,218.41,84.577,228.98
178.96,221.53,83.965,231.25
179.18,223.83,81.569,231.27
179.77,225.27,80.754,228.99
179.47,227.27,80.408,229.15
178.18,227.86,79.461,230.73
177.43,228.91,78.358,233.46
175.43,229.88,77.497,233.61
171.97,229.88,77.964,233.81
170.48,229.03,76.867,233.89
166.92,225.74,76.072,235.13
162.93,220.13,75.795,236.56
158.42,213.16,75.988,237.34
155.32,207.27,76.873,236.62
154.28,203.93,78.358,237.69
155.01,203.22,78.38,237.2
153.55,196.73,79.542,237.99
152.47,191.09,80.18,238.23
153.51,188.75,80.719,238.37
154.32,189.03,81.461,239.35
155.07,193.17,83.82,241.11
155.65,200.87,85.572,243.14
156.09,206.32,82.424,245.38
157.73,211.54,81.311,246.95
157.64,215.82,82.445,247.86
158.5,219.35,82.602,243.91
159.9,224,86.43,245.26
159.05,227.29,84.02,247.02
159.55,230.06,85.162,249.33
159.47,231.89,85.757,249.04
157.92,232.36,81.436,251.74
157.56,231.73,79.53,252.6
156.14,230.09,79.814,253.67
155.48,227.04,80.113,253.65
155.56,225.47,78.356,254.31
154.04,221.52,79.42,255.49
151.53,215.49,79.394,256.07
149.97,207.36,79.293,256.14
150.35,201.36,80.448,256.74
148.87,192.13,80.87,257.25
147.98,183.23,81.172,257.63
148.11,175.96,81.416,257.28
148.06,172.94,81.861,256.09
148.05,172.52,83.866,257
148.64,176.49,87.436,257.95
150.68,182.42,89.755,257.84
150.55,186.65,92.651,258.58
150.72,191.05,94.88,258.39
150.6,196.03,95.943,258.52
150.46,200.96,95.246,258.99
149.6,206.82,94.397,258.54
147.74,210.6,93.247,258.61
144.01,214.64,91.68,259.18
140.15,215.42,91.948,258.93
137.27,215.78,89.43,258.49
135.52,213.93,89.806,258.15
133.03,210.13,87.096,258.58
130.77,206.01,83.836,259.22
130.18,204.76,82.416,259.92
128.48,204.64,80.617,260.42
125.65,205.66,77.993,260.48
123.88,206.82,78.112,260.06
124.02,208.41,74.695,259.41
122.98,206.67,73.815,260.95
122.17,205.23,72.824,261.9
124.54,206.92,68.353,261.42
127.22,209.7,68.747,262.64
131.76,211.97,66.304,263.11
131.62,212.53,68.237,263.81
131.73,213.69,70.681,264.44
133.42,214.64,74.462,263
132.2,217.16,87.081,261.69
132.93,218.15,89.537,261.19
133.66,219.74,91.398,260.37
134.36,221.2,89.956,259.71
134.36,222.91,90.713,259.67
132.75,223.94,89.963,259.88
132.38,224,92.006,260.89
131.27,224.1,90.214,260.56
131.48,225.67,91.091,260.86
131.45,226.71,90.668,261.4
131.99,228.51,90.609,261.42
133.12,229.85,88.794,261.02
135.1,232.03,88.041,261.1
137.2,232.9,88.569,260.69
139.12,232.56,86.589,260.75
139.72,233.18,88.472,261.95
141.33,232.82,87.21,261.82
142.7,231.61,86.833,263.26
144.52,232.76,84.971,263.28
147.07,232.48,85.16,263.33
149.49,232.83,84.903,263.31
151.22,233.71,83.629,262.52
153.02,234.39,83.807,261.57
154.92,234.37,83.389,261.42
156.79,234.51,83.31,261.85
158.51,235.71,83.179,261.63
160.42,236.39,83.349,261.29
161.95,238.01,83.85,260.43
163.97,239.43,83.942,259.92
166.6,240.72,84.809,259.53
169.14,241.57,85.711,258.17
171.09,241.1,81.241,257.4
172.62,241.01,78.836,255.99
174.52,240.23,77.262,257.19
177.82,240.13,75.23,256.43
181.13,238.26,74.579,256.46
183.27,238.62,74.714,256.26
187.54,238.91,74.585,256.84
191.06,239.4,74.24,255.45
195.7,238.82,74.485,255.59
198,238.8,74.626,255.21
202.32,236.74,74.584,255.29
204.61,235.62,75.505,254.66
206.72,234.13,75.144,253.49
208.87,233.13,74.279,252.15
211.22,232.82,73.355,250.59
211.01,230.62,73.731,250.73
212.57,230.15,73.706,249.83
211.64,228.55,74.902,250.55
211.09,227.39,73.892,250.45
210.84,226.83,72.848,248.59
209.13,225.02,72.573,248.75
207.26,224.01,71.999,247.32
204.15,223.53,71.632,244.56
201.47,223.7,70.743,241.12
196.36,224.41,69.728,240.24
192.49,226.01,70.389,238.87
188.74,226.56,70.207,237.62
184.27,226.11,70.043,236.53
179.56,226.72,70.388,236.11
175.63,228.53,70.443,235.36
170.71,228.84,71.092,235.15
164.86,227.91,73.258,235.35
158.79,228.26,73.56,234.56
152.58,228.55,74.795,233.52
147.04,229.02,75.503,232.96
141.85,229.97,75.426,231.68
136.37,231.84,73.492,231.1
131.28,232.79,72.661,231.19
124.93,233.49,76.002,230.7
118.79,235.4,76.781,228.88
114.63,236.19,73.517,228.17
109.95,237.27,71.311,228.16
105.06,239.01,73.617,225.74
102.48,239.09,74.656,225.69
99.757,238.86,74.816,225.46
96.262,238.1,75.409,224.13
96.083,238.64,76.144,222.52
94.844,238.82,75.911,221.38
93.679,238.12,75.209,220.05
91.686,237.47,74.843,219.1
91.062,236.87,74.601,217.96
89.743,236.66,74.703,218.95
89.247,236.06,74.081,218.17
88.749,235.8,74.061,217.01
88.017,237.47,74.584,216.92
88.856,238.51,75.039,215.95
89.567,240.46,75.419,215.51
91.74,242.36,74.493,215.04
93.148,243.63,74.539,214.6
95.22,243.82,73.677,214.34
97.804,244.03,72.995,214.01
100.93,244.4,72.078,213.08
102.56,244.24,72.783,212.6
104.19,242.26,71.918,211.65
105.12,241.29,71.781,211.87
106.2,240.28,71.291,210.84
107.27,240.26,70.345,210.58
107.75,240.97,69.522,209.7
107.45,240.73,68.655,208.92
104.62,240.18,68.82,207.6
100.84,239.18,68.986,206.68
98.171,238.5,68.672,205.07
94.903,237.25,69.033,203.09
92.829,236.55,70.992,202.66
90.394,236.92,69.3,201.46
88.327,237.24,71.747,201.21
86.046,235.79,69.812,199.47
83.45,233.05,68.988,199.06
82.332,230.33,69.041,198.94
81.762,230.24,71.53,200.41
82.415,229.59,69.251,200.24
82.809,231.2,70.049,201.37
83.617,231.73,67.087,201.33
83.974,232.79,67.649,202.54
85.329,234.93,69.006,200.89
87.19,237.7,69.219,199.85
89.51,240.78,69.392,199.54
92.099,243.52,69.466,199.37
96.697,246.61,70.718,199.84
99.178,249.96,70.278,200.74
102.99,252.49,65.812,195.08
105.58,252.17,62.432,195
108.05,251.14,60.351,193.88
110.33,250.27,57.38,191.72
113.59,253.16,54.48,189.28
116.03,256.21,53.606,189.09
118.32,259.97,50.185,188.02
119.48,261.64,49.308,187.28
119.67,261.25,50.969,187.74
118.05,257.28,53.209,189.85
113.86,251.85,58.871,191.13
110.79,246.44,58.445,191.53
107.27,241.42,57.875,190.95
105.17,238.82,56.968,190.18
106.13,237.23,56.444,190.95
103.15,236.33,61.055,189.6
99.376,235.66,61.1,188.91
95.075,234.27,61.899,188.77
90.633,231.62,64.991,187.64
87.354,227.47,67.315,187.84
83.194,221.83,71.257,187.96
77.893,218.53,70.826,185.24
75.474,216.73,68.515,185.52
75.79,217.92,66.321,183.92
76.902,221.26,68.196,186.7
78.682,225.01,61.698,188.21
78.757,227.82,56.404,188.62
75.213,230.91,56.647,192.58
73.729,231.58,56.745,187.78
71.395,233.02,54.639,189.66
68.828,231.94,55.008,190.08
65.047,230.77,56.473,186.13
63.251,231.11,55.025,193.07
61.548,234.03,58.604,195.13
62.471,240.02,57.082,191.97
64.531,245.5,54.275,185.51
64.102,248.63,56.735,180.19
62.447,248.61,58.711,174.54
60.548,248.86,59.495,169.58
62.728,248.16,59.565,171.12
66.906,245.16,57.164,176.23
69.42,243.84,54.056,183.64
71.183,242.69,54.002,189.37
76.932,241.92,52.091,188.53
78.341,237.88,52.08,185.15
80.419,233.46,51.028,181.65
81.509,229.29,49.282,184.52
84.658,229.04,49.523,188.8
88.274,230.43,54.027,193.04
92.807,233.86,56.11,190.72
97.864,240.15,56.423,200.46
100.41,242.49,55.037,196.22
99.643,240.25,56.585,201.04
101.87,237.89,55.332,205.15
102.79,235.55,60.463,205.19
101.32,234.61,57.704,202.86
103.86,234.59,56.482,200.9
104.33,237.44,61.712,197.54
104.68,240.14,61.465,199.16
105.48,240.96,62.28,203.78
107.19,240.22,62.507,204.41
104.76,237.5,59.13,219.24
104.16,234.66,59.239,218.11
104.64,233.03,60.767,215.94
103.85,232.06,65.055,211.46
103.79,232.82,66.102,212.64
103.84,231.17,62.322,211.39
103.63,229.44,57.988,204.94
101.1,226.8,58.825,208.49
99.022,224.29,56.727,205.03
93.626,223.31,56.538,208.02
88.788,223.75,57.218,209.42
83.056,224.77,57.137,208.64
77.512,225.68,56.651,213.2
70.741,231.3,59.395,215.43
64.087,238.7,64.906,215.93
58.87,246.48,67.145,217.37
55.527,251.46,66.736,219.81
52.23,253.4,80.596,220.32
47.287,254.99,83.149,222.37
44.525,260.36,85.243,222.07
42.727,263.06,91.759,220.73
41.168,263.06,93.775,219.1
41.755,260.62,91.058,225.7
43.308,256.46,91.555,228.53
45.755,252.55,90.25,226.34
53.173,248.65,87.35,227.24
62.281,248.73,82.535,229.22
68.934,249.86,80.498,231.78
72.269,249.82,81.845,233.2
77.816,246.2,79.776,237.08
81.503,243.42,78.805,242.32
87.855,239.67,76.241,242.62
94.764,236.67,76.546,246.61
101.61,234.17,76.356,245.44
108.31,232.69,76.946,248.99
114.46,231.35,78.096,243.43
120.32,230.74,82.211,242.12
124.29,232.47,79.952,242.41
126.74,234.59,86.446,243.89
129.99,235.17,89.349,246.09
133.97,237.23,89.003,247.32
137.12,239.5,90.169,249.16
138.39,240.24,89.449,249.82
133.08,239.55,98.709,250.61
139.25,238.07,90.419,252.17
142.73,239.3,94.025,253.21
144.98,240.09,92.135,253.38
142.57,240.44,97.672,255.91
145.74,241.11,102.25,257.84
150.55,242.66,98.994,257.13
156.8,242.5,97.981,259.14
159.29,242.76,97.968,261.05
161.53,242.8,94.857,260.45
164.69,243.44,99.129,262.34
168.15,243.52,93.912,261.82
171.45,243.59,89.682,263.72
173.78,243.54,88.032,263.35
172.67,242.87,92.15,264.37
172.99,240.46,87.084,264.22
171.47,239.2,88.785,265.29
171.35,237.08,87.883,266.03
169.6,234.86,87.39,266.07
170.34,232.67,87.779,267.27
169.54,230.95,86.558,265.9
171.49,230.17,87.071,266.03
172.92,229.05,87.755,266.48
173.55,229.5,87.901,267.61
177.24,228.86,84.566,268.76
179.48,229.46,83.446,270.23
177.71,230.39,86.167,272.1
179.45,231.28,85.371,274.24
177.92,231.59,87.243,273
177.31,231.76,86.924,271.2
175.51,232.6,89.144,273.42
173.83,232.77,87.697,276.8
171.39,230.91,88.107,280.75
169.9,230.3,88.913,283.16
168.31,229.8,90.042,286.53
168.21,229.85,92.822,289.51
169.16,229.18,90.393,290.29
167,229.68,92.508,290.92
168.47,228.43,92.043,293.44
168.02,228.91,94.01,295.68
168.29,229.71,93.432,296.18
167.95,229.81,100.66,298.46
168.64,230.55,95.318,298.76
170.4,231.23,102.91,299.65
172.8,231.23,99.919,300.03
173.04,230.44,102.1,300.88
175.11,230.52,102.96,301.11
174.72,229.8,100.34,301.47
178.15,229.98,102.12,304.61
178.12,229.13,101.42,307.75
179.93,229.38,103.67,312.3
179.7,227.88,104.17,317.33
180.4,227.08,101.05,320.65
180.89,226.23,103.7,320.53
180.94,225.44,102.1,318.44
181.22,225.12,103.95,326.43
181.99,224.62,103.58,321.34
178.4,223.15,105.14,332.6
177.84,221.93,104.05,332.52
174.78,220.53,105.98,336.95
174.6,220.03,101.82,337.46
171.41,219.86,105.68,338.93
168.09,218.49,107.59,339.69
167.19,215.75,107.83,338.21
165.93,213.17,107.37,338.05
168.03,211.51,104.88,339.28
169.82,214.15,107.08,339.89
175.68,218.37,102.13,340.17
176.6,222.03,103.95,340.07
180.81,225.37,102.1,338.35
184.89,230.02,99.996,338.57
188.49,234.04,100.24,336.72
193.44,237.2,100.31,334.48
195.6,237.61,99.088,333.28
198.92,235.01,99.045,332.21
202.32,230.71,100.13,331.21
206.75,226.6,98.219,331.04
208.26,221.37,99.774,332.05
207.07,213.64,102.62,330.35
206.59,206.17,100.51,328.76
205.69,199.2,100.09,327.43
206.38,193.01,98.656,326.08
205.78,185.95,98.746,325.72
204.41,182.63,99.81,324.91
201.94,182.08,100.59,322.52
202.97,181.89,99.885,322.59
202.99,184.02,97.865,321.27
204,186.48,102.43,321.53
203.65,191.12,106.84,321.95
202.95,203.38,107.23,317.78
202.68,211.88,105.62,317.5
199.76,221.54,104.78,314.01
196.39,228.36,105.02,312.35
193.02,231.19,102.82,309.67
189.32,229.92,100.88,308.74
184.02,227.71,99.015,307.07
179.83,224.97,97.697,306.22
172.88,220.19,99.015,305.79
169.08,216.33,96.963,304.02
166.38,212.07,98.496,302.26
164.67,205.35,97.149,301.8
161.83,200.76,96.493,301.01
157.8,198.35,98.493,299.69
156.5,198.25,103.78,298.54
161.59,195.53,101.22,297.64
161.51,192.78,101.73,296.6
162.5,190.9,103.87,295.75
162.98,189.21,103.93,296.11
164.81,191.87,105.6,295.23
162.63,195.99,110.04,292.96
159.28,198.41,112.26,292.15
155.12,201.77,116.77,292.15
148.93,202.05,124.43,293.08
146.57,208.49,128.93,289.52
146.5,211.22,132.17,289.7
159.42,213.97,123.86,288.63
162.53,218.37,122.65,286.85
165.97,216.89,121.08,290.08
174.53,218.61,115.95,288.19
148.88,217.95,143.29,287.99
153.42,220.39,139.17,287.25
159.6,218.44,135.08,289.49
165.53,216.26,127.07,291.82
175.8,218.01,117.56,288.91
185.25,211.51,111.11,290.15
188.32,204.04,110.4,290.58
188.97,194.65,111.19,290.74
191.68,188.03,111.27,290.18
193.67,186.93,113.19,288.52
196.55,187.17,114.83,289.74
200.02,191.48,114.88,287.46
201.82,192.35,117.09,287.63
200.09,191.5,121.02,289.01
198.79,196.09,123.78,287.27
194.98,199.57,128.24,288.44
192.05,204.84,132.25,289.46
187.05,211.08,135.36,288.53
183.35,215,137.65,288.92
180.16,219.99,138.11,287.56
178.61,221.12,136.36,287.5
175.22,222.98,136.99,286.96
173.84,223.79,136.78,287.01
175.35,222.7,132.61,287.45
178.96,223.05,128.04,284.98
182.55,223.96,125.02,283.47
187.6,224.21,120.95,282.87
192.13,226.32,117.34,281.29
194.35,226.45,116.24,283.55
194.55,225.77,115.95,283.62
195.39,223.92,114.33,284.77
195.99,222.67,115.22,285.26
194.15,224.26,117.96,288.52
193.73,225.95,119.37,290.85
193.62,225.72,119.11,292.24
190.73,226.92,121.56,295.85
183.86,225.07,127.02,298.23
175.72,222.25,132.32,302.46
169.4,222.84,135.36,303.51
161.23,223.71,140.19,302.49
151.58,221.92,146.58,304.59
149.5,219.12,144.77,307.21
145.64,217.75,146.45,308.87
141.72,216.04,147.11,311.08
139.78,215.01,147.58,312.01
140.54,212.68,143.57,314.97
140.52,212.84,140.93,314.58
142.92,212.54,135.37,315.35
148.78,213.2,126.9,313.79
144.28,212.97,129.88,313.78
142.23,213.24,129.77,313.77
142.31,211.58,128.25,315.69
138.69,211.68,131.56,314.65
137.36,210.58,131.36,314.73
136.79,209,132.46,314.78
134.9,209.19,133.47,313.67
138.38,207.09,131.24,316.48
135.66,208.85,131.57,314.07
129.72,207.15,136.24,316.11
134.23,206.86,131.94,316.73
126.56,206.33,140.03,318.32
120.76,206.33,145.36,320.56
112.47,207.53,153.95,321.06
109.43,207.05,156.58,323.33
107.26,208.03,159.75,323.31
106.59,209.73,160.08,321.43
108.22,210.2,160.41,321.35
109.08,209.28,161.61,322.82
115.05,211.73,155.18,321.52
116.36,211.73,155.7,322.66
119.03,211.43,150.75,321.26
120.99,211.31,151.11,321.95
124.03,210.49,146.82,322.96
124.75,214.44,146.71,319.97
127.84,215.79,146.09,318.23
129.27,216.29,144.45,317.01
128.46,215.95,144.7,316.38
129.98,215.28,144.13,317.21
129.88,217.18,141.87,317.48
128.68,218.65,141.97,317.8
129.46,220.04,140.59,317.15
126.95,217.75,141.5,319.35
126.77,218.4,139.32,318.26
121.28,217.77,145.91,319.04
113.81,217.31,152.57,318.73
108.98,216.1,154.85,318.62
104.58,214.31,156.73,322.03
103.03,215.07,157.69,322.18
101.74,216.98,158.71,320.7
100.52,216.51,157.74,319.36
98.444,216.26,159.55,319.2
96.242,215.76,161.4,320.11
96.117,217.09,160.29,320.8
96.061,217.41,162.05,321.13
98.852,216.22,155.31,321.1
101.84,215.21,156.39,321.35
107.6,215.69,149.22,319.73
115.71,213.11,141.55,321.12
123.89,214.61,135.69,318.76
130.34,216.09,131.55,319.15
131.38,218.03,131.42,319.68
128.82,220.61,132.74,319.05
126.81,223.51,133.05,319.38
126.92,225.01,134.21,320.24
127.94,226.46,133.02,319.93
130.02,230.31,132.66,319.78
133.96,234.6,132.04,320.08
137.61,237.01,131.56,320.63
139.22,238.84,132.5,320.37
138.18,237.38,134.7,322.56
139.34,237.54,133.25,322.81
140.09,237.27,131.57,322.55
138.29,235.44,132.85,323.1
135.32,231.89,135.03,322.87
134.37,226.19,133.59,323.66
135.98,218.6,130.56,324.51
138.11,212.25,129.68,323.03
134.76,202.97,131.96,324.83
134.19,198.32,132.06,322.96
138.13,194.94,129.55,321.43
140.13,191.09,129.45,321.44
140.74,186.74,131.14,322.44
143.64,181.82,130.19,322.89
143.75,180.3,131.96,321.84
142.52,181.44,136.07,318.82
138.72,184.01,141.11,316.14
148.61,185.98,129.22,314.32
139.41,190.17,141.1,309.14
140.44,190.92,137.95,305.75
152.18,194.29,125.17,299.67
153.53,200.26,126.5,294.79
152.05,210.95,129,289.46
156.41,220.38,125.06,285.02
160.36,229.19,120.07,279.24
161.79,235.99,118.55,274.69
164.05,243.17,117.75,269.56
166.29,251.74,116.86,264.87
164.39,262.02,119.84,255.88
164.1,274.1,120.58,241.41
165.27,278.72,120.41,234.57
164.24,274.78,120.07,236.93
164.02,274.84,118.97,234.98
165.86,275.01,117.61,235.8
165.89,274.09,116.92,238.28
166.45,272.87,115.9,240.46
164.51,270.35,117.03,243.64
165.78,265.91,114.77,249.36
166.74,262.79,114.28,254.34
167.25,258.74,113.55,260.36
167.86,255.08,113.03,266.08
168.42,251.34,112.03,272.31
168.77,250.03,111.02,279.43
169.57,248.85,109.47,287.48
169.35,248.5,108.51,292.31
169.17,248.47,109.45,296.84
168.24,248.11,108.1,299.22
166.63,246.49,107.88,302.01
164.43,245.26,108.24,304.68
164.02,243.59,107.34,307.56
163.18,244.31,108.16,309.44
162.3,245.08,103.21,310.02
160.59,243.16,105.12,311.55
158.2,240.42,104.55,311.04
156.97,239.06,107,312.15
153.84,238.68,107.52,312.46
151.77,240.37,111.31,311.34
152.05,242.37,113.97,309.23
151.55,241.37,115.07,307.16
150.5,239.81,121.12,305.7
147.81,240.49,126.19,304.84
144.78,241.87,131.67,304.07
143.8,242.64,134.25,302.09
137.18,242.26,144.5,301.79
131.92,241.5,149.61,300.98
125.72,239.1,157.37,299.94
118.72,236.77,165,296.62
111.74,238.22,171.03,293.77
106.25,240.31,175.53,295.12
101.88,244.83,179.4,292.11
99.665,246.58,182.26,292.37
100.17,249.73,185.96,291.59
99.576,251.63,187.19,291.58
98.141,253.55,188.33,290.62
96.503,254.23,191.05,290.85
94.283,253.5,191.06,291.09
94.636,251.44,193.45,292.8
95.446,251.56,192.46,292.13
96.648,249.43,189.99,294.58
100.17,251.36,184.21,295.22
101.59,252.8,183.48,296.24
102.22,252.14,182.18,298.37
102.82,249.83,179.8,300.09
103.38,248.81,175.74,301.82
105.11,248.5,172.57,306.66
105.92,250.64,167.13,307.04
109.7,250.91,161.05,308.29
112.34,252.38,154.13,310.22
115.44,252.71,148.36,313.49
113.17,252.66,146.29,312.77
110.24,248.99,143.6,315.69
110.24,248.5,140.56,317.61
110.03,248.59,137.86,319.1
109.21,250.41,136.25,319
111.38,251.14,131.43,319.26
109.98,247.74,129.45,321.12
111.72,246.9,127.06,321.74
113.1,243.49,127.82,324.13
115.28,241.22,126.9,325
114.79,241.59,127.54,323.84
116.44,239.54,125.98,325.81
118.51,238.16,123.63,326.72
119.11,237.11,124.04,327.53
119.89,237.18,123.28,327.9
122.48,236.25,122.66,326.94
124.92,238.92,120.93,322.96
127.43,239.3,123.68,323.52
129.09,243.21,125.68,320.41
130.71,244.33,128.49,321.27
132.84,249.84,131.41,317.99
135.89,251.08,133.86,318.15
137.78,254.27,137.51,316.1
138.07,254.67,143.54,313.05
137.89,253,146.4,312.78
137.23,251.39,151.61,310.91
139.54,250.43,152.71,309.08
138.36,248.42,156.53,310.04
137.31,248.23,160.79,307.58
133.89,248.18,163.51,306
132.12,246.47,163.66,304.84
130.39,246.12,164.05,303.15
128.18,246.38,165.54,302.21
127.86,245.13,165.63,301.11
125.24,243.69,166.2,303.65
120.8,240.91,167.97,304.08
116.69,241.32,169.08,303.02
113.56,241.8,168.54,302.08
109.91,242.46,168.48,302.6
107.35,246.32,167.71,301.61
105.05,248.24,166.17,302.4
102.35,251.26,164.37,299.52
97.353,252.7,163.44,300.54
93.699,256.64,165.3,297.35
92.151,261.39,164.52,294.73
89.209,263.86,164.86,293.98
87.263,267,164.18,290.72
83.464,268.35,167.87,290.03
81.176,268.18,166.7,287.43
77.791,267.52,167.76,285.69
77.338,268.81,167.44,283.22
78.702,271.37,164.83,280.28
77.982,272.18,165.91,279.35
75.387,273.23,167.53,276.06
73.075,272.64,167.48,275.42
68.727,274.29,170.32,274.08
63.895,273.55,173.06,273.98
59.443,275.53,174.23,271.64
53.028,275.25,175.52,271.38
44.118,274.45,177.44,270.59
36.307,271.17,178.41,270.88
30.862,266.72,176.4,271.58
23.743,262.44,175.75,273.81
22.799,261.12,171.1,277.4
21.772,257.1,164.77,280.54
19.96,252.69,158.37,285.19
16.929,248.39,153.85,286.92
14.327,244.6,152.8,289.67
14.082,240.62,149.13,291.5
19.257,236.71,140.96,295.02
19.591,233.02,138.96,299.5
26.415,231.12,128.85,300.88
33.17,227.1,121.96,306.32
39.559,224.66,115.39,312
48.693,223.11,106.11,311.69
53.095,222.28,109.04,312.35
58.428,221.8,115.73,314.08
62.706,221.03,117.82,312.26
68.121,223.17,111.37,312.93
70.525,225.24,117.38,311.8
73.694,227.63,126.85,311.67
77.004,229.51,134.78,309
78.582,230.32,141.84,308.19
81.665,231.8,146.14,306.63
84.828,236.17,151.11,305.49
89.047,241.21,155.03,304.06
93.422,247.66,155.08,303.26
103.08,250.79,153.07,304.33
113.63,258.41,154.41,302.77
118.56,262.29,157.95,303.76
127.01,266.81,154.49,302.84
136.72,267.35,145.99,303.62
142.65,266.95,140.52,302.43
151.29,263.24,132.62,304.7
159.76,260.83,124.87,306
166.37,257.97,119.38,307.41
176.35,256.37,107.92,314.47
185.74,256.83,98.089,311.7
191.14,258.53,92.449,311.04
