263.44,310.44,36.436,68.436
265.27,309.31,35.975,66.216
266.43,306.94,35.061,66.508
268.78,303.35,32.789,67.308
269.93,299.42,30.695,66.322
271.22,296.81,29.138,67.111
272.49,295.31,26.68,65.443
273.08,294.63,24.871,66.634
272.47,292.99,23.555,67.059
274.13,292.46,21.98,67.158
272.03,292.37,22.747,67.546
267.8,292.7,25.158,67.46
264.86,292.75,28.477,66.682
262.63,290.75,32.53,67.007
261.36,290.46,35.108,66.602
259.59,289.83,35.677,66.331
257.61,289.74,36.899,66.455
256.22,288.07,36.554,66.641
254.43,288.15,37.276,66.718
254.52,288.53,35.709,66.899
253.13,286.98,33.509,67.264
254.03,285.62,31.105,67.572
253.22,286.15,27.799,67.219
253.89,284.08,24.104,68.05
253.72,283.44,21.333,67.28
252.72,283.64,20.342,68.307
252.27,282.98,19.646,68.135
252.23,283.27,19.465,67.259
248.94,282.65,23.18,67.335
246.89,282.7,26.162,67.47
240.95,282.3,31.798,71.498
238.17,280.63,33.238,74.634
237.56,280.49,34.875,73.191
234.68,279.99,32.063,68.773
234.41,279.57,33.969,68.109
233.98,277.66,33.065,68.905
232.74,276.94,31.206,68.239
234.41,274.61,31.109,68.402
231.94,274.98,29.489,68.104
232.67,274.88,27.599,67.129
231.68,273.78,28.128,68.552
232.06,275.45,23.398,68.167
232.62,275.6,23.317,68.257
233.74,275.14,23.693,66.706
233.7,276.49,23.259,66.761
233.56,277.93,23.602,65.905
231.45,275.82,27.851,65.83
228.8,275.47,33.267,66.543
225.97,275.44,34.587,70.591
226.54,288.59,34.755,60.226
227.61,295.81,31.673,59.358
229.27,296,32.611,60.931
230.17,294.54,33.319,63.297
233.3,296.43,29.486,58.845
235.48,299.22,26.976,57.372
237.64,284.72,24.096,72.157
238.17,271.94,25.476,82.827
239.36,274.41,24.275,78.447
236.49,273.33,23.463,71.24
237.88,274.19,19.883,66.587
237.32,273.94,19.59,65.513
236.04,272.64,23.973,64.189
230.94,272.97,29.907,64.289
230.59,272.9,31.213,64.83
228.84,273.38,32.911,66.216
228.23,273.4,32.592,66.736
228.12,274.85,31.329,65.859
228.8,276.11,32.616,65.342
229.66,274.74,31.174,66.066
230.41,273.36,29.259,66.361
231.03,273.13,27.712,66.276
230.73,272.16,25.078,64.531
230.01,271.8,23.001,64.853
229.63,271.48,21.619,65.466
229.11,270.31,22.459,64.881
227.49,270.71,24.487,66.05
225.85,272.15,26.557,65.756
225.43,270.6,28.885,65.393
225.32,271.41,29.569,64.766
223.43,272.24,30.879,65.598
224.47,274.02,29.969,65.414
225.63,273.65,28.941,65.445
224.51,275.98,30.134,64.975
220.51,277.23,33.268,66.118
217.57,277.39,35.37,68.622
218.35,277.96,33.154,75.339
222.16,279.07,28.93,72.694
222.92,278.48,25.598,67.474
223.86,277.28,22.36,64.607
224.69,276.56,22.783,65.101
224.69,276,22.318,65.39
225.15,275.69,23.076,66.02
225.8,276.31,22.194,65.51
226.99,277.77,23.67,65.683
225.35,279.47,27.724,65.469
224.9,279.34,30.879,65.472
224.59,281.19,34.819,66.487
227.02,281.38,34.911,66.881
229.27,282.05,35.04,65.109
230.16,282.83,35.479,65.379
233.19,284.38,34.581,66.177
236.44,283.98,30.748,66.56
240.74,285.26,27.993,64.093
240.21,285.18,25.703,65.145
241.94,284.7,25.752,65.966
242.14,284.71,24.777,65.741
245.11,284.41,22.604,66.951
247.46,285.1,21.156,67.066
248.45,285.24,21.59,66.7
250.55,285.35,21.951,66.935
250.35,287.61,23.531,65.138
250.92,287.33,25.172,65.112
252.34,288.15,26.654,64.166
253.2,287.18,29.251,65.144
252.48,289.16,30.442,64.442
252.16,290.52,26.114,61.624
251.74,289.99,28.121,62.885
253.44,289.14,25.548,62.384
253.49,289.41,25.327,62.088
253.98,288.33,25.805,63.437
253.63,285.75,26.054,65.576
253.43,288.01,26.075,61.13
253.39,288.02,25.042,63.056
254.94,288,22.361,63.82
254.56,289.75,21.402,63.186
255.38,290.33,20.953,61.806
253.99,287.11,23.001,63.497
252.49,287.5,26.554,61.939
248.6,291.42,31.632,61.892
248.8,289.31,32.667,65.295
250.23,288.8,33.615,63.917
250.08,289.27,34.857,63.503
251.11,290.02,34.365,62.42
253.09,291.02,32.474,61.59
255.61,291.84,29.471,61.512
256.67,293.1,28.955,62.815
258.37,293.46,26.745,62.846
260.73,293.61,24.738,63.963
261.18,293.08,22.623,64.693
261.77,293.94,22.031,64.251
260.6,293.47,23.076,65.142
261.09,292.75,23.516,65.068
259.58,295.32,24.481,64.182
256.89,295.47,28.613,64.069
254.7,294.92,30.956,64.167
252.29,295.25,33.782,63.425
251.05,294.65,35.31,63.714
251.19,294.01,35.338,63.744
250.98,294.33,35.385,63.651
251.42,293.09,33.849,64.504
251.48,295.38,32.449,63.413
250.69,295.21,32.212,63.232
254.4,292.87,27.874,64.517
254.72,292.92,25.332,65.469
254.67,293.01,24.471,65.507
254.99,292.79,21.947,65.434
255.79,292.78,20.131,65.621
256.62,292.95,19.961,66.049
257.74,292.98,20.434,66.048
256.71,292.47,22.909,65.899
253.66,294.38,28.349,64.427
253.88,294.21,29.654,64.124
254.29,293.56,31.381,62.669
253.72,293.83,33.518,62.822
254.78,292.97,33.959,63.487
256.98,293.18,33.736,64.816
259.01,294.27,32.612,65.317
262.18,292.55,30.969,63.852
264.23,292.18,28.936,62.825
265.74,292.95,26.261,62.636
267.01,293.59,24.205,62.894
268.15,292.88,22.484,62.914
268.55,292.79,21.19,63.675
269.91,291,19.04,63.805
270.8,292.28,20.796,64.448
268.6,293.41,23.563,64.278
266.74,293.39,27.887,64.229
264.16,294.68,31.521,63.376
262.95,295.69,34.769,62.946
263.55,297.3,36.133,62.373
263.93,297.81,37.444,62.812
265.84,297.72,36.943,62.332
268.45,300.7,36.098,61.783
270.05,301.35,34.008,60.889
273.46,301.79,30.692,60.819
273.8,301.49,26.683,60.969
275.14,302.24,24.708,62.018
275.61,302.59,20.854,62.572
274.38,303.34,19.312,63.044
274.94,303.71,18.412,63.317
274.66,302.94,19.279,62.429
274.09,302.9,21.184,62.129
272.28,303.08,24.377,61.955
268.64,302.71,28.906,62.52
267.59,303.01,31.259,62.829
267.48,303.69,32.703,61.567
267.39,304.72,32.644,61.248
266.85,305.14,33.395,62.067
267.95,304.03,33.308,62.53
268.41,306.63,31.905,61.357
268.83,305.82,29.379,61.127
270,307.01,26.42,60.044
270.38,306.59,23.142,60.405
270.19,308.67,21.542,60.898
269.82,307.45,19.829,61.492
270.93,307.24,19.043,62.619
271.37,307.96,20.138,61.616
270.57,307.53,22.341,62.779
266.91,309.99,27.244,62.489
264.34,310.23,30.98,62.086
263.35,312.12,33.759,59.667
263.53,313.41,35.597,58.747
263.94,311.33,35.86,60.716
264.63,311.28,36.321,60.552
266.05,309.65,35.4,62.055
266.93,310.55,35.452,61.454
269.14,311.49,33.253,60.986
272.56,311.73,29.784,60.191
273.87,309.48,26.795,61.668
275.54,311.07,24.731,61.226
278.18,310.28,20.8,62.324
278.31,311.31,19.632,61.941
279.21,311.59,19.542,62.684
279.85,310.72,20.768,63.189
277.05,310.64,24.106,64.135
275.45,312.02,26.975,62.963
275.01,309.09,29.936,63.285
273.93,309.5,32.196,62.313
273.7,308.94,32.719,62.19
272.44,309.35,32.12,62.148
271.26,310.86,33.764,63.235
272.72,309.93,32.429,63.262
274.57,308.67,29.926,62.889
274.76,309,28.032,62.123
275.46,307.36,25.203,62.566
275.04,306.39,22.647,62.225
273.7,304.81,21.572,62.924
272.5,304.55,20.319,62.763
270.7,303.63,20.482,63.299
270.64,303.63,20.267,63.195
270.3,303.74,23.803,63.167
267.36,301.02,27.201,62.971
262.93,298.98,30.737,62.768
262.11,297.14,33.508,61.919
263.15,292.62,34.031,61.294
263.03,290.03,36.014,60.072
262.98,292.09,35.557,60.799
266.39,296.13,33.425,60.588
268.36,298.12,32.807,60.138
263.99,290.73,31.604,61.868
262.23,287.14,28.514,60.408
257.81,283.82,23.841,61.502
253.74,283.37,22.142,62.305
251.91,284.35,19.9,62.011
253.89,287.22,18.979,63.742
255,286.38,19.356,64.41
254.97,285.03,20.837,64.368
252.86,285.88,22.6,63.642
249.25,286.89,26.978,62.741
245.04,285.16,28.597,62.161
244.48,285.86,29.639,61.768
242.5,284.78,30.003,61.63
240.66,284.44,30.411,61.96
240.42,286.72,31.384,63.149
243.11,288.43,29.359,62.323
244.62,287.35,28.085,61.536
246.21,288.55,24.854,60.954
247.8,290.99,24.683,62.114
248.14,292.62,21.785,61.824
246.89,289.95,19.987,61.771
246.18,288.98,19.586,62.747
244.02,288.58,20.332,63.85
242.31,290.09,21.946,62.232
241.09,289.08,22.984,62.492
237.91,289.93,26.724,61.462
236.44,291.2,29.299,61.239
234.65,293.49,31.364,59.397
232.95,291.51,32.169,60.626
232.03,295.38,32.813,58.63
232.99,295.09,33.527,61.204
233.85,294.89,32.103,60.789
233.74,294.36,31.968,60.716
233.35,294.47,30.08,60.003
234.57,295.22,28.181,58.888
234.42,293.9,27.346,60.902
234.9,292.89,25.749,59.836
235.74,292.2,22.421,59.698
235.09,288.67,20.818,61.393
234.91,285.69,20.637,61.335
237.35,282.63,19.847,61.813
236.15,281.75,22.241,61.7
232.59,281.93,25.343,61.725
230.78,280.49,28.422,62.043
232.38,278.23,29.633,62.113
233.43,277.22,30.547,60.924
234.28,276.92,30.097,61.059
236.57,276.33,29.398,61.919
238.29,276.73,29.251,61.049
241.9,278.51,26.176,60.707
243.59,277.92,24.83,61.108
246.03,277.44,23.628,60.18
248.18,277.42,21.854,61.023
251.47,276.98,20.105,60.557
253.2,276.2,20.205,61.601
256,277.32,20.852,60.803
258.91,277.5,21.68,61.85
260.48,277.46,22.508,61.606
262.18,277.74,26.343,60.595
264.68,278.34,28.252,59.846
267.87,278.49,30.797,60.755
272.63,280.09,31.658,59.98
277.36,280.76,31.832,59.393
281.63,281.28,31.947,59.752
284.52,281.08,32.052,59.99
287.4,280.82,30.907,60.278
286.32,281.51,29.219,59.835
287.19,280.24,26.782,59.892
289.06,280.56,25.19,60.492
288.81,279.11,23.483,61.5
291.27,278.39,21.412,61.496
292.55,277.56,18.821,61.972
294.24,278.08,19.822,62.136
295.4,277.11,19.597,62.446
296.5,277.42,20.998,62.335
293.49,277.5,24.06,62.33
291.6,278.2,25.806,61.895
289.71,278.54,27.27,61.327
290.59,278.64,27.581,60.654
290.26,277.78,27.608,60.87
290.87,278.89,27.76,60.259
291.2,274.58,27.491,60.099
292.35,274.11,25.747,59.567
290.27,275.29,22.961,59.831
290.01,275.38,21.762,59.767
289.25,272.96,20.872,60.044
285.31,269.18,19.496,59.676
282.67,274.43,19.649,61.762
279.98,283.31,20.335,60.743
283.85,289.86,20.082,60.954
287.12,289.78,22.629,60.044
288.99,288.28,26.192,59.401
286.56,290.82,28.894,59.738
281.8,295.78,30.172,58.605
280.16,297.87,31.216,57.429
276.86,292,30.947,58.793
274.92,285.37,31.547,58.959
275.39,283.91,30.977,58.281
271.14,286.95,30.206,58.238
268.61,288.32,29.407,57.482
267.64,286.88,27.252,57.625
264.2,287.71,25.603,58.756
264.54,291.73,21.676,58.094
261.78,291.79,20.704,59.207
262.88,292.2,19.701,60.234
263.58,295.51,19.258,60.25
261.19,297.64,19.115,60.165
260.03,299.9,19.187,60.048
256.58,300.12,23.319,60.417
255.61,301.6,25.221,59.455
255.18,300.91,27.429,59.548
254.28,302.07,29.169,58.796
252.69,303.44,30.818,58.631
251.34,304.19,30.009,57.492
251.83,303.97,29.23,58.972
250.42,301.51,28.674,60.832
249.6,300.35,28.34,59.353
249.35,299.59,26.884,60.397
246.22,301.84,23.549,57.273
239.76,300.75,22.694,58.05
237.16,301.33,21.133,57.491
230.51,299.9,19.508,57.836
224.41,299.05,18.636,57.666
222.51,299.47,17.612,59.883
219.43,300.8,18.718,60.768
216.62,303.33,20.435,61.24
214.05,309.63,22.372,59.313
212.55,314.84,24.009,58.412
211.13,317.81,26.66,57.461
208.72,319.47,28.599,59.637
208.37,322.38,29.161,57.903
205.72,322.76,30.39,56.785
204.08,324.46,30.778,56.429
202.71,324.46,30.11,57.258
201.19,324.64,28.842,56.053
199.38,326.11,28.572,56.965
196.89,326.19,27.536,57.345
194.76,327.14,26.714,57.417
194.66,331.59,23.606,58.386
191.7,335.8,21.892,57.931
191.05,334.84,19.377,58.485
192.23,334.67,17.961,59.198
190.6,335.87,18.101,59.419
189.37,338.79,17.869,59.36
186.52,340.6,19.119,58.784
183.43,343.11,21.783,58.549
180.03,346,23.929,58.035
176.93,347.69,26.534,58.134
174.82,349.12,26.795,57.064
172.69,351.02,28.392,57.491
171.34,352.3,27.33,58.269
168.72,353.63,28.284,57.305
169.29,355.11,27.622,57.105
170.04,354.05,26.693,58.037
171.92,354.79,23.55,57.503
173.58,355.1,24.24,58.219
174.48,356.06,21.285,57.311
175.96,355.33,20.119,56.794
177.89,354,19.546,58.048
178.99,351.08,18.039,57.632
181.36,350.66,18.598,58.153
180.25,351.5,19.403,58.432
180.26,350.83,20.984,57.598
181.24,346.45,23.228,58.585
182.48,343.75,25.733,58.756
184.4,343.97,26.748,57.111
187.22,340.62,28.683,57.242
190.59,336.67,29.042,58.089
198.25,337.99,28.924,56.462
203.21,335.58,29.349,56.912
207.3,331.95,28.684,56.102
210.29,331.96,28.893,56.023
212.07,332.63,27.208,55.703
214.99,332.28,25.548,56.144
217.15,332.88,23.174,57.487
217.89,332.68,23.15,57.318
218.32,333.81,21.456,57.001
219.22,334.81,18.402,57.733
219.46,335.19,17.766,57.717
220.75,335.44,17.71,58.806
220.87,335.12,18.555,57.989
220.42,335.63,21.518,57.082
218.6,334.97,23.609,56.438
218.55,332.23,25.762,57.78
216.5,331.39,27.27,57.51
215.89,332.33,28.36,57.566
216.69,330.09,28.623,57.914
215.75,330.82,28.499,57.077
215.47,330.68,27.354,56.641
214.99,330.45,26.216,56.532
215.21,330.15,24.297,56.615
215.86,331.21,23.773,56.846
214.69,331.81,22.58,57.554
214.43,331.16,20.259,57.315
216.87,331.14,18.121,57.337
216.57,330.41,17.985,57.388
215.78,330.25,19.278,57.272
216.32,331.2,18.941,57.234
214.86,331.07,20.708,56.561
210.04,331.38,24.47,56.847
209.26,333.25,26.105,54.969
209.64,332.17,28.019,56.44
210.63,334.78,29.374,54.458
211.18,333.62,28.483,55.96
211.93,335.12,28.834,54.975
213.68,332.49,29.47,55.914
214.62,333.02,28.891,54.432
215.49,333.34,27.387,54.928
216.24,334,26.881,52.787
216.89,330.06,24.869,56.069
217.13,331.31,23.267,54.823
217.47,330.49,22.4,56.42
217.84,328.84,20.596,55.924
219.8,330.36,19.256,55.308
220.83,329.28,18.915,56.27
224.54,326.42,19.022,55.656
223.93,325.49,20.244,56.351
223.84,326.93,20.529,55.104
223.58,326.68,21.637,56.407
221.44,326.37,23.262,55.752
220.4,326.34,24.473,56.423
220.68,326.82,24.429,55.805
220.59,327.4,23.991,55.103
221.31,328.02,24.515,55.284
222.38,326.62,24.993,55.717
222.85,325.62,23.133,55.083
221.43,328.6,22.538,55.125
221.14,328.68,21.931,55.329
221.53,327.85,21.645,55.235
220.73,328.32,19.767,56.235
220.34,330.25,19.993,56.307
222.14,328.52,18.575,55.655
222.17,327.97,19.118,56.283
220.98,329.24,19.583,55.807
218.2,328.35,20.608,55.335
214.16,327.67,23.736,53.814
213.36,329.77,25.65,52.031
213.59,330.7,27.32,52.795
214.68,329.27,28.324,54.478
216.69,329.66,27.832,55.002
217.69,329.76,27.896,56.264
218.87,331.79,28.406,54.145
220.9,329.57,28.809,54.781
223.59,328.06,26.755,54.745
227.05,326.48,24.738,55.152
228.67,326.6,24.981,53.021
230.17,325.76,22.278,53.152
230.58,324.52,21.253,53.675
229.72,324.03,20.244,53.891
230.61,323.7,18.934,54.453
231.52,324.9,18.533,54.81
230.75,326.16,18.027,55.024
231.45,328.05,18.284,55.33
231.89,330.53,18.629,54.242
231.51,330.94,19.237,55.063
232.88,332.64,19.887,54.208
231.84,332.87,21.33,55.511
232.5,331.52,22.082,55.044
230.96,333.25,22.853,54.127
228.14,335.03,23.424,54.598
227.84,335.53,24.222,54.675
227.68,334.98,22.741,54.775
226.74,334.31,23.058,55.253
225.11,334.73,22.661,54.071
222.77,333.08,22.991,54.328
221.29,333.36,24.407,54.338
222.12,333.08,23.09,54.076
222.51,332.98,21.642,54.348
223,332.01,21.409,55.429
223.19,332.53,20.699,55.211
222.97,331.07,20.211,55.988
224.25,331.13,19.706,54.734
222.92,331.72,20.548,54.761
220.88,332.93,22.803,53.803
219.14,334.66,23.778,52.906
216.82,335.28,25.021,53.711
217.83,334.77,24.859,53.415
217.88,335.76,24.893,51.822
216.21,336.09,25.999,52.427
216.51,336.89,25.277,52.828
216.89,337.38,25.314,53.012
215.97,338.08,25.177,53.101
215.39,338.57,24.348,52.907
215.38,338.34,23.703,51.687
217.26,337.51,23.544,53.702
216.56,335.93,23.209,54.19
215.52,337.6,22.523,53.224
218.83,335.31,20.503,54.771
219.21,332.36,19.069,53.752
220.81,329.5,16.931,55.356
220.99,328.52,16.646,54.745
218.09,328.41,18.747,54.692
215.43,328.34,19.171,54.366
213.03,326.75,20.452,54.157
212.46,327.54,21.706,54.459
210.7,328.1,21.166,54.175
209.75,328.56,22.176,55.157
209.99,327.23,23.596,57.955
209.24,328.51,23.476,57.52
207.29,328.19,23.914,57.711
206.52,328.01,23.815,57.22
204.65,327.38,24.219,58.383
204.17,329.09,24.439,57.36
203.35,328.22,24.541,57.279
203.41,328.61,24.893,56.427
202.6,328.02,24.772,57.723
202.12,329.22,24.483,57.636
202.86,328.5,24.138,58.144
204.17,329.54,23.85,56.412
203.57,330.19,23.829,56.743
205.48,330.28,23.113,56.74
206.04,330.11,22.915,56.625
205.1,329.94,22.245,57.372
203.95,330.7,21.533,57.736
203.58,331.31,21.216,57.892
202.54,332.23,21.699,58.165
201.95,332.41,21.835,59.185
200.43,333.63,21.919,59.5
199.14,335.16,21.929,59.116
197.44,334.86,22.154,59.495
196.85,334.81,23.162,59.459
196.13,333.8,23.456,59.151
194.86,334.48,24.701,59.035
194.62,334.34,25.048,58.272
195.32,331.8,25.393,58.645
195.7,331.18,26.002,58.063
194.86,331.64,26.648,57.944
194.09,330.71,26.795,58.141
195.72,329.97,26.594,58.14
195.47,328.14,27.172,59.022
197.23,326.96,26.574,58.399
196.99,325.87,27.089,58.354
197.55,326.88,26.471,58.05
196.47,327.28,26.495,58.088
197.63,327.13,25.444,57.817
197.48,327.71,26.018,57.983
195.77,326.89,26.289,58.194
196.65,326.37,25.743,58.156
196.18,325.43,26.89,58.287
194.41,326.63,26.174,58.128
192.75,327.47,26.878,57.851
191.06,327.09,24.723,58.128
190.65,327.98,24.173,58.023
189.2,328.78,21.667,58.053
188.12,329.72,21.376,58.16
187.05,329.48,21.518,58.064
186.24,329.71,21.314,58.061
185.87,329.21,21.594,57.778
184.97,329.34,20.774,57.605
184.53,328.97,20.334,57.608
184.58,329.27,20.475,57.654
184.53,329.68,20.217,58.301
183.17,330.33,20.554,57.932
183.17,330.14,20.644,57.814
183.13,329.91,20.354,57.763
183.09,330.42,20.269,57.724
182.82,330.28,19.767,57.814
182.29,329.78,19.168,57.482
182.46,330.62,19.017,56.99
182.43,331.33,18.614,56.805
181.58,331.84,19.62,56.968
180.81,332.21,20.258,56.949
180.07,332.13,20.09,57.017
177.75,332.55,21.098,56.858
177.67,332.38,21.187,57.019
177.2,332.55,21.912,57.463
176.24,333.38,21.792,57.937
176.18,334.12,21.876,57.922
176.52,334.34,22.673,58.377
177.65,334.94,22.512,58.372
179.51,335.37,22.59,58.716
181.12,336.06,22.281,58.845
185.28,337.52,21.957,58.836
189.28,336.97,22.04,59.003
194.18,336.24,21.732,59.157
196.27,335.57,20.7,59.444
198.05,334.27,20.102,59.197
199.26,334.1,19.387,59.05
198.4,332.24,18.667,59.733
197.5,332.48,18.025,59.281
196.7,331.55,18.411,59.312
194.83,329.62,18.392,59.695
193.93,329.5,18.283,59.122
193.52,328.34,18.564,59.29
193.59,326.26,18.476,59.589
193.73,323.48,18.318,59.329
191.51,320.99,18.988,59.792
189.12,318.97,19.489,59.824
185.64,317.64,19.485,59.663
181.04,315.55,19.506,59.569
176.99,316.23,19.599,59.206
175.9,318.19,19.809,59.304
175.03,319.78,19.465,59.774
175.45,321.28,19.445,59.451
174.42,322.18,19.569,59.256
175.29,321.69,19.668,59.031
176.25,321.44,19.731,59.378
174.61,322.6,19.6,59.39
174.79,324.59,19.676,59.481
174.53,324.92,19.998,59.008
175.93,326.23,19.948,59.264
175.82,326.66,20.098,58.917
175.56,326.85,20.38,58.875
175.83,328.26,20.968,59.283
175.24,329.25,20.975,58.992
175.17,330.06,21.037,59.005
175.1,331.16,21.442,59.116
175.76,331.12,21.446,58.884
174.53,332.78,21.741,59.33
175.81,332.97,20.959,58.053
176.24,332.96,20.722,57.28
176.87,333.31,19.837,56.66
177.14,331.88,19.928,56.493
177.88,330.85,19.704,55.577
177.72,330.29,19.328,54.897
178.3,329.2,18.736,54.03
179.86,326.24,18.661,52.778
181.02,324.84,18.027,52.411
181.46,324.07,17.407,51.477
182.25,322.14,16.866,50.755
182.81,321.31,16.536,50.159
183.72,320.76,16.421,49.535
183.69,321.96,15.921,48.688
182.57,324.87,15.208,48.029
184.64,327.14,15.002,46.994
185.59,329.76,14.153,46.539
187.78,333.1,14.402,45.509
188.7,337.9,13.472,45.379
186.23,341.94,13.308,44.283
183.59,343.53,13.117,43.566
181.31,342.3,13.012,43.035
180.99,341.96,12.671,42.336
180.81,339.49,12.419,42.014
180.65,336.47,12.871,41.943
179.9,334.85,12.179,41.873
179.43,334.41,12.387,41.711
180.31,335.61,12.074,42.257
181.26,334.74,12.62,42.854
182.13,333.32,12.913,42.95
182.58,333.73,13.29,43.416
183.15,334.98,13.14,44.255
183.31,336.17,13.436,44.977
183.67,336.44,14.004,45.106
183.8,334.86,14.213,45.973
182.52,334.04,13.849,45.899
180.96,333.88,14.229,47.108
180.28,332.68,14.357,47.278
179.29,332.39,14.832,47.493
178.13,330.46,15.241,48.509
176.98,328.91,15.606,49.355
176.83,328.66,15.614,49.205
176.84,328.68,15.384,50.51
175.89,326.59,16.078,51.319
176.38,326.49,16.016,51.278
177.59,327.49,16.315,52.49
179.54,328.14,16.57,53.363
179.93,327.85,16.722,53.667
181.93,328.71,16.642,54.99
180.89,329.79,16.897,55.724
180.75,330.06,17.019,55.963
182.13,331.52,17.545,57.407
183.76,331.53,17.573,57.525
181.74,330.8,18.438,59.083
179.78,330.37,18.389,59.698
178.28,329.95,18.272,60.662
175.06,329.51,18.758,61.458
170.34,326.13,18.547,62.74
166.32,321.42,18.533,63.859
165.19,317.88,18.945,64.875
163.13,313.88,19.189,65.938
160.76,312.76,19.168,66.787
158.62,311.95,19.732,68.057
158.56,310.66,19.985,68.98
158.46,311.35,20.107,70.965
159.94,311.24,20.276,72.093
162.13,309.39,20.997,73.466
165.97,309.67,21.373,74.5
170.86,310.38,21.448,75.212
174.44,306.77,21.637,77.393
179.64,303.75,22.413,78.562
182.4,301.14,22.684,79.863
191.85,301.08,23.012,80.608
202.3,296.75,22.963,83.131
201.3,282.03,23.252,83.814
198.4,281.14,24.73,84.726
185.69,281.42,24.088,84.905
177.27,278.2,24.578,87.102
172.81,280.49,25.03,88.639
165.4,286.43,23.997,88.003
153.99,288.87,24.792,90.108
149.77,292.87,25.948,91.447
149.81,295.09,25.668,92.577
149.46,298.04,25.941,92.531
153.46,300.59,25.913,92.934
153.77,302.35,25.907,92.402
154.11,304.01,25.556,93.021
154.61,302.45,25.461,92.725
155.64,301.29,26.187,92.964
156.15,303.37,25.712,93.48
155.59,303.72,26.2,92.471
155.83,301.04,26.019,93.283
155.22,300.13,25.711,93.129
154.36,301.53,26.046,93.152
153.19,302.58,26.346,93.584
152.35,303.55,26.347,93.403
151.8,305.41,26.035,93.711
149.5,306.97,27.02,93.439
150.71,308.23,25.561,92.622
151,306.75,26.441,93.435
151.11,308.04,25.904,92.662
150.31,307.98,26.053,93.087
151.23,308.27,26.191,92.924
151.66,309.78,26.549,93.624
153.72,311.16,26.135,93.093
155.11,309.94,26.577,93.44
156.35,309.43,26.273,93.26
158.01,310.55,26.557,93.129
159.6,311.75,25.827,93.733
160.33,312.48,26.015,92.597
162.16,311.99,26.18,93.195
164.21,314.09,26.528,93.634
164.07,316.54,26.051,93.472
164.06,318.2,26.31,93.262
164.89,321.16,26.213,94.076
162.89,323.93,26.116,93.614
162.58,327.08,26.225,93.806
163.1,328.47,25.801,93.516
164.39,327.81,25.904,93.047
163.5,323.21,26.099,94.084
161.91,318.64,27.022,93.788
159.4,314.67,26.907,94.187
156.98,309.72,26.167,93.187
156.69,306.14,26.147,93.598
153.64,302.13,26.67,93.591
148.17,298.19,26.375,93.687
146.36,293.11,26.803,93.811
150.09,290.85,26.114,93.41
153.44,288.6,26.648,93.399
154.63,284.93,25.521,93.521
158.16,283.86,26.044,93.344
160.55,283.08,26.015,93.432
161.28,280.9,26.352,93.552
154.9,276.43,26.222,93.073
155.36,278.75,26.063,93.993
155.01,280.96,25.959,93.202
156.55,282.4,25.836,93.95
155.8,282.72,26.343,93.136
153.06,283.95,26.122,93.561
152,285.09,25.961,92.971
148.68,285.35,25.981,92.956
146.16,284.02,26.702,93.727
146,283.49,26.067,93.186
144.07,284.53,26.31,93.781
141.55,286.05,26.007,93.557
140.14,287.5,26.172,93.205
138.76,289.31,26.582,93.579
139.51,289.88,26.181,92.741
139.55,290.53,25.59,92.676
137.34,292.06,27.656,93.495
135.35,293.49,28.291,93.263
134.59,295.7,28.29,93.668
132.79,297.32,28.195,93.187
132.2,299.66,28.207,93.629
132.52,301.69,27.36,93.106
135.68,303.83,26.473,93.877
136.5,306.81,26.023,93.828
136.79,308.16,25.464,93.511
136.41,307.27,25.574,93.603
136.9,307.65,25.335,93.13
137.16,308.65,24.79,92.973
136.77,307.55,25.778,93.329
135.69,308.5,25.185,93.208
135.74,308.95,25.173,93.133
135.35,307.9,25.164,93.416
135.25,308.58,24.757,93.311
136.27,308.9,25.355,93.449
136.43,310.41,25.502,94.114
135.61,310.67,25.379,92.998
137.06,307.33,25.401,93.801
137.51,307.4,24.863,92.784
136.41,304.04,25.443,94.016
137.32,303.23,25.545,93.739
136.19,303.12,25.459,93.586
135.78,303.1,25.267,93.019
136.53,301.03,25.226,93.787
137.26,301.2,25.554,93.54
137.94,301.57,25.493,93.779
137.86,301.15,25.564,93.391
137.97,302.12,25.573,93.729
139.49,302.61,25.58,92.842
141.05,301.32,25.805,93.85
140.95,302.1,26.303,93.579
141.16,303.25,25.857,93.381
141.1,304.8,25.864,93.88
140.08,303.18,26.377,93.82
142.09,304.73,26.177,93.771
143.71,307.93,26.024,93.995
144.08,307.23,26.263,93.332
146.65,307.66,26.146,93.543
148.03,308.67,26.472,94.37
149.8,311.47,25.884,93.579
152.55,311.16,26.407,93.691
154.71,308.76,26.103,94.088
156.87,309.93,26.379,94.022
157.5,309.06,26.214,93.342
157.05,306.48,26.321,94.086
156.01,305.88,26.922,93.687
155.08,304.34,26.198,93.423
152.9,302.48,26.268,94.083
150.56,303.37,26.927,93.262
148.47,305.45,26.617,93.5
148.41,308.52,27.253,93.796
145.99,312.83,27.778,94.066
141.77,319.67,28.545,93.469
139.15,324.7,28.18,93.459
137.55,325.25,28.566,92.84
137.37,322.26,28.655,93.196
138.64,321.93,29.369,92.804
139.08,320.2,28.986,92.735
138.67,320.31,29.509,92.891
138.67,321.01,29.355,93.32
138.92,321.49,29.301,92.75
139.2,322.78,30.121,93.215
140.73,327.05,30.721,92.694
143.23,328.08,29.843,92.879
144.09,330.27,30.675,92.871
147.71,334.08,29.189,92.691
151.21,339.05,28.389,92.377
151.93,342.19,27.998,92.765
154.24,346.37,27.288,92.994
154.55,350.89,27.26,93.073
152.04,356.23,27.614,92.94
149.65,358.55,27.085,92.896
146.65,358.22,27.484,92.315
140.49,358.72,28.183,92.114
136.22,361.09,29.174,92.184
129.78,363.57,31.922,92.066
126.27,366.9,33,92.091
122.28,369.89,34.589,92.133
117.78,373.12,35.173,91.391
115,377.61,35.385,91.887
113.94,381.31,35.679,91.827
115.29,385.11,35.65,91.565
115.12,388.05,36.376,91.216
118.73,385.94,36.533,91.953
123.82,379.21,36.273,92.217
127.94,378.02,36.721,92.329
130.18,378.32,36.759,92.089
132.27,376.28,36.722,92.207
135.06,373.1,37.421,92.28
138.99,370.52,37.194,92.28
144.39,369.34,37.378,92.954
144.67,367.93,37.956,92.539
144.94,369.3,37.777,92.73
144.62,367.87,37.799,92.707
142.84,367,37.336,92.682
140.82,368.19,35.981,93.194
140.19,369.95,35.177,93.255
138.37,369.28,34.36,93.843
139.21,368.78,33.652,94.402
139.67,367.93,32.742,94.123
139.43,366.95,31.734,94.773
138.34,367.37,31.871,95.086
140.05,368.19,30.867,95.185
141.36,368.39,30.398,94.834
143.62,367.97,29.873,95.15
146.12,368.18,29.591,94.573
148.88,365.63,29.136,95.118
154.39,364.27,29.051,94.676
159.41,359.32,28.686,95.476
165.64,355.15,28.37,95.234
172.92,353.12,27.602,95.106
175.93,352.56,28.474,95.039
177.62,354.73,28.135,94.859
184.46,358.14,28.345,95.196
190.59,362.72,28.09,95.449
192.08,369.94,27.612,95.156
190.63,376.12,28.011,94.376
191.02,383.5,27.596,94.382
193.5,386.17,28.389,95.472
199.7,382.29,28.296,94.781
207.31,378.05,27.963,94.798
213.24,375.59,27.869,95.097
219.16,376.98,27.809,94.681
225.09,377.06,28.193,94.254
231.18,374.45,28.298,95.044
239.4,370.9,28.267,94.986
247.46,369.96,28.145,94.693
253.89,369.03,28.017,94.236
260.32,367.07,28.401,94.778
264.2,363.44,28.728,95.154
264.48,361.51,28.679,94.801
261.06,360.55,28.756,94.566
259.33,356.34,29.4,95.177
257.13,355.56,28.568,94.339
252.71,355.61,28.508,94.396
245.74,354.13,28.663,94.627
240.56,354.92,28.733,95.005
235.42,354.84,28.345,94.618
230.91,352.4,28.71,95.15
227.07,350.39,28.371,94.723
221.74,349.35,27.981,94.761
218.74,350.24,27.872,94.353
217.15,350.17,27.035,94.132
215.87,349.73,27.288,94.482
214.41,351.29,27.358,94.99
214.94,353.57,27.14,94.779
214.75,354.41,26.815,94.1
215.39,353.08,27.2,94.709
216.59,355.97,26.871,94.701
216.26,355.85,27.519,94.669
219.57,353.99,27.325,94.703
220.19,354.78,27.755,94.982
220.27,355.33,27.449,94.699
220.97,354.19,27.616,94.824
222.2,352.21,27.503,95.376
222.66,352.59,27.48,94.384
222.09,352.63,27.347,94.744
220.96,353.74,27.54,94.706
220.63,353.03,27.906,94.59
221.43,351.49,27.92,95.373
222.81,351.5,27.932,94.753
222,351.63,27.641,94.293
223,350.21,28.007,94.688
223.52,350.18,28.104,94.222
225.51,348.88,28.947,95.076
230.07,347.07,28.904,94.95
232.31,346.97,28.826,94.335
234.64,346.3,29.283,94.872
238.22,345.04,29.731,94.627
240.43,344.65,29.857,95.119
242.08,343.85,30.088,94.728
242.88,344.28,29.722,95.038
241.49,344.74,30.494,94.519
240.15,344.68,30.019,94.39
237.11,345.51,30.777,94.893
234.06,344.01,30.162,95.057
232.55,342.11,30.835,94.974
231.21,342.27,30.487,94.507
230.78,343.02,30.748,94.587
229.52,341.18,30.821,95.222
228.12,341.26,31.197,95.178
229.96,342.49,30.773,95.147
230.63,339.15,30.851,94.737
227.89,339.35,30.922,95.094
225.11,341.68,30.823,94.835
224.04,342.22,30.882,95.378
224.84,342.17,30.729,95.055
225.16,342.06,30.877,94.848
224.57,341.12,30.858,94.701
223.9,341.02,30.716,94.758
221.86,342.78,31.106,94.867
221.2,343.82,30.732,95.151
221.75,342.41,30.626,94.951
220.86,343.08,30.068,94.746
220.26,344.8,30.545,95.72
220.31,345.03,30.042,94.802
221.42,343.98,30.035,94.956
219.76,344.8,30.579,94.914
219.68,344.59,30.66,94.918
222.33,343.64,30.08,94.763
223.56,342.61,29.689,94.616
224.83,341.9,30.088,94.749
227.74,339.99,29.703,94.821
229.42,336.25,30.385,95.558
231.89,336.09,30.306,95.01
231.46,339.39,30.571,92.729
231.85,339.94,30.261,92.526
230.87,339.79,31.082,92.055
231.24,337.95,30.555,92.348
230.46,335.96,30.741,92.19
230.28,333.03,30.378,92.357
228.93,330.53,30.921,93.1
226.81,330.34,30.508,92.354
226.57,330.28,30.503,92.197
225.97,330.35,31.001,92.034
224.82,330.58,29.827,92.113
225.14,331.15,30.088,91.913
225.41,332.49,29.834,92.313
225.76,333.14,30.093,92.189
225.59,334,29.986,92.304
225.2,331.64,30.08,92.173
228.19,329.6,30.071,92.541
232.91,328.7,30.016,92.298
232.9,325.77,30.051,92.279
233.3,322.64,30.134,92.465
234.26,321.28,30.398,92.383
231.06,320.91,30.65,92.131
230.74,320.66,29.449,92.183
227.46,318.8,30.296,92.488
226.4,316.91,30.53,92.556
224.4,316.41,30.646,92.409
224.63,314.02,29.708,92.048
220.27,316.38,29.734,92.75
217.2,320.95,30.265,93.134
209.25,322.48,29.785,92.453
205.09,324.36,30.155,92.61
202.37,326.92,30.175,92.46
198.1,327.67,29.629,92.246
196.93,330.61,30.141,92.701
193.27,332.34,30.129,92.265
193.16,334.64,29.39,92.332
192.98,335.97,29.335,92.114
192.51,336.77,29.948,92.179
192.74,337.04,29.769,92.029
192.9,335.1,29.456,92.512
193.86,331.19,29.757,92.475
196.2,330.23,29.968,92.176
196.88,325.59,30.32,92.217
198.77,323.82,29.71,92.325
202.1,321.31,29.659,92.734
202.88,317.88,29.361,92.364
203.79,316.73,29.882,92.445
205.19,312.84,29.788,93.024
208.09,311.05,29.723,92.254
207.34,311.6,29.919,91.59
205.97,309.62,29.767,92.29
207.94,309.52,29.607,92.056
207.73,309.93,29.692,91.998
204.93,310.36,29.857,92.125
203.81,309.75,30.387,92.007
204.63,307.77,29.755,92.357
201.32,305.68,29.836,92.567
198.85,303.54,30.098,91.953
199.3,300.22,30.253,92.918
199.01,299.74,29.589,92.26
198.65,300.34,29.883,92.152
198.56,300.16,29.736,91.813
195.6,299.39,30.562,92.475
200.2,300.05,29.944,92.663
200.5,298.93,29.481,92.254
201.47,299.89,30.09,92.148
200.23,300.36,29.899,92.156
200.27,300.36,29.857,91.892
201.49,301.5,30.317,92.083
201.09,301.95,29.508,92.295
200.2,302.13,29.916,92.113
198.76,303.81,30.024,92.099
198.65,305.03,29.606,91.977
198.42,305.71,29.354,92.115
197.08,308.85,30.11,92.39
195.53,310.98,29.795,92.347
192.98,312.72,30.326,92.622
190.96,313.22,30.506,91.961
191.15,313.49,29.659,91.943
188.57,313.03,30.174,91.937
187.2,313.29,30.146,91.886
185.8,313.59,30.085,91.922
185.07,312.25,30.13,92.391
185.64,312.81,29.744,92.457
184.49,311.85,30.368,92.314
185.35,311.78,30.063,92.638
185.76,309.43,29.894,91.943
183.98,308.11,30.268,92.355
183.4,309.06,29.395,92.056
184.31,308.18,29.564,92.618
185.18,308.7,29.909,92.157
184.21,307.64,30.034,91.807
185.74,307.83,29.751,91.907
185.54,307.73,29.387,91.6
183.76,309.05,30.107,92.048
184.6,309.65,29.241,91.588
184.75,308.38,29.735,92.127
185.21,309.42,29.5,91.577
186.18,309.85,29.526,91.314
186.44,309.56,28.819,91.076
186.35,308.97,28.973,90.749
186.19,308.73,29.302,90.599
185.89,308.57,29.998,90.717
186.67,308.36,30.11,90.594
186.45,307.79,30.365,90.406
185.69,308.48,31.302,90.303
185.39,307.66,31.544,90.223
183.53,308.55,32.386,90.921
181.81,312.25,32.25,89.553
181.67,312.31,32.823,90.925
181.37,310.73,33.201,89.963
180.44,311.85,33.458,89.905
179.54,312.65,33.975,89.922
180.1,310.73,33.913,89.297
182.41,311.1,33.734,90.569
182.04,310.21,32.604,90.165
185,306.42,32.65,92.339
185.79,304.32,31.318,90.399
187.25,305.3,30.312,89.763
189.53,306.02,30.224,89.922
193.24,304.29,30.06,88.795
195.44,305.23,31.864,90.766
199.86,309.54,32.69,91.161
203.11,312.87,33.355,92.99
206.32,312.8,35.655,91.819
208.17,316.98,38.087,91.632
210.48,318.86,40.549,89.443
214.08,321.4,40.598,90.496
215.45,322.62,41.475,90.329
215.54,324.14,42.253,90.556
216.24,325.86,41.652,90.263
215.69,328.88,41.803,89.736
216.45,329.68,40.119,89.254
216.69,329.18,38.563,89.541
216.82,331.57,37.663,89.285
216.45,330.98,36.627,89.569
216.57,330.27,37.821,88.972
216.2,335.12,34.638,89.931
217.24,337.48,35.285,89.63
219.22,336.34,35.95,91.134
219.67,337.58,37.322,91.31
219.23,342.05,37.279,90.321
220.99,343.93,38.521,89.364
224.33,344.12,38.865,88.919
228.34,344.55,37.806,87.77
229.85,343.46,37.761,89.182
230.52,341.78,36.925,88.421
230.58,342.12,34.112,88.762
231.54,344.34,31.907,89.572
233.38,344.62,30.595,88.851
234.32,343.88,29.997,88.468
234.07,344.29,29.844,89.896
233.58,345.22,28.009,89.374
233.73,345.51,28.891,88.031
229.25,346.48,31.924,88.216
227.46,347.66,34.703,88.242
224.81,348.44,39.116,87.171
223.75,349.34,41.114,87.106
223.3,348.7,42.972,88.493
224.06,348.31,42.696,88.676
224.04,349.54,44.246,89.877
226.06,348.95,42.47,89.226
231.25,346.4,40.254,89.541
233.33,346.3,40.259,90.593
234.7,345.82,36.805,90.227
237.91,345.86,35.095,89.026
239.91,346.69,33.015,91.09
241.28,349.75,31.125,90.332
242.34,352.5,31.447,90.249
243.13,353.21,33.209,91.581
245.24,356.97,33.812,91.333
245.03,361.12,34.834,92.015
247.36,361.49,36.623,91.455
253.2,359.99,36.757,91.881
256.54,359.36,38.943,90.797
261.41,358.12,38.422,91.105
266.13,356.05,38.512,92.26
270.5,355.83,38.706,92.078
275.36,357.54,37.524,91.728
281.32,356.3,36.7,92.912
290.81,355.65,33.711,92.707
297.88,357.51,32.267,91.68
308.39,359.42,30.422,91.666
316.48,358.61,29.737,92.848
319.1,357.46,30.36,91.506
323.26,361.13,30.437,90.689
325.65,361.05,32.983,90.867
326.73,358.79,36.55,92.254
326.02,361.14,38.93,91.259
325.83,362.4,41.89,90.902
326.78,360.62,44.423,90.825
329.89,361.9,44.84,91.429
333.71,364.31,43.835,91.064
334.97,364.75,44.702,91.97
335.73,366.21,44.294,91.983
337.07,366.81,43,92.249
340.79,364.92,39.973,92.589
342.28,363.79,39.112,92.374
347.27,359.29,35.701,92.661
348.17,356.54,32.786,92.678
347.73,356.65,31.297,92.089
346.23,354.43,32.492,93.266
345.26,350.32,33.77,93.059
345.09,348.16,34.213,93.016
345.95,348.2,33.277,92.598
342.67,348.34,35.977,92.977
340.71,349.98,36.387,91.529
336.87,349.4,37.698,91.018
335.93,345.79,39.054,91.662
333.76,346,38.483,91.258
330.71,342.75,38.193,92.071
328.49,337.51,38.069,92.947
330.23,336.6,34.836,92.376
331.12,330.43,32.92,92.022
332.41,326.92,30.822,91.025
332.82,325.57,30.609,92.967
331.96,323.59,31.25,92.867
328.6,321.4,31.599,92.742
323.4,321,33.389,92.918
319.76,318.47,34.294,91.957
314.92,316.48,35.748,91.687
310.63,316.36,35.014,90.727
305.61,315.43,35.267,90.428
305.19,312.6,33.233,90.629
303.14,308.85,33.611,90.355
301.88,306.87,34.121,90.48
300.65,304.73,35.399,91
298.5,301.02,38.356,92.097
297.4,301.03,40.011,91.383
298.12,300.53,38.632,91.292
302.03,299.83,36.877,91.172
302.76,299.46,36.796,92.987
304.54,301.42,34.966,92.526
306.88,303.74,35.021,85.853
310.33,304.03,35.737,79.201
314.22,304.83,36.695,72.573
317.76,306.58,36.28,67.484
320.58,311.4,36.963,66.938
324.36,313.8,37.216,65.578
325.86,313.77,37.723,67.637
325.09,315.23,37.108,67.705
325.07,319.02,37.429,69.519
327.54,320.83,36.146,93.412
327.38,321.29,36.07,94.858
325.18,323.64,35.842,94.125
318.95,319.6,34.716,93.614
313.68,317.52,33.948,94.546
310.2,317.04,32.517,94.86
306.95,318.11,32.721,94.152
304.3,320.7,32.769,94.153
304.1,319.94,33.603,94.298
303.87,321.79,34.285,93.471
301.72,327.58,37.611,93.76
300.76,330.46,40.113,94.649
302.98,334.27,41.621,92.692
304.4,336.98,43.157,92.526
302.65,338.72,44.653,92.583
303.34,338.07,44.873,93.016
306.73,338.45,42.677,93.137
306.82,344.07,43.844,93.363
311.58,345.88,44.175,93.903
316.37,343.42,42.094,93.818
317.94,346.64,41.106,93.842
319.82,347.94,37.356,93.871
323.96,346.47,34.797,94.751
328.73,345.96,33.195,94.065
333.63,348.01,33.563,94.417
334.3,347.74,34.705,96.079
337.36,346.86,35.128,96.803
338.7,347.95,35.913,97.094
341.23,350.61,36.603,96.723
341.84,352.53,37.266,95.503
343.45,351.24,38.142,95.3
339.47,348.73,38.721,94.958
334.69,350.47,39.95,94.507
329.71,349.71,40.625,95.349
324.96,346.02,42.325,98.323
321.05,345.8,39.918,98.173
315.27,344.43,38.215,98.605
313.42,345.94,37.107,98.853
309.24,345.6,34.626,98.917
309.26,343.48,33.393,98.7
305.44,344.59,34.604,99.011
303.3,347.02,34.437,98.603
299.77,350.7,36.864,98.132
298.95,350.37,38.674,98.019
299.34,349.34,39.719,97.466
299.76,350.17,40.842,96.468
299.38,347.5,44.828,96.407
302.74,345.68,46.267,96.064
306.38,343.89,45.766,96.503
309.44,343.14,45.355,96.298
311.39,343.02,45.589,97.151
315.7,343,44.983,97.001
318.72,342.81,44.753,97.261
322.12,342.13,43.105,97.56
322.94,342.62,40.983,97.869
321.85,344.65,36.573,97.202
318.38,345.54,35.021,97.685
315.91,346.14,35.017,97.751
310.41,348.29,36.137,98.65
303.88,350.81,37.965,98.71
299.45,349.41,38.246,99.755
291.81,349.54,39.783,100.32
285.2,349.35,41.406,99.438
279.06,349.94,40.793,98.225
274.08,346.49,40.268,98.082
268.61,345.58,40.273,98.194
261.41,346.49,41.449,98.88
256.21,348.28,41.545,100.02
252.01,350.26,39.996,99.69
248.77,347.69,37.381,100.27
244.08,348.72,38.096,100.26
242.13,350.39,36.535,100.21
239.3,350.19,35.115,100.37
239.18,349.99,34.857,100.37
238.36,352.2,34.483,99.589
236.96,351.34,35.64,99.378
233.34,351.81,37.631,99.272
231.46,354.64,38.705,97.92
230.86,354.74,38.322,96.313
232.07,354.57,37.011,96.569
229.28,359.25,36.492,96.285
226.94,360.11,38.234,97.228
225.16,358.88,40.194,96.927
220.96,363,40.912,96.46
212.64,367.47,46.783,99.431
211.44,369.67,39.228,100
209.13,372.9,37.248,99.453
207.76,374.49,36.934,100.55
207.84,376.7,33.891,100.04
206.13,376.53,34.918,101.08
204.46,376.56,36.124,100.84
201.37,379,36.12,101.36
201.37,375.97,37.58,103.47
201.54,375.43,38.171,104.49
201.54,375.29,38.912,104.43
202.44,375.43,39.33,104.18
204.47,375.94,41.027,102.39
207.88,375.92,42.536,101.56
211.33,375.12,44.164,101.89
215.44,375.32,44.702,102.18
221.06,375.5,44.183,101.84
226.8,374.5,41.806,101.03
231.85,372.5,39.69,102.55
237.44,372.41,39.162,101.94
241.86,373.96,37.045,102.42
247.94,373.19,34.177,102.62
252.2,372.91,33.73,102.81
253.1,373.67,34.319,102.68
256.11,373.92,34.636,102.16
256.37,372.59,36.584,101.07
258.01,368.99,39.236,101.33
259.33,367.97,41.633,101.44
261.17,369.17,43.391,100.03
260.47,368.01,46.814,100.14
261.52,369.14,47.73,100.17
262.59,372.18,47.422,100.46
263.79,371.08,46.952,101.43
263.41,371.73,47.88,100.87
261.44,373.21,46.517,100.73
261.02,371.9,44.584,101.92
259.53,371.77,42.84,102.06
257.72,372.99,40.299,101.85
258.04,374.89,38.322,101.38
255.53,375.15,35.701,102.14
253.72,373.72,35.346,102.78
249.97,373.16,36.068,103.47
248.44,372.95,36.876,104.37
246.14,371.65,38.677,104.64
242.69,371.25,40.724,104.01
241.16,370.21,42.521,103.87
240.54,367.56,44.227,102.69
240.72,364.83,45.339,103.41
242.03,364.94,46.083,103.29
243.69,359.92,45.586,103.86
249.64,355.19,44.813,103.93
250.17,356.99,43.232,103.46
247.99,356.57,40.194,103.76
248.96,351.74,37.758,104.94
247.84,345,35.179,104.46
247.09,341.54,34.454,104.51
247.06,341.4,35.049,104.78
246.31,340.52,34.704,103.26
244.77,339.26,34.762,103.62
240.09,337.15,38.43,102.63
232.63,335.76,43.225,102.78
228.24,334.44,47.38,102.23
225.01,334.6,50.53,102.07
224.72,335.59,50.957,101.6
224.57,337.06,51.431,101.89
226.1,338.18,51.046,101.74
228.08,338.25,50.806,102.05
231.13,337.1,48.811,101.98
230.3,337.16,48.152,101.9
233.94,336.46,44.26,102.07
236.05,334.59,40.698,103.51
239.08,329.9,38.619,104.22
242.2,326.86,35.63,104.21
247.22,326.42,35.636,105.2
247.98,325.44,35.688,105.79
250.65,325.14,35.805,106.66
254.01,327.53,38.257,105.56
259.61,326.89,38.517,105.43
261.84,326.14,41.956,105.29
265.94,328.63,44.436,103.17
271.7,327.61,46.323,103.59
277.54,328.58,46.688,103.88
279.74,330.98,46.848,103.53
283.86,333.13,45.323,103.31
288.08,331.58,44.769,103.84
293.77,328.1,42.957,103.57
296.99,327.5,38.089,103.72
299.71,325.84,34.052,104.54
300.26,327.3,32.464,103.54
298.98,326.79,32.849,104.98
297.91,327.34,34.059,104.16
295.74,328.35,34.91,103.63
293.2,328.92,37.665,103.32
289.09,328.29,41.967,103.16
285.66,328.12,45.654,101.88
283.7,327.56,48.811,101.74
281.15,326.98,51.16,102.35
281.75,326.19,51.875,101.84
282.28,325.66,52.253,102.24
280.69,325.32,52.28,102.47
280.64,323.84,50.083,102.25
280.15,322.44,48.058,102.14
279.19,320.75,45.377,102.06
279.45,321.26,42.499,102.48
279.65,322.7,38.057,102.15
280.37,324.05,36.99,103.38
281.32,324.03,37.581,103.9
282.38,322.92,39.687,104.43
281.15,324.57,38.981,105.2
282.34,326.8,35.985,105.31
282.22,327.8,37.913,104.8
281.09,328.85,40.733,105.36
279.88,328.23,45.166,104.52
282.74,325.74,46.314,104.35
284.48,328.38,46.449,103.85
285.62,332.34,47.381,103.42
288.34,332.33,44.912,105.21
293.49,332.57,44.414,105.14
297.87,333.69,40.937,105.37
301.67,336.09,38.828,104.2
301.96,337.71,36.304,103.03
300.88,341.03,35.01,103.9
300.3,340.89,33.994,105.13
297.58,340.44,35.494,105.06
296.29,339.96,35.686,105.3
294.04,340.84,37.66,104.94
290.24,341.31,39.591,103.51
285.39,343.3,42.529,102.6
278.45,347.11,46.963,102.31
272.42,351.23,50.214,101.53
270.59,353.25,52.225,103.09
267.32,355.17,53.606,103.26
264.68,359.04,53.601,102.35
260.34,363.56,52.01,103.16
260.49,364.95,49.809,102.67
262.73,362.59,47.122,103.74
264.09,363.24,42.438,103.2
266,362.4,40.052,103.42
269.19,363.35,37.612,103.23
269.12,359.87,36.252,104.87
269.18,362.13,34.111,101.93
267.83,357.18,36.684,107.15
270.21,352.77,36.748,105.99
272.55,352.47,40.454,106.15
270.63,351.61,45.096,106.96
271.57,353.53,47.219,105.23
269.01,354.74,49.77,104.28
269.67,353.82,50.647,104.75
274.38,352.5,50.667,104.8
274.74,353.25,50.34,103.81
277.57,356.01,49.027,104.42
278.02,356.85,47.014,104.58
278.38,355.32,43.481,105.38
279.65,356.21,38.803,104.38
279.62,354.69,36.067,105.16
276.37,353.27,33.851,104.97
273.54,353.95,32.953,106.11
268.72,355.51,33.83,106.03
263.62,353.51,36.38,105.54
257.78,355.48,40.228,105.33
251.53,355.81,45.742,104.13
247.67,358.11,50.101,104.34
245.84,359.12,52.535,103.78
247.32,357.05,53.043,103.79
251.73,357.19,54.309,104.82
259.07,357.54,54.791,105.03
264.38,358.08,52.954,105.14
268.97,358,51.681,104.99
275.44,354.06,48.214,104.61
283.02,355.17,45.304,104.31
287.34,356.38,41.821,104.77
289.6,356.88,39.108,105.37
288.56,356.37,36.295,106.75
288.23,357.33,34.89,106.64
288.37,357.33,35.165,108
287.77,357.01,35.564,107.28
285.64,357.63,37.618,107.71
281.22,357.34,42.167,107.65
277.44,357.44,46.601,106.07
272.51,360.01,48.561,105.57
270.45,360.15,50.255,105.52
268.51,358.1,51.534,105.72
268.48,358.78,49.945,105.47
265.91,357.38,48.583,106.32
266,355.43,45.621,105.4
261.33,357.35,43.204,106.12
260.45,358.21,39.402,105.72
258.04,357.41,36.421,106.47
256.26,357.36,33.442,107.15
252.41,355.36,33.841,108.14
247.05,354.91,34.323,109.3
240.06,355.64,35.308,109.56
230.57,358.96,38.964,109.67
221.96,359.82,44.152,109.96
217.32,360.09,46.977,108.75
213.48,363.34,49.317,108.29
210.59,364.01,51.258,107.96
208.58,364.68,50.871,108.56
205.09,365.06,50.657,108.52
202.51,363.64,49.12,108.97
198.47,362.25,48.974,109.54
197.95,361.21,44.66,109.01
193.38,361,42.439,110.01
189.93,362.12,38.309,108.84
185.77,360.7,35.01,109.18
180.61,359.16,36.614,109.6
174.91,358.84,37.06,109.09
167.98,359.08,37.165,110.24
162.29,356.42,39.435,110.16
158.4,354.61,40.891,110.53
155.79,354.55,42.063,109.31
149.08,352.47,46.13,109.91
145.67,352.57,49.749,108.01
142.49,350.9,53.738,108.26
139.91,348.94,54.054,108.46
138.4,349.94,55.076,108.34
134.45,350.13,54.924,106.19
134.3,350.57,51.926,107.77
132.83,350.36,52.145,107.06
132.21,349.53,50.347,107.22
132.22,349.75,47.332,106.81
129.87,350.48,46.792,107.41
128.64,352.24,42.823,106.41
124.89,352.9,36.78,107.69
122.24,351.77,37.299,109.01
120.35,351.17,34.265,109.97
117.15,352.14,35.342,110.24
116.46,352.45,32.853,109.14
113.7,352.7,33.254,109.71
111.69,355.62,33.423,107.09
107.14,356.25,34.878,108.24
103.57,356.8,36.914,106.57
97.817,356.25,40.685,109.77
91.094,359.64,44.898,107.46
92.322,358.13,45.838,109.48
92.614,357.55,47.512,110.29
94.07,356.62,50.366,110.61
95.664,355,49.414,110.51
100.05,353.62,48.428,109.92
102.37,351.6,47.723,109.63
105.08,350.24,45.208,110.54
105.14,352.76,44.245,106.1
110.18,348.43,42.924,107.96
114.98,345.55,39.657,107.55
117.46,348.41,39.08,107.86
120.44,343.32,38.118,108.1
120.31,343.79,38.794,110.25
122.08,344.61,39.613,110.83
123.04,347.04,40.704,106.95
120.66,348.17,45.711,108.56
119.32,347.83,47.64,108.16
116.08,347.24,53.496,109.65
115.32,357.16,53,101.42
113.24,346.05,54.877,113.36
113.63,350.6,54.195,106.19
114.73,353.21,54.556,103.11
115.15,352.99,47.895,103.88
111.95,348.08,46.803,107.21
110.77,343.92,45.903,108.79
110.68,343.95,43.393,108.26
107.6,338.28,39.869,112.18
104.94,339.06,38.22,110.92
102.63,338.64,36.397,107.66
97.548,331.92,37.195,112.33
94.188,334.81,35.927,110.04
89.588,332.35,36.46,112.71
86.96,329.55,38.685,112.97
82.346,331.46,37.891,111.23
80.243,326.58,38.197,115.18
81.233,328.98,38.139,112.39
79.943,328.57,38.832,113.9
79.072,330,38.364,111.88
79.623,330.68,39.697,111
80.021,327.21,39.585,112.79
81.9,328.76,39.293,109.91
83.337,328.77,39.057,111.03
84.012,329.14,38.483,111.44
85.602,328.68,38.983,110.81
87.838,325.27,38.306,109.41
88.202,321.15,38.772,113.01
89.299,325.9,37.837,110.4
88.37,324.07,38.007,110.85
88.349,325.35,38.629,110.03
88.207,322.58,37.6,110.16
86.325,320.82,39.451,108.82
83.668,319.43,39.776,112.53
81.471,320.93,39.21,111.87
81.178,319.41,38.181,111.31
81.035,317.56,38.257,110.5
79.731,317.5,37.793,110.02
79.785,312.54,37.599,111.82
79.605,312.75,38.1,108.73
76.954,309.28,39.473,111.24
75.54,308.77,40.777,110.4
74.93,305.87,39.394,110.35
73.995,306.12,37.761,108.86
69.897,306.65,37.471,107.96
67.944,305.72,38.615,107.76
65.307,306.68,39.336,108.39
63.707,307.46,39.525,107.59
61.291,307.7,40.522,107.08
59.344,310.17,40.97,107.29
56.721,312,41.477,107.62
55.328,313.64,41.094,108.15
54.101,313.51,41.648,107.12
53.058,314.21,40.786,108.11
51.529,315.4,39.934,107.46
50.892,313.9,39.9,107.44
53.481,309.89,39.396,106.98
55.174,307.79,39.909,107.6
55.905,305.11,39.42,106.82
56.82,303.49,40.24,104.68
58.309,301.88,38.923,103.81
59.903,299.14,39.347,103.85
61.24,294.98,38.404,103.19
61.967,291.76,39.615,103.63
61.464,289.72,39.764,102.58
62.426,288.6,38.661,103.68
62.857,285.96,38.812,101.07
63.501,283.18,38.364,104.45
61.564,286.58,37.94,103.61
61.374,286.71,38.195,104.89
61.482,284.63,37.39,104.05
59.565,287.21,36.711,102.42
59.833,286.89,36.39,104.01
60.028,285.84,36.516,104.63
58.695,285.63,37.058,103.31
54.261,290.33,37.138,103.4
53.148,289.53,36.65,102.52
51.929,287.99,36.717,100.65
48.635,288.92,38.469,101.39
45.589,290.69,38.216,99.99
43.265,291.77,38.403,101.01
41.645,291.98,38.198,99.74
39.84,291.78,39.021,101.8
40.201,291.5,39.404,101.15
40.644,291.99,39.846,101.58
40.5,291.88,40.195,101.76
41.021,288.44,40.95,102.29
40.241,286.5,40.767,102.56
41.288,284.52,40.989,102.23
40.604,282.86,39.761,103.22
41.106,282.2,40.103,101.86
42.147,278.59,39.642,103
42.529,278.93,38.905,102.5
42.334,278.3,38.706,102.86
42.501,276.07,40.145,100.44
41.729,272.78,39.392,99.277
42.016,271.84,39.368,99.43
41.978,270.12,39.907,99.378
44.149,266.6,38.675,99.543
44.8,264.79,37.203,100.11
44.391,264.94,36.448,100.63
43.832,263.47,36.911,100.28
43.313,263.2,36.828,100.99
40.224,262.37,36.945,99.673
40.895,261.57,36.387,99.819
