339.1,357.1,17.105,54.105
338.23,356.19,16.835,54.072
337.75,356.81,17.434,53.706
335.58,357.93,18.741,54.041
333.14,358.21,19.931,53.804
332.05,357.77,20.805,53.878
326.28,357.6,25.745,53.431
323.88,356.94,26.347,53.418
321.15,356.05,26.616,53.214
320.05,356.01,24.328,53.338
318.24,356.27,22.532,53.323
316.61,357,21.925,53.18
316.14,357.38,18.932,52.971
313.67,357.83,17.113,54.029
312.22,359.6,16.01,53.8
311.41,360.66,15.609,54.328
310.19,361.83,15.664,54.05
307.18,362.01,16.53,54.049
303.26,364.43,19.346,54.01
300.3,364.38,21.823,53.786
298.27,365.47,24.694,53.59
297.4,366.97,26.241,53.127
296.5,368.36,27.223,52.447
296.48,369.28,27.338,51.9
296.96,370.54,27.197,51.798
296.07,371.56,26.055,52.078
295.66,371.78,25.436,52.119
295.28,372.34,22.92,52.925
295.65,373.32,20.742,51.997
295.51,374.35,18.598,52.741
296.45,375.15,16.355,52.847
296.17,375.74,15.622,53.344
295.33,376.58,15.038,53.861
295.88,376.7,15.498,53.966
295.84,376.93,15.792,53.512
293.92,377.03,18.461,53.509
292.24,376.75,20.653,53.711
290.9,376.5,23.302,53.83
291.29,377.18,24.047,53.785
291.51,377.61,24.344,53.07
290.2,376.2,25.205,53.151
289.92,375.8,23.954,52.813
290.1,376.14,24.085,52.931
291.42,375.85,21.432,52.937
291.45,375.01,19.911,52.596
291.51,375.3,18.051,52.395
291.68,375.02,16.652,52.389
291.76,374.83,15.745,53.106
290.88,374.65,15.155,52.972
291.37,374.38,15.146,53.132
290.24,374.7,16.322,52.956
288.69,374.23,18.351,52.732
286.8,375.06,21.711,52.603
284.27,376.17,23.992,52.484
282.44,376.27,25.385,52.06
281.62,377.07,26.702,51.901
281.32,378.13,26.813,51.628
281.03,378.96,26.803,51.684
280.88,379.75,26.201,51.803
280.68,380.68,24.552,51.945
280.64,382.29,22.804,51.837
280.29,383.36,20.34,52.119
278.99,384.75,18.377,52.274
278.65,384.72,16.229,52.643
276.84,386.45,15.694,53.534
275.74,385.92,15.451,53.179
274.6,385.14,15.506,53.081
272.31,384.57,16.191,53.268
270.41,383.37,18.084,53.399
267.57,381.98,21.052,53.331
265.27,380.55,23.17,52.741
263.85,378.84,25.144,52.885
265.56,378.1,24.526,52.155
264.85,375.07,24.913,52.741
264.68,373.1,24.683,52.699
264.2,371.86,23.299,52.207
264.6,371.48,21.678,52.524
264.21,370.31,20.525,52.165
263.61,369.23,19.117,52.527
264.53,368.95,17.261,52.354
264.5,369.19,16.154,52.529
264.35,370.19,16.095,53.02
263.57,370.9,15.736,53.23
263.49,371.83,15.68,53.263
261.78,371.64,16.392,52.636
258.92,371.13,18.88,52.655
255.67,370.83,21.383,52.38
253.8,369.6,23.189,52.259
252.04,368.47,24.726,51.828
251.07,368.48,25.258,51.709
249.98,369.61,25.603,51.918
248.63,368.85,25.298,51.777
247.78,369.09,24.834,52.006
247.79,368.52,23.875,51.957
247.56,366.33,21.766,52.087
246.12,365.23,19.749,52.297
246.82,366.4,18.41,51.877
246.98,365.52,17.187,51.843
247.61,364.42,15.768,52.449
247.16,363.48,15.553,52.58
247.8,363.63,15.54,52.889
246.82,363.27,15.17,52.958
245.28,363.54,16.307,52.809
241.9,361.8,18.991,53.056
240.1,361.38,20.444,53.186
239.12,362.13,20.785,52.589
237.98,363.14,21.929,52.395
236.09,362.32,22.041,52.197
236.61,363.29,21.432,52.818
235.38,363.97,21.296,52.589
236.42,363.85,19.429,52.896
237.39,362.02,18.797,52.755
238.68,360.82,18.41,52.159
241.31,358.62,17.586,52.224
245.83,356.35,15.825,51.847
248.43,351.12,15.592,52.462
250.38,348.77,14.609,52.097
249.6,347.56,14.446,52.153
249.29,349.11,14.925,52.478
248.92,348.79,15.477,52.16
248.33,347.94,16.737,51.868
248.11,348.15,18.808,51.655
249.12,349.88,19.999,51.56
249.98,349.96,21.246,51.733
251.27,350.28,23.058,51.322
253.04,350.41,22.701,51.147
254.85,350.53,22.145,50.914
256.59,350.74,21.758,51.011
257.33,350.38,21.411,51.096
257.45,350.26,21.39,51.534
257.33,351.24,20.176,51.512
258.84,351.13,19.003,51.903
259.1,350.81,18.141,51.716
260.36,350.88,17.241,51.916
261.15,350.94,16.561,52.09
261.1,349.95,16.171,52.139
260.9,348.22,15.954,52.42
261.14,348.02,15.717,52.191
260.76,345.68,16.003,52.748
261.1,346.15,16.18,52.393
260.88,344.99,16.646,52.027
259.84,344.55,17.575,52.209
257.47,345.17,18.872,52.342
255.94,346.42,19.403,51.908
255.15,346.52,19.357,52.153
256.8,346.55,18.58,52.213
257.55,347.53,18.222,52.426
257.48,348.61,18.282,52.517
256.43,352.1,18.018,52.853
255.65,354.43,16.921,52.166
253.58,355.07,16.917,52.084
251.33,355.55,16.097,51.283
247.67,356.08,16.098,51.371
245.38,356.96,15.299,51.215
243.14,356.61,15.46,51.231
242.06,355.88,14.875,51.483
241.39,355.86,15.088,52.077
241.08,355.71,15.494,52.626
239.62,355.65,15.89,52.558
237.6,355.88,17.33,53.068
234.96,356.93,19.976,53.611
232.54,357.33,21.77,53.735
230.22,358.87,22.748,54.1
228.8,358.1,24.299,54.598
228.09,358.08,24.668,55.18
227.48,358.25,25.262,55.682
226.2,359.18,25.854,56.906
225.69,357.23,25.37,57.396
224.78,355.41,25.165,59.091
223.64,354.14,24.286,59.979
223.29,352.91,20.703,61.236
221.75,350.36,22.861,62.009
220.81,347.66,22.005,63.069
218.63,344,21.485,64.343
218.12,342.1,20.357,65.727
217.01,342.71,20.324,66.103
214.66,342.2,20.246,67.748
212.83,341.02,21.2,69.023
212.69,340.42,22.929,69.698
209.8,340.42,24.778,70.731
205.51,341.01,29.079,72.029
202.8,343.1,31.102,73.035
201.52,343.18,33.106,73.262
200.62,343.21,34.044,75.042
199.74,343.14,33.965,75.4
199.18,343.31,33.093,77.029
198.63,344.28,32.121,77.727
198.19,345.22,30.284,79.325
195.86,344.89,27.926,80.187
194.08,344.14,26.261,80.641
192.22,344.38,26.121,81.802
189.63,345.59,26.538,83.75
186.88,346.22,25.782,85.342
184.75,345.2,27.072,86.841
181.72,345.29,29.202,88.431
178.45,347.45,31.982,89.85
173.14,350.17,37.568,91.072
168.55,350.79,42.109,91.116
165.23,351.13,45.114,91.199
162.67,351.17,47.651,92.964
161.44,350.73,49.14,95.397
161.08,351.76,50.262,98.083
161.23,354.7,50.541,99.77
160.26,353.86,49.09,101.72
158.87,356.15,49.12,102.19
159.77,357.89,46.773,105.56
158.02,360.13,38.534,107.52
151.65,360.09,43.1,110.07
153.88,358.92,36.886,112.97
149.91,360.22,38.291,114.52
146.4,363.1,38.745,116.21
144.65,362.67,39.48,115.71
142.22,361.51,41.749,115.56
136,361.54,49.129,117.31
128.55,361.8,54.951,118.62
123.29,356.55,59.929,119.68
120.17,352.42,62.274,120.91
118.1,350.36,66.662,121.79
120.92,345.08,67.18,122.69
123.6,338.25,66.794,124.06
130.76,335.98,59.94,124.26
135.8,335.29,41.913,127.48
145.79,332.76,39.824,133.78
155.84,330.88,52.135,132.31
167.38,324.72,45.078,138.08
178.02,320.65,43.887,138.76
185.7,318.79,41.973,145.85
193.1,325.35,44.078,148.66
195.58,329.97,51.512,150.11
194.42,333.06,60.65,151.49
190.44,335.37,71.11,151.54
191.18,338.76,79.292,153.16
191.22,341.49,86.011,156.62
192.86,343.28,84.961,157.91
197.12,347.46,87.894,159.95
199.22,352.06,89.296,162
204.07,352.61,83.77,164.71
212.3,355.18,77.71,167.76
220.22,357.53,67.6,171.4
227.92,359.12,64.688,174.45
233.12,360.5,60.423,178.94
238.46,356.28,56.229,182.16
238.15,347.06,54.326,186.44
236.09,339.08,55.031,193.35
230.42,327.68,55.736,194.15
223.62,318.59,61.513,194.73
216.18,309.78,68.887,195.8
215.5,299.57,72.795,194.2
214.38,292.88,81.153,191.39
211.7,286.27,86.563,191.08
216.32,288.86,89.246,190.76
218.86,283.68,86.055,193.61
225.33,278.24,84.014,194.49
233.64,283.6,76.703,190.55
242.86,290.32,70.077,188.84
247.87,287.31,63.778,191.02
254.63,282.16,58.212,191.9
263.52,283.43,56.736,193.12
266.09,287.77,55.563,193.35
268.88,289.33,56.841,193.82
269.83,292.12,60.367,193.35
263.72,292.91,69.186,192.67
258.13,296.51,77.853,191.62
251.92,298.87,85.746,190.15
244.52,294.28,92.613,189.05
241.9,294.02,96.684,186.95
239.4,293.47,96.93,186.19
233.43,288.15,99.521,187.08
233.05,283.57,95.248,189.54
232.5,282.62,90.083,192.11
236.01,282.84,83.451,188.73
242.8,278.6,75.417,190.24
254.17,280.85,69.677,191.26
264.02,273.71,59.714,191.68
271.12,265.38,55.944,192.83
274.18,262.65,55.085,195.02
278.01,256.95,54.606,195
284.6,252.05,56.777,195.1
284.23,247.8,61.321,195.77
277.4,250.01,71.379,193.73
275.21,256.09,77.403,192.19
275.53,258.93,83.483,191.12
279.38,259.57,86.671,190.48
282.32,263.28,87.289,191.81
288.91,266.51,82.104,192.35
291.46,263.81,76.523,193
295.9,263.17,70.976,191.49
297.05,261.24,65.024,189.36
294.23,263.06,58.603,189.12
287.49,265.45,57.444,189.47
282.6,265.68,55.92,191.09
276.88,265.59,56.971,192.37
274.95,262.68,59.635,191.52
267.13,258.47,64.626,190.59
262.2,256.54,69.698,189.56
241.79,257.77,84.934,188.9
240.39,263.19,85.158,186.16
234.32,265.68,90.767,183.65
230.5,266.76,95.84,183.19
228.04,270.02,96.917,183.26
229.84,267.79,93.677,184.28
233.8,267.25,92.027,187.13
235.98,266.77,79.224,187.33
239.97,265.8,68.756,186.77
237.28,259.61,69.539,187.9
237.03,257.11,62.177,188.72
235.53,255.89,55.632,186.17
241.44,259.18,55.324,188.13
246.61,262.3,55.274,191.04
253.85,269.07,55.49,188.3
257.23,271.86,57.58,190.69
259.79,274.28,62.629,192.92
255.84,284.07,74.355,190.64
262.64,296.15,77.284,192
267.37,311.6,81.052,190.9
273.31,317.29,79.825,190.72
281.29,320.96,76.535,192.59
286.34,326.45,73.526,190.75
289.82,334.83,69.893,190.42
293.82,337.74,65.368,187.39
297.12,341.92,58.722,186.78
298.27,344.77,56.299,185.97
298.16,348.11,56.753,185.34
298.78,349.29,56.816,188.66
298.8,356.08,58.637,189.27
294.35,362.96,62.645,186.8
281.82,366.14,74.422,187.19
269.93,369.47,86.146,184.46
263.93,373.79,92.856,184.42
261.54,377.01,95.695,184.37
259.08,384.13,96.428,182.71
256.29,392.27,97.784,178.21
256.07,389.39,98.402,182.27
263.1,386.52,89.947,180.36
262.28,382.83,84.491,181.11
264.9,378.6,79.037,178.71
264.5,372.87,72.29,181.38
267.22,365.03,64.007,182.79
267.32,359.73,59.089,183.35
268.23,353.57,56.841,185.4
270.85,345.82,55.343,186.19
274.13,342.36,54.755,188.21
272.17,341.76,59.67,187.53
269.67,343.27,64.711,186.17
268.8,346.39,68.243,185.18
266,347.16,72.256,186.32
265.84,350.66,75.703,184.71
267.73,352.84,76.049,186.71
268.03,358.89,74.964,184.68
270.7,360.94,73.949,183.85
267.93,368.04,73.091,182.59
268.84,369.99,62.326,178.6
263.87,372.58,64.208,175.2
262.15,371.81,60.381,169.26
256.71,369.69,59.092,177.97
261.3,384.23,50.063,158.29
260.38,382.61,48.783,161.62
260.65,390.37,49.706,153.24
261.14,385.03,54.908,151.14
260.09,385.11,58.329,138.09
274.65,386.47,52.658,149.55
268.95,387.57,65.899,141.71
290.9,384.2,58.473,147.71
296.39,396.99,61.009,126.03
291.36,377.8,73.437,133.81
301.38,329.72,60.785,177.01
314.64,334.89,58.232,174.91
329.34,340.41,69.98,175.95
348.95,340.53,55.084,177.4
367.05,341.44,55.836,182.36
384.74,347.24,58.965,183.17
395.28,348.7,55.324,184.33
406.26,347.09,52.722,184.22
418.88,343.42,49.668,185.28
433.37,339.16,43.258,185.75
442.9,336.19,36.741,180.4
444.9,340.33,33.539,174.2
441.48,343.96,37.225,172.62
448.18,346.87,32.52,170.88
446.74,345.51,32.546,170.02
447.74,343.07,33.365,170.58
447.38,346.2,32.869,171.85
444.95,347.26,34.131,173.15
437.54,345.71,40.151,175.9
432.38,347.15,46.138,176.78
421.35,347.99,53.155,179.4
406.53,350.95,52.603,181.45
391.52,353.55,52.714,180.62
377.21,351.69,52.327,181.22
361.12,353.23,53.632,183.76
348.27,355.32,54.433,182.21
335.15,355.22,60.09,183.26
320.93,356.72,66.741,181.26
302.13,362.42,80.664,179.41
295.55,360.99,85.697,178.61
290.54,361.24,88.986,177.14
285,364.14,89.087,174.81
279.79,364.68,90.753,173.51
278,364.24,90.087,173.5
275.97,362.3,84.582,174.32
273.23,365.26,79.297,173.39
273.36,366.51,72.498,175.28
276.45,369.08,63.573,175.32
276.21,370.02,57.515,177.37
278.12,370.86,52.55,178.08
278.39,374.38,50.309,179.26
278.66,376.37,49.596,179.55
279.72,378.27,50.514,180.16
277.27,378.99,54.345,180.14
270.38,378.55,62.063,178.95
274.14,379.52,62.211,179.12
268.56,380.79,70.436,178.39
273.66,376.42,69.359,178.1
270.86,371.01,74.984,176.85
278.19,366.23,67.454,178.36
273.89,363.54,73.161,177.38
279.66,359.39,57.073,174.37
279.09,357.45,60.471,175.37
282.6,353.82,56.764,175.81
283.16,348.22,52.351,177.16
281.57,347.12,51.485,175.88
280.11,347.13,51.237,178.6
278.97,345.19,51.215,179.13
279.55,344.99,50.357,176.41
270.66,345.66,59.277,177.43
272.94,351.69,55.711,178.04
267.39,360.93,61.695,173.75
263.72,367.41,66.538,170.73
249.28,367.73,80.138,170.57
259.87,367.76,69.193,169.69
243.79,371.7,85.727,167.67
251.86,366.57,72.077,169.73
251.11,358.27,65.441,171.21
253.35,351.31,60.021,172.09
253.66,347.49,57.889,175.59
252,345.89,54.727,176.59
251.55,343.2,51.725,179.43
247.43,344.72,50.674,178.18
241.98,346.5,51.32,179.19
237.72,346.42,51.43,180.98
233.62,347.76,52.942,178.98
229.59,347.34,55.67,178.82
220.94,339.81,64.097,178.38
216.54,327.72,68.428,179.36
217.57,318.42,69.364,177.9
222.6,308.08,70.895,175.81
231.01,296.97,74.133,176.91
245.34,284.6,72.081,176.52
260.2,267.66,64.817,175.9
279.01,254.51,53.922,175.17
290.84,246.21,57.337,175.66
297.59,246.54,53.575,174.55
300.06,250.12,52.692,176.38
304,251.94,52.335,176.22
304.97,256.94,49.836,179.32
305.68,262.04,51.175,179.72
301.29,265.78,55.083,177.81
295.86,271.86,62.068,178.07
287.43,281.71,72.178,176.25
282.92,287.48,78.277,174.18
282.7,284.38,81.467,174.1
284.76,285.31,81.703,173.04
289.29,286.16,83.252,171.54
294.72,280.34,81.823,171.91
296.77,278.8,80.893,172.85
303.42,277.21,72.836,173.32
308.06,280.13,68.456,171.75
310.02,278.97,62.536,172.33
315.7,283.16,58.595,172.35
319.88,286.43,53.348,173.98
329.08,284.8,52.24,175.61
339.44,283.21,51.451,176
349.5,282.29,52.172,175.79
359.72,281.9,53.836,174.28
363.93,283.23,58.187,173.18
367.15,285.08,61.904,172.55
365.7,283.9,69.949,171.65
371.25,285.88,70.279,169.69
377.12,291.16,70.234,170.55
371.88,294.09,73.323,168.54
368.84,294.82,62.351,169.56
371.51,300.78,56.045,171.83
373.9,302.62,61.917,171.17
379.88,307.52,57.209,171.9
388.2,313.99,49.96,171.25
396.04,316.46,49.738,173
399.93,314.83,49.283,175.39
403.12,317.36,50.335,176.18
406.56,322.61,51.218,172.93
405.75,323.33,58.25,173.08
399.18,321.1,68.311,170.73
392.78,318.97,75.294,170.45
380.12,320.08,78.309,167.66
360.34,322.62,79.408,163.93
343.78,328.27,80.879,162.79
329.27,332.73,83.242,162.55
313.01,317.29,78.443,174.96
306.2,314.56,72.923,176.22
293.73,306.06,68.367,188.19
280.82,325.62,62.842,175.02
271.12,311.65,59.323,195.11
267.27,344.91,51.432,167.22
262.76,351.14,48.226,166.96
260.97,355.8,49.447,172.35
253.27,359.53,49.667,173.3
251.84,362.13,52.533,172.63
255.88,366.94,52.994,166.88
254.45,362.31,60.128,167.04
261.16,354.94,64.343,166.45
261.08,334.26,68.926,166.95
255.63,321.59,70.075,166.49
242.4,315.92,70.952,167.74
227.06,311.18,68.825,167.48
214.17,307.75,63.593,167.47
214.05,305.01,56.831,166.29
215.22,294.65,53.855,166.16
218.57,288.97,54.041,166.46
226.74,284.51,51.019,167.45
232.05,278.69,51.051,169.4
244.44,272.02,49.773,170.01
253.94,265.48,55.189,169.26
263.94,257.98,61.055,169.1
272.56,253.57,64.216,165.18
277.35,250.59,73.309,165.72
286.66,256.97,79.446,164.17
292.86,258.39,82.138,164.39
298.34,261.29,81.891,163.1
304.26,270.3,79.691,162.86
302.96,276.72,79.736,164.23
305.49,285.08,73.951,165.26
310.44,289.83,68.33,165.14
311.95,287.24,64.312,165.42
310.6,285.81,63.562,165.16
314.43,287.82,54.505,164.57
324.5,277.8,46.8,170.45
337.51,273.85,47.642,168.61
347.42,270.35,44.716,168.64
357.76,271.5,47.315,170.45
367.57,269.25,51.166,170
376.2,271.36,55.071,169.65
383.23,277.91,60.547,170.33
392.59,277.08,63.083,168.23
409.46,271.73,57.529,165.27
423.65,271.18,52.115,165.84
433.95,270.58,43.279,158.27
441.06,269.86,37.363,160.01
444.97,271.35,33.969,160.45
450.74,278.18,28.244,158.07
451.02,279.79,28.712,161.77
447.28,279.68,31.836,164.57
441.56,282.22,38.283,164.32
442.92,290.39,36.713,165.58
437.94,292.05,40.514,167.97
431.13,294.41,44.124,167
421.31,300.6,50.524,165.34
407.71,300.46,55.327,167.07
395.03,306.17,58.081,167.3
378.63,313.17,61.553,165.47
361.39,315.81,65.858,164.6
351.83,320.32,64.646,164.05
336.18,322.88,68.437,163.54
327.12,321.8,70.05,164.25
325.46,323.17,64.729,164.36
318.67,324.74,63.096,163.73
315.92,327.21,55.25,162.78
312.85,329.66,54.505,162.61
308.9,331.89,50.972,164.47
308.13,333.36,48.757,163.66
306.75,330.56,49.657,166.28
304.9,325.87,49.706,164.96
302.16,325.01,50.406,163.76
304.1,323.5,52.541,164.96
303.89,316.32,52.164,166.66
303.48,311.16,54.313,165.22
301.54,309.52,55.062,164.33
296.3,309.78,56.315,163.13
294.14,311.55,54.353,163.77
284.89,308.92,56.611,163.02
280.93,306.66,51.891,156.42
273.11,310.44,49.556,152.59
259.6,314.79,49.765,155.55
248.73,316.89,50.456,159.32
239.4,317.36,48.642,158.92
225.79,311.66,49.507,159.17
216.19,310.37,48.558,160.17
204.12,312.84,48.924,163.59
190.27,308.19,48.411,162.24
180.86,302.65,48.881,162.74
171.34,304.77,51.653,158.72
155.52,305.05,56.927,156.32
141.97,304.43,65.901,159.29
131.72,306.01,69.604,157.78
127.72,306.36,67.91,159.19
120.72,303.91,70.035,155.84
118.66,306.7,63.931,149.65
109.92,303.97,64.546,151.39
109.54,301.64,59.229,152.12
105.29,300.46,58.632,152.06
102.34,295.14,54.792,152.96
99.575,295.58,56.068,155.42
96.811,300.69,55.359,156.57
101.16,301.52,50.421,160.79
103.34,305.37,48.648,158.58
107.73,308.79,48.133,159.58
112.51,312.33,46.546,157.92
117.74,312.93,49.272,160.01
121.39,312.95,51.831,160.13
123.9,313.95,57.277,160.09
130.03,312.59,57.244,160.66
137.47,313.32,57.487,162.3
143.39,312.67,58.201,162.52
149.93,304.95,56.326,165.86
154,305.86,54.338,162.95
158.02,305.04,53.671,163.45
161.1,303.16,51.474,160.29
161.78,303.22,49.29,158.58
162.96,300.34,50.227,157.69
163.94,297.58,51.713,158.08
164.83,295.06,52.362,161.58
164.92,292.09,51.908,160.79
166.96,293.3,57.088,159.54
167.71,293.11,58.29,159.51
170.18,293.81,59.561,158.9
165.01,297.78,67.674,157.61
170.14,298.58,64.897,156.62
167.45,299.31,74.394,154.91
172.22,303.04,72.781,155.18
177.57,304.45,70.396,153.34
183.69,302.46,69.276,154.58
190.84,304.57,63.6,154.65
194.7,308,58.947,153.63
197.93,308.96,56.126,154.6
201.11,307.92,52.262,157.02
203.74,310.09,50.748,157.69
205.9,315.97,51.077,159.14
206.13,319.58,51.686,158.47
206.68,318.92,52.331,159.54
207.33,318.65,54.545,159.5
213.86,321.71,56.109,158.09
208.89,325.08,57.064,159.02
208.27,324.83,57.23,158.72
207.71,325.94,59.703,156.83
211.01,329.79,58.589,157.49
212.37,331.03,60.164,157.31
215.71,327.76,58.062,154.84
218.92,326.03,54.602,153.45
222.4,325.75,52.078,151.1
226.28,323.37,48.579,150.53
230.04,314.19,47.696,154.43
233.34,309.64,47.215,153.72
237.08,306.98,47.309,155.54
240.67,306.27,48.421,156.88
235.35,308.32,54.327,157.62
237.68,308.36,55.772,154.92
234.08,307.44,64.811,155.28
230.62,309.11,68.196,156.66
229.47,312.13,72.173,156.14
228.15,312.71,73.61,155.48
228.08,309.31,73.859,157.76
232.2,309.76,72.211,155.87
232.86,313.19,67.743,153.51
233.3,309.82,62.76,151.75
233.43,303.82,59.854,150.05
232.14,305.05,54.727,149.71
229.96,305.02,52.628,152.1
231.63,296.95,48.433,157.15
232.95,299.82,48.126,154.87
237.03,297.63,48.108,162.08
243.97,301.27,49.222,159.68
250.71,304.64,47.408,158.74
253.45,310.77,50.537,157.21
260.99,310.22,52.896,158.83
270.49,307.04,54.442,157.81
283.11,305.06,54.744,155.69
291.2,300.66,55.72,156.73
301.93,293.97,55.851,161.5
307.78,292.24,54.622,159.2
317.95,286.64,52.912,159.48
323.07,294.64,47.928,151.12
325.64,295.81,44.666,148.01
329.58,298.59,41.936,143.26
330.47,297.77,41.669,139.95
331.44,295.63,41.607,137.86
326.28,292.02,46.268,143.76
320.88,285.64,45.779,151.69
313.75,285.38,47.278,148.15
303.44,279.03,54.573,152.3
290.68,280.92,61.212,148.76
281.85,278.11,64.958,145
274.02,272.5,66.923,145.19
267.86,278.1,67.207,142.86
262.47,281.72,68.182,141.06
260.96,273.24,67.832,143.54
261.86,271.28,64.747,144.88
259.03,276.18,62.944,143.62
259.19,273.54,60.3,145.37
259.34,278.23,54.447,143.26
260.24,282.33,50.075,143.7
262.25,282.19,47.463,144.96
264.41,282.94,43.879,145.12
263.26,287.78,43.204,145.68
262.12,296.18,41.754,144.72
261.79,299.24,41.635,146.93
260.03,303.77,43.952,144.53
260.37,306.24,45.48,145.73
254.21,313.13,51.223,143.53
254.72,314.27,52.252,142.2
253.38,312.13,55.21,139.64
255.5,307.46,54.166,142.89
251.22,306.38,56.817,142.9
254.94,301.81,52.966,141.95
259.79,296.58,47.93,141.91
260.99,296.17,47.001,140.01
262.25,289.33,45.396,139.4
262.29,287.61,45.455,138.18
263.57,284.81,44.143,139.93
264.57,286.54,41.563,138.27
265.2,280.82,44.14,144.49
264.59,276.88,45.213,143.59
265.58,273.8,46.408,145
261.79,278.47,50.297,142.81
255.76,278.81,55.284,144.5
256.87,267.63,57.46,152.08
257.81,276.06,61.447,139.07
262.12,268.2,61.454,141.09
265.12,268,61.846,140.47
273.89,267.58,56.646,142.72
273.06,265.51,58.843,141.78
276.18,258.84,55.525,141.96
280.94,254.87,52.221,141.87
281.16,254.89,52.064,140.29
284.84,260.06,46.511,137.74
289.35,266.21,43.32,140.68
291.82,267.82,38.657,142.56
299.19,268.33,38.479,144.12
291.17,261.65,39.629,141.69
274.93,265.33,41.336,140.5
259.21,277.86,41.428,143.4
247.35,283.3,40.814,140.31
244.78,278.09,40.608,143.35
230.54,278.3,41.003,143.2
218.43,281,42.83,143.03
205.87,271.81,43.913,149.43
198.21,285.38,44.568,142.83
189.13,284.85,44.447,144.68
178.31,283.87,44.809,144.2
164.33,280.67,44.376,146.08
158.42,289.06,42.265,140.73
151.28,281.37,42.777,142.14
153.71,273.39,40.579,143.25
155.41,272.23,41.024,136.8
155.86,270.06,42.09,137.63
154.76,267.13,39.555,138.52
155.8,282.5,37.473,120.51
156.62,267.07,38.968,132.47
158.12,282.39,36.697,115.28
159.3,282.59,36.754,112.15
159.66,285.45,39.903,111.1
154.52,255.82,45.131,136.99
156.61,253.57,48.32,135.45
159.78,252.83,48.66,138.92
162.68,256.45,50.152,139.37
163,258.34,50.28,140.22
166.28,257.42,52.129,144.66
165.49,259.86,49.59,144.38
165.58,262.75,48.775,143.43
167.98,267.09,45.44,138.65
163.18,269.8,48.342,140.94
160.62,273.4,48.943,141.57
162.28,277.65,47.404,143.95
161.23,279.98,45.614,142.56
162.33,287.28,44.488,138.88
161,292.45,44.386,142.11
161.97,317.93,39.271,120.3
158.2,303.32,43.128,143.83
163.99,305.66,39.552,140.21
171.05,310.96,37.394,137.04
166.87,302.97,42.526,148.52
171.35,314.36,39.423,133.43
174.79,335.08,37.426,109.48
175.57,315.64,38.353,123.87
173.93,291.94,46.169,144.96
176.2,287.92,48.43,144.59
182.62,286.86,48.229,145.31
185.08,285.19,50.504,144.07
187.43,282.25,49.09,144.86
194.77,281.48,47.544,145.51
194.63,279.3,45.744,144.34
195.19,274.59,47.286,144.74
196.14,267.15,46.839,146.46
197.67,261.64,45.294,145.91
203.65,259.45,43.511,144
