112.22,99.225,26.225,102.22
112.19,101.77,26.658,99.366
112.21,104.48,27.688,99.992
112.32,105.97,26.855,100.42
109.78,104.93,28.057,102.74
109.79,105.9,29.385,103.73
105.93,109.25,32.156,104.61
102.15,112.52,34.317,102.26
99.395,112.97,33.359,101.46
99.362,115.67,30.504,98.476
97.082,117.42,27.666,98.885
94.628,117.13,27.342,100.36
92.129,114.17,28.432,104.43
89.043,112.54,29.179,104.8
87.873,110.49,29.36,106.41
89.957,110.57,28.983,102.76
89.921,110.48,27.935,103.21
90.556,111.12,28.197,99.665
91.539,111.07,27.03,100.47
92.967,111.28,28.074,98.879
94.158,110.26,28.595,100.14
95.695,108.47,29.631,101.53
98.641,106.95,30.859,104.11
98.036,105.19,33.312,104.34
97.034,106.33,35.781,103.51
97.344,108.28,35.714,103.41
99.019,110.72,34.314,101.58
101.11,109.96,32.099,101.17
104.27,107.05,30.813,101.57
106.73,102.28,28.808,102.07
105.87,99.298,29.968,106.02
103.32,98.021,31.722,108.02
102.99,97.293,32.152,107.29
104.02,97.725,31.094,105.71
105.89,100.24,31.297,105.74
105.83,100.44,30.135,101.88
105.15,101.66,29.342,100
105.8,99.485,29.511,100.76
102.6,97.524,31.255,101.49
101.77,95.293,33.35,103.98
101.01,95.502,34.259,104.74
99.06,93.109,35.739,105.46
97.35,95.332,36.567,105.43
95.715,97.588,37.829,105.37
93.376,97.346,35.075,102.77
91.586,97.598,34.696,101.56
88.231,97.47,31.867,101.72
84.141,94.37,33.149,103.42
81.731,90.674,30.357,106.46
80.134,91.599,31.366,107.58
79.717,93.887,31.853,108.22
80.055,96.896,31.551,107.2
81.399,100.2,31.266,106.24
82.474,105.26,30.193,103.38
81.768,104.42,29.354,101.71
85.073,101.32,29.202,103.19
88,101.64,28.087,103.75
93.742,97.535,29.749,106.97
95.621,93.576,32.419,110.37
98.936,93.091,34.735,109.15
99.67,94.313,36.054,109.05
100.67,96.507,34.966,108.62
101.48,97.801,32.095,105.3
105.25,96.144,30.215,104.33
107.69,96.064,29.874,103.97
111.86,93.417,30.427,104.38
112.64,91.192,27.885,108.66
113.92,90,27.304,112.73
114.83,90.658,25.45,104.34
113.82,100.46,25.316,89.84
113.71,103.07,25.433,85.176
112.89,103.25,26.154,83.874
108.84,102.4,27.541,80.551
106.41,104.72,25.924,75.576
103.31,104.29,25.378,73.205
103.49,99.856,24.284,76.261
128.27,92.513,26.515,112.79
123.93,96.209,28.871,111.09
108.98,100.01,30.182,111.69
105.67,103.14,32.086,109.97
104.42,102.21,31.6,108.64
100.6,100.09,32.982,106.42
98.807,95.995,34.336,108.53
99.754,92.217,34.768,110.14
101.39,89.396,33.954,113.85
103.45,88.441,34.557,114.67
106.25,87.895,35.316,113.19
109,88.084,34.156,112.42
113.85,89.926,31.9,112
115.42,92.593,31.384,107.63
118.42,90.52,31.924,108.6
124.71,90.275,30.149,108.05
127.45,88.916,29.319,109.17
128.19,87.788,30.933,112.36
125.64,89.856,36.415,113.32
124.68,91.857,40.655,112.18
122.2,94.317,40.945,111.68
119.32,95.628,41.761,111.12
120.06,95.611,38.543,110.17
122.31,96.143,34.116,108.29
124.01,92.841,32.503,110.67
122.77,89.7,29.635,113.42
122.18,86.543,30.332,117.04
121.01,84.765,31.119,117.85
121.67,85.254,31.865,116.25
122.15,86.481,32.184,114.14
123.92,87.263,31.173,113.64
120.13,84.737,31.237,111.81
118.63,81.425,29.506,109.91
117.93,78.409,30.061,108.71
116.13,76.328,30.528,111.65
111.34,72.135,33.275,112.39
105.44,69.966,38.399,113.03
100.6,68.239,39.554,114.66
94.656,74.52,38.831,113.82
93.507,80.586,36.781,110.98
94.905,83.289,34.208,110.53
95.212,85.143,32.203,110.22
93.74,89.471,29.518,111.14
90.987,90.316,30.885,112.55
94.208,89.928,30.615,116.6
99.424,90.475,30.31,115.44
99.418,90.843,33.086,114.11
103.22,93.613,32.035,112.4
109.19,95.142,28.913,109.62
111.69,94.978,29.072,109.55
114.81,97.545,29.464,110.02
116.42,97.761,30.1,112.02
117.84,94.9,32.083,113.77
117.79,94.293,37.781,113.91
117.91,96.323,39.791,115.18
117.13,99.751,42.526,115.49
115.85,101.14,42.39,116.74
118.83,104.45,38.153,113.55
120.55,108.11,36.116,113.5
122.99,111.33,33.355,113.91
128.92,114.11,30.809,115.63
128.7,112.5,30.448,119.52
128.21,112.17,30.342,120.74
127.12,112.64,30.929,118.24
124.59,116.39,32.203,118.82
125.55,118.19,32.614,116.36
127.5,119.24,30.888,115.91
126.9,118.65,31.062,113.15
128.55,116.9,31.941,113.27
129.28,115.53,31.588,115.21
126.31,113.26,34.221,117.79
125.78,108.87,40.578,117.54
123.55,108.89,43.99,118.45
122.83,108.82,44.464,118.04
121.67,109.08,41.939,115.91
126.19,106.21,37.9,115.42
128.85,102.86,35.133,115.33
131.52,101.08,30.743,116.59
130.67,97.055,29.596,118.12
128.65,94.606,30.446,122.59
127.41,90.941,30.513,120.32
126.88,88.181,32.608,118.57
124.92,90.449,33.936,118.15
125.34,94.855,31.601,115.27
127.13,96.294,31.756,114.24
132.66,96.729,31.347,114.01
136.64,95.543,31.089,116.57
137.28,93.039,33.114,118.98
137.36,92.289,36.765,119.16
133.9,92.835,42.383,120.12
130.84,93.076,44.291,121.21
129.98,95.868,43.584,119.33
131.37,99.231,40.127,116.43
134.87,103.02,37.28,113.82
136.1,103.84,32.887,115.02
137.36,104.7,32.507,116.49
135.21,102.56,33.815,120.89
131.95,98.308,33.64,121.51
130,100.55,34.462,120.19
128.42,103.53,33.847,116.86
130.51,105.53,32.904,118.8
129.75,107.12,31.625,114.91
128.53,108.03,31.911,114.79
129.01,106.47,31.549,116.11
128.95,105.82,32.449,117.64
129.31,102.83,33.598,119.92
126.8,101.4,39.588,121.4
119.57,101.2,42.957,121.89
110.07,106.19,43.01,120.22
111.04,106.16,42.776,121.45
106.28,104.23,40.395,117.88
107.24,102.94,37.658,115.06
108.67,100.58,34.636,117.96
109.22,97.526,32.674,120.67
110.76,94.769,34.01,123.92
114.16,90.901,35.193,121.66
117.49,92.434,36.287,122.54
117.41,96.844,36.059,121.22
121.85,98.895,35.049,120.47
127.92,100.61,32.284,118.71
132.5,99.254,30.666,118.2
135.14,96.023,31.546,118.98
133.46,92.476,33.428,121.94
129.05,88.659,39.456,124.64
124.05,90.721,45.076,123.05
123.74,94.782,48.795,123.76
127.29,99.926,47.268,122.45
131.45,102.32,44.45,122.06
132.36,104.26,41.437,119.54
138.71,104.78,35.987,119.88
142.4,105.18,32.296,121.24
141.27,103.24,31.816,125.8
141.27,107.58,32.863,124.38
141.69,110.34,34.483,123.71
143,111.02,36.355,124.93
148.34,112.48,32.952,123.62
145.65,115.85,31.775,121.83
145.35,117.77,30.829,121.13
142.47,120.45,33.107,121.1
137.46,122.98,34.768,121.74
132.19,124.19,38.052,124.49
126.49,125.09,44.897,125.11
116.83,126.94,49.247,125.75
115.96,130.76,49.015,126.8
115.31,132.95,47.169,125.83
117.58,132.74,42.869,123.99
118.47,130.48,39.174,120.82
122.17,127.29,34.762,122.17
121.77,121.67,31.793,125.87
119.98,119.46,33.809,127.07
116.24,113.07,35.051,127.47
110.81,109.71,37.808,127.07
111.53,112.72,37.196,127.39
112.35,113.49,35.493,126.89
113.05,112.32,32.026,125.87
109.88,110.85,31.858,125.43
110.11,110.47,32.242,123.98
109.43,106.24,34.478,127.24
106.51,102.86,40.201,128.83
99.593,100.22,46.911,128.42
90.699,94.735,49.297,129.51
88.383,89.292,47.149,128.86
91.524,89.515,43.496,126.17
102.29,94.5,39.777,123.47
107.93,96.808,36.666,123.46
117.2,97.251,33.135,126.15
119.55,96.386,36.203,131.49
116.95,95.92,37.777,130.74
115.87,94.769,39.355,131.53
114.26,96.576,40.66,129.36
115.81,98.034,38.42,128.94
119.42,99.033,35.662,127.83
120.82,102.33,33.764,127.6
124.5,105.38,33.499,126.64
123.95,108.1,36.569,127.43
123.78,106.92,39.864,128.81
126.87,108.43,44.629,129.46
123.05,108.31,51.526,130.76
121.41,113.2,52.189,130.14
119.45,113.37,49.373,129.64
122.23,116.71,45.438,125.84
125.49,118.58,41.56,122.63
132.82,118.96,36.267,124.27
135.97,120.22,35.669,127.05
136.89,122.1,35.334,130.6
134.47,123.24,37.804,130.31
135.44,122.99,40.162,129.21
129.7,124.99,40.821,130.35
121.22,130.09,38.902,128.64
120.44,132.6,34.907,126.8
122.54,134.13,33.584,126.37
119.27,130.19,36.151,128.06
119,126.88,38.482,129.91
114.29,125.12,44.196,131.76
108.02,123.48,50.919,133.62
105.43,120.7,54.716,133.64
105.14,119.1,51.815,132.82
106.12,121.16,49.328,127.74
106.65,120,45.587,128.11
107.55,119.06,37.508,127.76
110.38,119.79,34.571,128.24
108.34,118.83,35.919,132.92
106.94,118,36.852,135.31
102.85,116.35,41.937,131.43
100.21,118.04,44.092,131.59
100.55,122.63,42.954,129.85
105.8,126.05,39.894,125.47
108.53,124.61,37.726,128.79
109.97,123.79,36.893,129.34
107.09,121.29,42.878,131.45
107.52,120.3,47.515,133.56
101.69,122.25,56.567,133.59
100.74,122.14,53.995,133.52
100.1,124.41,51.758,131.95
100.94,126.76,49.677,129.58
103.25,127.36,45.825,130.38
108.35,127.67,40.984,129.92
109.99,128.1,36.963,131.86
111.13,128.64,34.934,133.91
106.77,128.19,35.876,137.35
105.96,128.75,36.972,137.33
109.47,129.97,37.803,135.1
110.11,130.84,37.958,134.02
110.22,132.65,35.83,133.51
108.51,134.47,34.678,134.28
108.48,130.18,35.216,132.46
106.41,124.95,34.813,133.29
103.96,122.94,37.643,134.09
98.175,120.97,42.58,136.06
92.111,117.68,48.498,137.23
82.46,117.39,51.744,136.43
