145.1,108.1,32.104,31.104
147.53,110.71,29.939,34.247
150.53,115.07,29.975,33.309
153.51,116.08,29.792,33.535
156.72,116,29.813,33.356
158.84,115.67,30.012,33.425
158.94,116.46,29.862,33.225
159.28,117.4,29.82,33.315
160.81,118.1,29.323,33.284
161.8,118.22,29.365,33.252
164.55,116.78,29.589,33.314
163.44,112.65,29.901,33.86
158.92,110.05,29.352,32.898
155.17,107.44,28.984,33.377
155.61,104.48,28.014,32.769
153.4,76.709,28.97,34.13
150.23,70.901,29.563,33.223
145.54,68.72,30.189,33.078
141.1,67.075,30.506,32.495
135.09,65.313,29.82,32.69
128.63,64.529,29.276,32.484
127.82,64.762,29.186,32.214
127.29,64.457,29.243,32.075
127.75,62.954,29.136,32.823
128.28,60.947,29.537,32.608
139.31,63.787,30.18,33.931
145.97,68.992,29.299,32.866
151.14,76.59,29.599,33.82
155.97,87.66,30.112,33.203
159.62,97.271,29.174,32.267
163.9,119.99,28.178,32.556
164.62,126.2,28.853,31.608
165.97,123.39,28.069,32.461
165.6,110.83,28.305,27.352
165.37,91.402,27.882,26.982
162.87,57.257,30.032,34.463
162.12,51.588,28.654,31.626
161.07,51.06,28.811,31.481
160.59,51.853,28.244,31.566
160.31,55.003,27.73,31.475
159.38,71.898,28.421,32.588
160.84,88.834,28.16,29.264
160.57,105.54,27.932,29.213
160.33,119.54,28.06,32.828
161.04,123.17,28.226,32.194
159.14,99.025,28.766,32.243
158.55,89.892,28.804,32.545
157.37,87.327,29.466,31.504
156.81,88.762,28.98,31.837
156.77,93.451,28.333,33.058
154.68,110.72,28.571,31.883
154.62,122.05,28.438,32.632
155.67,135.42,28.422,32.012
156.59,153.29,28.345,30.714
156.32,164.68,29.253,33.369
156.72,153.77,27.966,28.907
156.02,135.37,28.506,30.908
154.97,121.25,28.54,33.852
153.15,112.52,29.091,32.942
151.28,107.56,29.571,32.286
148.65,105.72,29.512,31.988
147.68,109.4,29.471,32.894
145.54,115.71,29.732,33.845
143.86,126.53,29.918,34.725
143.15,138.42,29.637,34.625
140.86,141.88,31.248,33.129
137.54,123.5,29.707,29.806
133.87,103.25,28.95,29.538
130.66,83.92,30.26,33.214
126.93,74.774,30.089,34.188
121.94,70.405,29.284,33.511
120.34,73.418,28.761,34.109
119.46,83.322,29.299,31.968
119.68,100.62,29.87,32.709
121.07,116.64,29.134,33.331
122.35,143.73,30.698,34.941
120.37,136.76,30.217,33.046
121.97,120.36,28.207,31.324
128.79,97.558,30.535,35.211
133.83,84.274,31.461,34.811
140.61,71.862,31.465,34.843
146.59,71.282,30.506,34.133
151.5,72.649,30.617,35.126
155.7,79.093,29.923,34.169
158.39,84.713,32.374,36.234
169.56,111,29.741,35.583
171.25,117.92,30.165,33.008
172.25,110.65,29.014,31.208
173,94.751,29.582,34.367
173.78,82.211,30.367,34.747
178.17,70.15,30.73,34.087
178.43,71.28,30.124,33.258
178.19,76.032,29.755,34.412
178.25,84.92,30.147,34.245
180.08,102.52,29.803,31.065
175.92,136.42,31.326,35.222
173.26,140.57,31.372,34.439
170.97,131.39,29.744,33.012
166.82,116.31,29.83,35.389
163.47,106.27,29.55,34.155
159.92,97.389,29.537,32.976
157.96,95.594,29.293,32.995
155.89,96.817,29.016,32.957
153.89,102.44,29.37,33.803
152.87,110.69,29.774,34.743
149.88,129.19,29.711,32.49
145.96,125.7,29.682,30.583
140.48,109.22,29.582,29.894
134.4,90.809,30.353,34.346
131.23,84.581,30.206,32.945
126.49,79.294,29.609,32.582
122.81,80.075,30.248,33.225
120.29,84.787,29.394,33.564
119.63,94.59,29.244,35.36
119.68,109.31,30.163,32.789
121.42,129.22,30.224,33.362
120.55,120.36,30.678,34.097
120.13,107.55,29.676,33.745
120.82,96.79,28.994,33.892
123.12,91.89,31.144,33.101
129.62,89.276,29.981,32.975
130.06,93.209,30.216,34.181
133.32,101.96,30.916,34
139.3,113.24,30.476,32.938
147.1,129.15,30.015,31.958
158.2,144.34,30.823,34.165
162.31,133.56,30.576,31.701
166.72,116.52,29.965,34.016
168.42,103.39,30.303,34.882
170.12,96.24,30.237,34.205
171.84,87.66,30.687,32.931
171.69,88.593,30.341,33.621
169.15,94.321,30.274,34.384
166.27,105.23,30.036,33.18
163.48,119.97,30.184,34.265
161.03,132.19,30.463,33.567
160.07,119.45,30.526,32.05
159.98,103.44,30.449,34.125
159.25,92.84,30.552,34.89
159.21,87.816,30.043,33.974
158.15,83.126,30.299,32.807
156.25,86.085,30.013,33.578
153.67,92.291,30.638,34.648
151.37,102.7,31.152,34.681
150.36,112.88,31.239,35.277
149.45,119.52,30.889,34.977
148.89,106.12,30.629,31.419
146.39,88.901,31.266,35.394
142.05,81.077,31.057,34.715
135.71,80.26,31.103,33.175
124,88.924,30.396,34.19
120.99,98.045,30.608,34.771
119.1,111.57,30.739,33.381
117.13,129.22,30.779,33.264
115.55,143.59,31.131,33.991
116.91,150.22,31.346,34.663
117.98,138.2,31.059,35.799
118.38,124.86,31.696,35.858
120.98,119.86,32.377,34.178
127.92,117.39,30.992,34.449
137.73,118.86,32.182,34.549
141.73,124.35,31.978,34.869
149.16,133.94,31.388,34.018
157.21,148.04,28.4,30.68
160.23,161.55,30.743,32.729
169.51,160.79,29.98,33.009
173.06,144.59,29.48,32.512
175.88,131.05,30.333,34.914
181.43,121.99,31.186,35.258
186.95,116.72,30.757,33.604
190.82,114.8,30.297,33.603
191.48,119.17,30.106,34.066
190.01,127.49,30.377,34.772
185.08,139.51,30.606,35.23
177.39,150.14,30.8,34.187
164.13,142.87,30.008,30.818
156.64,122.65,29.028,30.409
149.57,102.36,28.946,31.135
144.13,88.407,30.297,33.815
140.91,79.713,30.564,33.886
136.17,75.449,30.457,33.928
134.72,80.931,30.725,34.514
135.59,90.176,30.591,34.796
137.02,107.4,29.79,30.844
136.53,118.53,31.546,34.792
137.96,111.32,31.291,35.38
139.66,101.65,29.482,33.112
140.92,95.149,30.138,33.804
141.91,91.214,30.447,33.401
145.72,92.278,30.979,33.891
152.83,104.31,30.339,33.702
154.34,113.7,29.915,33.845
155.07,127.61,29.984,33.143
156.25,147.69,29.622,30.017
156.21,160.55,30.46,34.115
157.04,152.42,29.854,31.682
155.6,138.04,30.814,33.548
155.79,131.8,30.388,32.627
154.97,131.2,30.426,32.464
154.98,133.43,30.281,32.64
154.76,143.52,30.185,34.032
155.3,154.95,30.07,33.19
156.05,172.3,30.555,32.024
157.57,189.84,29.893,31.551
158.31,206.05,30.328,34.839
159.58,199.27,30.026,33.688
159.23,182.37,29.377,35.374
158.38,168.99,30.195,35.167
158.66,158.42,29.5,33.855
158.56,148.73,29.684,34.377
157.45,137.9,29.481,32.698
157.08,139.16,29.678,32.941
157.28,143.22,29.305,34.259
157.9,153.68,30.467,35.385
159.03,164.45,29.839,34.412
160.74,147.99,29.837,33.823
159.49,118.44,30.708,33.586
159.94,101.04,29.6,33.375
158.81,87.06,29.002,33.098
158.27,82.155,29.058,31.788
156.05,83.306,28.904,32.795
153.92,90.904,28.28,33.3
154,104.64,28.519,32.312
156.04,125.36,27.281,28.685
154.42,134.94,28.652,32.495
148.71,121.64,28.822,31.37
145.33,107.04,29.757,34.29
142.5,98.467,29.824,33.19
139.42,94.029,30.053,32.868
136.86,93.384,29.961,32.209
133.18,99.944,29.865,33.519
132.4,109.35,30.016,34.365
132.52,123.67,29.564,34.07
132.13,134.6,30.659,33.803
134.88,133.91,30.987,34.235
140.98,106.12,29.657,34.317
142.28,97.367,29.561,32.934
144.29,93.074,29.628,33.224
149.73,89.345,29.098,31.915
156.8,89.368,28.85,32.446
160.4,100.31,28.829,33.516
164.95,112.44,29.65,31.75
172.14,124.22,30.408,32.427
176.05,127.71,30.01,32.229
177.79,119.32,29.998,31.854
179.63,89.376,30.28,33.911
180.22,84.273,29.639,33.236
181.29,82.145,29.564,32.382
182.17,80.456,29.755,32.598
183.49,82.349,29.916,33.006
187.74,90.541,31.01,35.334
192.18,104.63,30.319,33.751
195.75,118.37,31.038,34.979
198.6,123.5,30.235,33.061
200.12,114.68,30.03,33.539
199.78,87.408,29.92,34.347
198.42,81.921,30.325,33.228
194.82,80.642,29.571,32.593
187.83,80.631,30.254,33.044
182.15,83.787,31.082,33.366
176.15,98.741,30.9,34.849
173.68,110.57,30.691,35.062
171.78,122.52,30.315,33.376
167.49,121.76,30.442,34.017
163.02,110.71,30.807,33.399
160.8,86.66,29.195,33.419
159.08,83.346,29.356,32.26
156.68,82.593,29.685,32.193
155.7,84.462,29.236,32.265
154.98,89.789,28.776,32.89
151.9,111.47,29.424,35.424
149.63,124.12,29.815,34.146
147.22,135.52,29.991,32.489
143.28,130.38,30.732,33.635
134.89,118.49,31.296,32.957
115.56,102.38,29.73,33.32
114.21,97.994,29.437,32.684
113.24,97.201,29.116,32.103
112.2,99.07,28.865,32.434
110.63,103.83,28.768,33.069
116.82,122.77,29.478,33.847
119.81,135.24,30.567,33.688
125.31,141.55,29.68,32.491
129.8,134.91,31.678,32.961
136.73,117.69,31.065,32.853
143.14,87.742,29.697,34.43
147.93,80.054,29.242,33.268
153,75.958,28.895,32.619
156.7,76.208,28.994,32.503
160.86,80.505,28.372,32.952
164.74,101.49,28.812,34.119
163.53,114.49,29.535,34.267
162.96,123.02,29.314,32.129
162.71,116.42,28.979,33.051
161.49,101.81,29.241,32.193
161,80.007,28.005,32.052
160.04,76.557,28.242,31.118
158.6,76.975,27.949,31.122
157.82,79.223,28.057,31.852
154.55,85.98,28.249,32.264
147.59,107.87,27.902,33.324
145.03,121.12,29.258,32.876
143.81,126.84,28.647,31.07
141.94,121.23,28.228,32.441
140.75,106.43,27.928,32.142
140.5,98.704,27.732,30.226
142.21,100.44,27.729,31.016
144.69,107.2,27.084,31.16
145.8,114.47,27.144,31.328
145.65,122.73,27.184,31.829
146.58,148.12,26.892,31.355
145.03,159.67,27.606,33.005
145.47,170.28,27.254,30.908
