38.406,197.41,59.406,101.41
39.442,196.71,56.641,102.94
39.751,195.74,56.251,104.35
39.021,196.05,56.223,102.75
38.059,193.6,57.448,105.78
37.028,193.4,58.545,106.86
36.741,191.9,58.454,106.96
36.395,190.57,58.604,107.15
35.641,190.76,58.615,106.74
35.475,189.7,59.288,106.33
34.3,186.93,61.076,106.67
33.9,184.57,59.817,107.5
33.514,180.41,60.654,108.01
33.34,175.78,60.611,108.67
33.279,170.51,61.565,109.72
32.704,164.74,61.328,108.79
33.882,158.43,61.43,110.17
34.787,151.78,60.415,110.41
36.808,145.41,60.887,110.68
37.704,138.43,61.573,111.34
39.555,131.17,62.419,113.13
40.809,124.81,62.622,113.82
43.792,116.07,63.126,116.85
47.767,109.03,61.735,117.01
50.914,104.72,63.744,116.43
56.105,99.189,63.613,119.09
60.151,94.056,63.693,121.04
65.235,87.828,65.874,122.41
71.235,82.99,66.853,123.1
77.364,77.396,67.796,124.83
85.369,74.608,66.225,125.23
92.366,70.452,66.46,127.63
101.99,63.971,64.575,130.21
110.69,60.346,65.678,127.72
119.04,56.016,67.229,127.01
127.54,53.269,68.789,125.87
136.66,49.686,70.499,130.74
147.37,46.575,66.291,130.28
156.46,43.283,68.685,132.87
167.22,41.488,67.232,134.24
176.86,42.106,67.65,130.86
185.41,38.879,67.765,132.92
194.58,38.708,67.976,129.84
203.97,37.627,66.281,132.5
212.61,36.146,66.114,133.15
219.04,38.059,68.326,132.49
227.77,40.164,66.797,128.47
234.8,40.397,67.084,131.25
241.09,41.827,66.858,131.97
246.97,41.976,66.229,128.86
252.15,42.967,65.904,129.18
256.99,45.287,66.245,128.48
261.38,48.067,65.304,129.98
266.48,51.132,65.081,127.17
270.31,53.445,64.062,127.96
273.66,56.262,63.971,126.68
278.95,59.493,62.804,123.71
282.12,64.254,62.261,124.1
284.98,66.698,64.418,124.9
287.55,71.314,64.347,124.76
290.48,76.958,65.965,124.44
295.67,81.143,65.147,123.21
300.37,86.69,62.934,122.86
305.24,90.696,63.381,125.83
309.6,94.657,65.09,125.2
313.38,98.164,65.62,124.69
318.52,103.61,65.583,124.76
323.46,109.36,65.258,123.3
329.06,115.39,64.153,122.63
333.85,120.77,64.398,123.25
339.42,126.49,62.796,123.4
342.44,132.33,63.912,121.53
347.17,138.64,63.445,122.13
350.74,144.93,63.553,121.46
354.46,152.96,63.023,118.32
357.62,158.73,63.346,119.58
359.55,165.07,64.596,116.23
361.95,171.48,63.558,115.18
364.1,178.25,62.789,114.68
363.96,183.87,63.838,113.94
365.02,189.06,62.879,111.53
365.67,193.9,62.416,110.83
365.98,197.15,62.043,107.98
366.69,200.23,60.652,110.21
365.83,201.99,60.763,109.36
365.33,202.31,60.278,109.01
365.21,202.51,60.212,106.88
364.64,202.68,59.829,107.42
364.29,201.69,58.609,107.31
363.83,201.08,58.703,107.47
364.43,198.96,58.086,104.99
363.43,196.75,58.894,106.34
364.3,194.59,59.194,106.37
364.33,190.59,60.553,105.73
364.86,187.46,60.929,107.54
366.52,183.56,60.506,107.9
367.15,179.57,61.338,110.91
368.15,175.96,61.865,111
369.1,170.03,61.978,113.74
369.56,165.66,62.253,115.32
369.22,160,63.231,115.05
368.23,154.05,64.279,115.73
367.55,147.63,64.708,118.91
367.49,142.76,65.409,119.49
365.24,137.5,65.564,120.28
362.53,130.43,65.92,124.29
359.27,128.05,66.178,124.82
355.88,123.86,67.704,124.39
352.2,120.39,66.309,126.04
347.27,117.2,66.477,126.44
341.8,115.61,67.524,127.61
336.12,114.57,67.701,128.8
329.13,113.93,69.503,130.02
322.52,112.64,68.629,130.31
315.52,111.92,68.648,131.5
308.84,110.89,68.736,133.34
301.05,110.77,69.783,133.45
291.99,110.29,70.677,136.1
285.83,109.8,70.721,135.83
279.72,110.51,70.328,134.7
272.47,110.52,71.7,137.89
264.62,110.1,73.142,139.94
258.69,110.44,73.064,139.96
252.51,110.63,73.511,143.36
246.12,113.01,75.802,140.75
241.48,114.85,75.577,143.7
236.26,116.56,77.382,145.44
231.56,118.33,78.845,149.11
226.68,120.22,80.518,151.54
223.42,121.4,81.212,154.06
221.03,123.09,80.406,152.4
218.74,125.66,81.041,152.09
216.86,127.63,80.347,152.8
215.69,130.66,82.062,153.09
215.95,133.53,80.589,152.73
216.78,136.75,80.886,152.37
218.18,140.51,80.417,149.57
221.21,144.69,80.138,149.47
223.2,147.27,79.489,148.12
228.09,149.21,78.37,146.13
233.82,151.01,75.741,144.06
238.97,152.26,74.832,141.52
244.11,153.04,74.174,136.08
249.08,152.66,72.951,136.42
256.7,151.95,70.899,135.12
263.7,152.14,69.861,132.97
268.21,151.04,69.537,132.62
273.3,152.43,69.472,128.43
280.87,154.09,67.708,127.14
284.98,156.09,67.902,124.22
290.65,159.2,66.469,122.02
296.16,160.88,65.923,120.77
301.83,160.66,63.944,119.19
305.57,162.45,63.877,116.82
309.62,164.12,62.452,116.76
312.7,166.3,62.887,113.62
315.61,168.54,61.259,112.38
318.54,170.6,60.266,112.34
318.69,172.75,61.821,110.47
322.01,174.94,61.786,109.19
323.68,175.96,60.916,106.7
324.36,176.6,61.162,106.39
325.86,177.86,61.599,104.13
327.99,176.47,59.974,106.27
330.23,176.14,59.975,104.44
331.5,175.62,62.931,105.24
333.18,174.67,64.216,103.38
336.34,173.27,62.484,105.86
339.2,172.08,62.308,106.73
342.38,171.5,62.401,107.3
346.18,169.4,61.998,109.09
350.29,168.33,60.748,111.7
355.33,166.26,61.344,112.38
358.68,165.36,62.327,109.82
362.42,163.92,62.529,113.06
367.05,164.87,62.537,114.05
370.7,164.4,62.907,114.79
374.67,164.02,63.958,113.04
378.43,164.08,62.921,113.5
383.52,163.2,62.921,115.12
387.08,161.51,63.522,113.37
391.3,161.3,63.465,112.13
395.51,159.16,62.921,111.28
398.73,157.96,63.059,110.39
403.49,156.57,62.141,109.75
406.32,155.25,63.065,107.18
410.59,152.36,61.493,109.2
414.6,150.51,60.145,107.77
418.22,147.77,59.446,108.61
421.64,144.82,59.236,108.93
423.69,142.97,59.989,108.07
427.45,141.87,59.436,107.09
430.63,140.13,59.569,104.7
433.41,139.1,60.528,106.79
435.39,139.89,59.366,103.94
437.71,139.63,62.374,106.07
440.55,140.28,59.983,106.02
442.89,140.86,59.226,106.18
446.29,142.89,57.169,106.09
447.78,143.04,57.673,104.79
449.44,145.79,56.799,103
451.09,145.73,57.183,100.73
453.17,146.16,56.189,102.4
455.93,145.66,55.87,105.08
456.46,143.65,56.405,104.42
457.91,138.18,55.792,103.51
457.77,134.75,56.768,101.75
457.57,129.48,56.999,101.66
458.02,124.58,56.749,102.97
457.19,120,56.915,104.49
454.74,114.95,57.572,104.39
452.77,109.01,57.989,106.66
449.64,101.34,58.454,108.15
445.19,93.629,59.517,108.26
440.81,85.879,59.074,112.23
435.05,79.534,58.868,115.1
426.74,75.855,60.356,116.38
418.2,71.01,61.339,116.71
407.89,65.941,62.073,119.22
395.85,59.684,62.786,120.72
382.58,52.481,63.809,125.57
367,49.774,63.068,124.23
352.61,45.828,61.689,124.75
334.81,41.786,64.088,124.97
318.06,37.693,66.829,126.9
302.73,37.471,64.89,124.01
286.6,33.948,64.877,124.93
269.22,31.834,65.743,124.84
250.91,26.134,66.302,129.16
233.36,25.67,67.141,126.1
214.69,22.947,65.862,127.28
196.55,18.835,67.786,128.28
181.9,16.23,68.282,128.54
167.74,15.703,68.019,127.7
153.7,15.009,68.88,127.89
141.58,12.115,69.083,129.16
127.2,10.373,70.82,128.71
115.19,10.995,73.248,126.1
103.52,10.999,72.601,126.63
92.491,12.626,72.877,129.86
83.723,14.82,73.123,129.86
75.691,18.1,71.272,129.8
66.923,21.384,73.676,130.39
59.64,27.347,72.337,129.9
51.924,35.264,71.881,126.56
47.205,38.082,71.842,128.24
40.918,46.296,73.222,126.22
36.136,53.076,71.758,124.93
33.28,59.843,71.037,125.4
29.442,67.818,71.3,124.47
26.196,74.154,69.648,123.12
22.893,81.752,70.486,123.08
20.63,88.894,68.601,120.52
18.13,96.349,67.939,118.24
15.879,102.09,66.519,116.52
13.774,109.24,66.084,115.65
12.138,114.46,65.783,114.06
10.921,121.37,64.955,110.51
9.801,126.75,63.686,109.42
8.129,130.8,63.536,107.71
8.0016,133.41,62.916,108.91
6.099,136.49,63.611,106.97
7.0934,139.58,62.407,106.79
7.0867,143.78,62.84,105.15
10.451,148.67,59.433,103.7
11.519,150.97,58.772,102.73
12.052,154.36,59.476,101.96
13.626,158.38,58.611,103.35
15.107,162.81,59.452,102.55
16.91,166.84,58.673,102.45
18.573,171.27,58.271,101.55
20.287,175.17,59.193,101.64
22.468,179.55,58.637,103.12
25.771,183.44,57.319,104.19
27.578,188.74,57.014,103.93
30.296,192.53,56.632,102.52
31.955,196.98,57.122,102.36
33.506,200.73,57.765,101.53
36.04,203.56,58.144,99.418
38.472,206.72,56.933,99.006
39.403,208.56,57.745,99.292
40.836,210.97,58.292,98.358
42.694,213.98,58.414,95.399
44.258,217.85,58.095,93.352
45.605,220.15,57.743,92.979
47.684,223.29,58.023,91.108
48.504,225.02,57.203,93.933
49.895,227.06,57.168,91.85
50.467,229.86,57.32,92.281
51.531,233.04,58.077,88.09
52.858,233.04,57.45,89.696
54.009,233.52,57.4,91.443
53.525,235.19,57.795,90.907
54.635,234.83,56.839,92.286
56.184,235.64,56.418,91.208
57.376,235.41,55.875,92.82
58.037,236.02,55.559,92.334
58.778,236.71,55.858,93.697
60.179,237.63,55.551,92.142
60.915,237.2,55.383,94.179
61.519,238.67,55.941,94.272
62.65,239.93,55.985,95.141
63.225,241.65,55.732,93.916
63.444,242.67,55.51,95.663
64.735,243.82,56.585,95.523
65.684,244.51,55.095,97.437
65.929,246.57,55.363,96.234
66.152,247.12,54.547,99.348
66.685,248.55,54.837,98.379
66.28,251.17,54.463,95.493
67.299,253.18,53.92,95.79
67.475,255.05,53.723,94.958
67.173,256.47,54.243,94.065
67.605,259.79,52.957,91.233
67.68,262.74,53.06,87.711
68.172,262.11,52.969,88.754
68.348,268.55,52.245,83.493
70.475,265.08,51.64,88.175
70.689,268.54,50.328,84.063
70.389,267.93,50.235,86.383
70.877,268.46,48.473,91.876
70.748,269.06,50.57,93.005
70.272,270.64,49.947,86.498
72.121,270.32,47.998,87.95
72.681,270.87,49.863,92.319
73.685,273.32,49.007,94.662
73.895,274.01,47.848,88.717
75.608,274.92,45.84,90.168
76.868,277.51,45.597,88.447
78.707,276.99,44.961,90.788
79.885,278.56,42.349,88.892
82.144,282.11,39.835,90.409
83.901,281.05,40.757,88.381
84.342,281.8,41.903,73.002
88.98,283.18,38.962,72.156
89.997,283.94,41.651,54.976
91.827,286.16,36.249,54.407
94.47,286.3,32.74,51.457
96.205,287.06,31.385,48.38
97.779,288.27,29.609,46.789
99.873,287.36,29.661,44.601
101.28,286.21,31.508,47.046
101.37,285.93,29.318,46.998
102.91,286.32,28.962,47.511
103.77,287.87,28.847,46.526
102.63,288.3,30.346,46.761
104.5,288.19,27.472,47.243
102.53,287.66,28.009,45.803
103.52,287.93,27.592,46.58
103.01,288.68,28.511,46.542
102.48,289.27,28.208,44.816
102.6,288.62,28.258,47.963
100.93,288.8,26.551,45.165
100.56,289.77,27.986,42.766
99.954,289.33,28.363,45.778
97.429,289.8,30.938,45.149
94.988,289.78,32.402,45.209
93.243,287.77,32.265,44.073
92.177,285.79,35.537,47.816
89.506,285.82,36.953,47.738
87.599,285.61,38.118,49.561
85.135,283.49,39.599,52.787
82.368,281.38,42.745,56.402
78.369,279.31,46.037,63.226
77.22,279.84,45.941,70.052
74.141,273.2,45.865,78.226
72.176,270.02,47.059,84.933
69.027,266.61,49.275,86.487
67.372,263.18,51.137,86.278
65.97,258.54,52.883,90.513
64.709,254.02,52.038,94.676
62.797,250.02,54.356,93.17
62.68,244.7,54.871,92.292
60.747,237.93,55.582,89.626
61.067,231.23,55.175,90.162
59.304,224.69,57.409,92.49
59.225,211.68,57.501,93.724
57.81,205.33,58.006,95.104
57.929,195.99,58.443,97.45
57.35,186.99,59.341,98.68
56.862,177.77,60.271,101.43
57.119,169.1,59.769,100.82
57.764,161.75,59.697,104.55
58.809,154.29,60.69,109.33
60.343,150.35,60.094,105.22
62.276,143.58,59.968,106.74
65.398,137.51,60.793,107.73
69.41,131.98,59.413,106.92
72.569,126.79,60.457,107.32
79.37,122.53,58.753,108.18
84.487,118.43,60.363,107.83
91.056,114.21,60.126,108.91
99.817,108.87,58.203,108.22
107.63,105.09,59.257,112.85
116,102.41,59.964,111.43
126.31,99.97,59.934,109.03
137.38,98.193,60.249,110.98
147.34,98.559,60.622,110.16
159.22,99.503,57.889,109.62
173.2,99.769,56.844,110.3
185.03,99.875,58.09,109.72
196.53,101.45,58.494,107.88
209.61,104.65,58.869,107.43
222.86,104.53,57.708,108.19
233.71,104.82,59.811,113.32
245.49,107.73,59.657,112.87
255.92,111.13,58.929,116.11
264.98,114.82,60.217,116.73
273.53,118.42,60.94,115.45
281.22,123.91,60.997,116.83
287.63,128.56,61.778,119.33
292.31,134.04,62.521,119.34
296.53,141.7,62.613,118.27
300.81,147.14,62.072,119.37
303.29,154.41,61.141,116.5
304.47,159.63,60.139,116.19
303.43,162.71,61.411,116.18
301.69,166.39,61.115,117.21
299.79,170.24,61.683,112.43
296.7,173.88,62.345,111.26
293.7,176.56,62.083,109.65
289.96,178.88,61.066,110.37
286.62,181.39,61.555,107.04
285.2,182.93,61.222,105.95
279.58,184.52,62.235,105.26
276.81,185.28,62.511,103.99
274.21,185.42,61.582,105.77
272.08,186.71,60.974,103.08
269.61,186.87,60.907,103.46
267.95,187.27,60.071,103
265.83,188.47,59.139,102.41
265.13,190.5,57.467,101.75
264.47,192.77,57.352,100.65
263.26,195.05,56.425,99.518
262.48,197.07,55.066,96.927
260.91,199.76,54.949,94.259
260.47,202.81,54.183,93.076
259.02,203.09,54.343,91.509
258.62,206.72,53.986,88.346
257.23,206.94,54.135,88.155
256.28,210.03,54.465,85.032
255.68,210.48,53.695,82.53
254.45,213.25,53.602,83.047
254.06,214.1,53.261,80.251
252.15,217.26,53.959,79.334
251.15,219.01,53.307,79.154
250.95,219.74,52.631,78.593
250.15,220.71,52.09,78.299
248.46,221.79,51.935,76.835
247.38,222.57,52.106,77.577
245.85,223.55,51.71,77.757
245.55,223.67,51.788,74.93
244.6,223.22,51.558,77.001
243.88,221.07,51.574,75.732
242.97,217.66,51.329,78.541
243.52,213.45,50.508,78.349
243.09,207.66,50.458,84.826
242.27,200.91,50.996,87.792
241.86,189.89,50.95,97.038
240.58,181.09,51.831,100.92
242.04,172.69,50.888,104.54
241.2,159.86,52.241,106.6
243.26,150.69,51.93,105.95
243.1,143.13,53.623,102.66
244.03,135.24,54.449,102.58
245.24,127.75,54.935,106.97
247.5,122.16,55.55,105.37
250.21,116.31,56.094,107.53
252.37,111.84,57.214,109.34
255.89,109.31,57.492,110.14
259.05,107.31,59.208,112.78
262.05,105.44,59.978,115.48
266.58,103.44,61.661,117.97
270.13,101.88,62.819,119.13
274.12,101.64,64.138,122.98
278.45,101.21,65.717,126.46
281.82,101.93,68.098,129.28
284.17,102.59,69.577,134.71
287.5,105.96,71.415,136.39
288.66,109,72.899,145.98
288.67,113.23,74.751,146.48
288.31,119.06,76.162,148.57
287.1,123.62,77.376,153.07
282.8,130.56,79.76,153.52
276.44,140.27,82.389,155.09
270.7,149.25,84.031,159.06
264.57,160.11,83.015,159.26
256.71,176.12,83.705,157.19
248.53,186.88,83.01,155.39
240.3,198.81,82.151,158.75
231.48,209.22,81.286,155.08
223.5,215.76,80.02,151.57
213.75,219.77,81.221,164.36
206.35,224.12,81.01,166.02
201.02,223.67,80.491,152.53
195.82,221.57,78.67,137.55
192.11,217.32,77.721,136.99
188.72,213.11,79.214,131.93
186.8,204.17,78.818,131.41
187.36,195.74,77.236,136.46
188.17,186.29,77.405,140.77
189.62,178.56,77.005,146.25
191.63,167.66,77.624,139.44
195.21,161.02,76.586,135.07
198.87,153.77,77.877,136.74
203.41,148.3,75.947,137.34
208.41,141.51,76.282,142.32
214.79,136.37,75.351,143.58
221.33,132.74,77.142,146.78
228.8,131.25,76.717,149.31
237.61,131.12,76.008,148.33
247.82,131.74,75.643,149.68
256.53,131.9,76.921,148.27
266.36,132.57,78.762,151.99
279.69,136.04,75.855,147.2
291.62,140.6,77.307,148
304.2,145.9,77.437,146.77
316.33,151.83,78.618,145.45
329.26,155.75,78.783,145.83
343.95,161.69,77.177,142.02
356.72,165.62,75.591,139.08
368.45,167.83,75.26,136.24
382.21,167.52,74.516,134.45
392.97,167.87,75.574,131.72
403.34,167.71,74.358,128.82
412.89,164.97,71.395,129.51
420.37,163.38,71.948,126.9
424.97,159.88,73.108,126.52
429.28,155.01,71.662,128.14
428.86,151.31,72.133,127.44
427.73,146.64,72.842,126.83
425.01,142.92,72.114,126.71
419.93,138.16,70.883,128.58
411.12,134.49,71.18,128.71
400.99,130.17,72.962,129.18
388.14,125.76,74.532,132.16
372.67,121.96,72.502,133.34
355.5,119.98,75.149,133.37
336.36,117.66,74.206,134.36
314.69,115.99,75.639,137.41
288.59,113.09,78.162,139.36
260.02,110.46,80.892,141.81
230.93,111.41,84.549,154.71
198.25,114.27,86.347,151.38
173.56,117.45,82.261,140.18
138.8,117.65,85.646,140.48
105.83,123.51,92.74,152.15
77.366,123.85,93,156.21
54.142,123.01,93.204,151.93
27.715,122.59,94.817,154.99
4.4196,118.22,94.319,155.92
0.85832,111.39,80.849,164.3
-0.99458,107.78,66.743,165.99
-1.4776,104.8,59.691,161.57
-0.34218,98.792,54.169,158.79
-0.38418,92.649,53.694,154.36
-0.23508,86.309,55.745,151.32
-0.23788,79.145,62.848,148.02
-1.6505,71.56,72.923,142.71
1.3523,63.888,81.662,142.44
10.411,56.198,84.799,138.95
25.542,48.647,80.891,135.81
44.196,38.531,75.466,136.24
59.992,35.981,75.786,131.89
72.511,31.29,78.039,129.14
86.87,26.528,77.831,128.53
105.82,21.609,74.415,124.95
122.19,18.19,72.651,125.25
138.44,17.129,71.192,128.63
154.11,16.259,68.583,129.28
168.2,13.753,68.291,133.34
183.96,12.96,67.117,133.91
198.53,16.431,67.003,131.06
213.81,18.285,65.853,131.04
225.57,19.651,68.706,132.22
238.6,24.493,67.517,131.21
248.48,26.599,68.256,132.89
259.02,31.449,67.93,135.8
266.98,38.2,67.852,131.26
274.49,45.546,66.802,133.49
281.05,51.029,65.654,133.29
286.33,60.13,65.269,132.97
289.09,69.804,65.103,133.54
290.02,80.001,65.955,132.03
291.47,90.437,65.568,129.56
291.66,99.281,65.513,131.81
291.4,109.23,65.421,127.86
290.11,119.01,66.94,129.21
289.87,127.6,64.82,127.93
287.24,136.25,66.03,126.07
286.53,144.26,65.088,125.87
284.53,151.26,65.406,125.36
283.11,159.94,66.352,122.9
281.61,166.81,66.542,122.37
281.57,175.97,67.039,119.94
280.93,181.16,66.815,121.66
282.68,187.4,66.87,121.47
282.81,193.89,65.661,119.78
286.1,198.37,63.736,118.38
287.29,199.35,64.809,119.51
289.19,201.14,65.014,117.55
290.1,201.57,66.498,118.04
292.47,200.15,66.916,118.77
294.03,197.76,68.049,118.98
298.69,194.72,66.696,118.84
299.45,189.7,68.099,121.69
302.07,185.6,67.954,123.37
304.31,182.2,69.451,122.61
305.95,178.95,69.773,123.82
307.31,176.71,71.192,127.77
307.76,174.4,71.877,129.56
309.28,171.9,72.818,131.07
308.29,170.9,74.122,135.26
307.59,170.41,75.514,138.5
307.05,172.78,76.747,140.12
303.98,175.58,78.337,142.11
300.79,176.49,79.173,144.75
296,177.07,81.883,147.57
289.42,178.3,84.956,150.39
285.59,179.75,82.985,155.3
277.59,180.64,85.43,155.88
269.24,178.74,86.201,157.79
260.64,181.66,86.863,160.13
250.4,184.05,88.084,161
240.34,185.39,87.668,165.36
227.89,185.94,88.255,168.56
212.96,186.01,92.866,166.23
204.85,187.25,88.76,162.8
193.63,188.81,89.375,161.69
183.61,189.79,88.725,160.75
174.42,191.06,87.234,161.08
164.63,193.17,87.927,156.1
156.08,197.84,87.378,150.42
150.51,199.16,84.803,151.72
144.5,200.27,85.155,149.3
140.23,204.12,84.511,148.2
137.37,206.55,82.931,147.22
136.07,212.5,82.098,144.47
134.15,220.49,80.998,140.82
135.3,225.92,80.014,138.78
136.61,231.42,79.748,138.54
137.31,237.98,77.873,138.68
139.93,243.56,78.922,136.87
141.84,249.41,77.045,132.84
143.27,252.51,80.293,132.44
147.65,256.48,77.896,129.9
149.84,258.54,78.887,130.22
154.18,259.71,77.259,130.77
157.27,262.36,78.854,129.19
158.87,262.09,79.225,130.91
164.33,260.05,77.053,131
165.9,259.33,79.739,131.33
171.42,258.95,76.514,127.71
174.04,255.87,76.994,132.71
179.27,255.04,75.617,134.43
182.95,254.27,76.354,135.49
187.08,254.38,76.725,136.43
191.71,253.53,78.892,136.72
197.63,249.4,79.089,140.13
204.33,248.21,78.627,149.92
209.04,246.86,81.054,151.31
217.57,245.19,80.636,151.95
224.36,243.5,83.184,152.43
234.04,242.62,82.514,152.64
245.99,240.49,81.908,154.23
255.97,241.7,82.575,151.48
267.41,240.26,84.362,147.34
278.96,240.65,83.727,147.3
290.44,241.53,86.822,145.99
310.66,243.44,79.497,143.77
321.88,245.83,84.43,142.21
337.97,246.63,83.195,140.26
351.49,245.39,80.969,138.58
365.66,244.94,80.887,137.51
378.71,242.5,80.532,137.63
391.8,239.5,79.855,134.06
405.84,236.52,77.35,134.57
416.08,233.81,79.036,134.67
427.99,229.35,79.745,131.81
438.18,226.76,82.545,130.84
447.35,226.87,84.103,128.46
453.31,223.31,82.749,128.8
460.26,220.23,79.753,128.85
466.07,214.75,78.045,129.52
469.06,209.05,80.506,131.11
470.52,202.4,80.24,131.08
469.8,193.5,81.69,132.95
468.73,183.54,80.317,136.7
464.24,171.15,80.981,138.88
457.11,158.26,79.362,140.78
449.72,141.58,80.309,147.6
438.21,129.23,82.884,149.39
425.8,111.44,84.246,155.33
409.22,94.931,88.206,158.3
391.96,67.916,85.406,172.21
372.99,56.997,87.711,169.72
349.92,45.423,89.042,170.48
330.75,32.513,86.437,171.08
309.63,20.172,86.431,172.46
287.32,13.231,88.575,173.13
266.63,10.124,86.829,176.32
243.2,4.3497,88.503,180.24
218.3,9.0112,93.283,173.02
197.39,10.498,92.663,180.29
179.73,15.236,93.021,183.5
163.73,24.344,91.057,184.03
149.85,34.003,91.875,188.26
138.79,50.223,91.672,187.97
131.41,68.083,89.536,181.6
124.25,86.182,89.21,173.37
121.35,101.18,89.453,170.3
120.34,114.08,90.164,181.32
123.15,128.94,88.437,174.64
128.38,140.13,85.038,168.99
132.3,149.87,85.494,165.86
138.15,160.81,84.326,158.59
144.99,167.32,84.114,160.09
153.45,174.82,83.429,154.98
162.51,183.36,83.116,148.28
174.6,185.19,81.101,147.07
184.17,192,81.407,143.03
196.17,195.5,79.353,138.78
205.34,202.08,79.964,134.92
221.42,204.77,74.217,135.69
233.04,205.18,74.583,138.68
244.97,205.64,74.632,137.96
256.63,206.31,73.938,134.36
268.88,204.62,73.383,131.74
279.9,203.4,74.432,132.7
290.77,203.93,74.795,131.79
301.48,203.33,73.278,131.13
311.67,202.41,72.911,130.48
319.46,200.83,74.282,131.59
327.98,198.35,73.983,131.85
333.58,195.93,72.46,132.47
338,194.65,72.228,132.3
341.91,191.33,71.095,132.22
343.8,188.31,70.522,132
343.46,185.8,71.716,132.42
341.56,183.46,71.245,129.8
339.86,181.16,69.953,129.59
337.02,179.57,67.891,129.52
331.95,178.63,68.362,125.32
326.61,177.42,69.497,124.96
320.52,177.51,66.218,119.85
314.06,176.41,65.17,118.51
306.77,174.74,65.085,118.35
300.84,172.88,63.336,115.91
293.36,171.05,63.046,113.95
287.07,166.29,62.202,113.41
281.61,163.06,60.425,112.69
274.88,154.69,61.972,116.46
267.9,150.33,61.855,115.35
262.57,145.8,61.435,116.07
257.63,141.03,60.742,116.98
251.38,134.83,61.656,119.33
245.77,130.16,61.636,119.21
239.75,126.19,62.536,117.99
233.19,120.41,63.786,118.72
225.16,114.67,65.195,121.65
219.2,111.76,65.208,123.61
213.27,107.68,65.37,124.97
204.95,103.03,67.445,125.99
196.24,98.39,68.226,128.21
188.37,96.098,68.667,129.4
180.37,91.252,68.278,129.54
170.7,88.362,70.263,131.83
159.86,85.804,72.158,132.24
148.83,84.548,74.206,133.43
139.46,83.704,73.682,138.58
127.54,84.635,78.824,136.51
116.82,87.883,77.978,139.92
107.37,93.895,77.57,139.69
95.43,100.54,80.269,136.89
83.928,106.48,81.029,136.28
74.937,111.13,79.907,134.01
66.132,115.46,80.961,133.75
55.705,119.23,78.57,129.94
46.722,119.87,80.872,131.51
35.3,123.02,82.669,129.18
26.967,126.66,82.87,130.11
20.02,130.96,82.023,128.09
13.567,135.48,81.813,126.84
7.55,140.74,83.419,125.09
4.5139,145.98,82.356,125.55
3.3032,151.77,81.29,122.92
2.8057,157.55,79.817,122.01
3.2758,163.36,79.117,125.29
5.7829,171.57,76.894,122.87
9.9047,183.06,74.072,117.56
13.164,189.03,71.598,114.03
16.402,195.4,71.438,110.08
21.741,201.38,69.355,109.11
26.473,205.56,66.582,106.71
30.747,209.15,66.911,103.88
34.295,212.32,66.029,102.61
38.118,215.75,65.767,100.81
40.584,216.99,66.374,97.733
44.059,217.42,64.345,96.515
47.38,219.58,63.577,95.004
50.69,219.85,63.084,94.218
52.34,219.53,61.586,92.568
53.208,219.03,60.644,93.416
54.363,219.96,60.909,94.077
55.374,220.43,59.402,92.737
56.041,220.76,58.783,93.598
54.749,223.09,59.404,93.024
54.184,223.1,61.015,95.577
53.565,225.4,60.688,96.269
52.45,227.04,60.535,96.493
51.068,230.93,61.783,97.271
50.016,230.79,62.175,97.116
47.739,234.23,62.144,96.448
46.325,235.2,61.419,99.999
45.338,235.42,59.875,99.875
42.3,235.87,62.032,100.19
40.45,234.67,60.868,99.717
38.428,233.72,61.459,100.8
35.343,231.91,61.429,101.67
33.86,230.72,61.606,100.84
31.936,229.56,60.703,101.06
30.046,229.65,61.019,100.63
28.277,229.43,60.808,101.1
25.741,229.4,61.989,101.3
25.257,229.65,60.723,99.766
23.811,229.13,60.691,99.801
21.589,229.37,60.644,99.62
19.671,228.4,61.763,99.031
18.032,227.35,61.699,99.781
16.234,226.01,60.542,99.041
14.513,224.76,61.641,98.298
11.984,226.35,62.26,97.023
11.163,224.64,60.884,95.904
7.7384,224.84,61.989,96.754
6.9405,225.24,61.749,96.375
4.1752,225.01,62.469,98.588
2.9921,226.39,62.678,100.41
1.8101,226.37,63.067,102.9
0.86752,227.18,62.655,103.19
0.74292,228.59,63.222,103.56
0.34422,230.46,63.015,105.94
-0.50388,231.31,63.928,108.11
-0.59348,232.48,63.628,113.26
0.13702,233.71,63.921,113.9
0.41462,235.32,64.542,114.31
-0.54378,237.08,66.273,114.98
0.67222,238.28,66.743,116.21
0.34702,239.24,68.243,116.01
1.1213,240.33,69.097,115.85
1.9264,242.07,68.86,116.85
2.6092,243.33,69.76,115.58
3.024,245.39,70.955,115.34
4.6915,247.57,70.288,114.22
5.5917,249.14,70.456,112.8
6.5532,250.35,70.974,114.45
7.5472,252.21,70.491,114.61
8.9974,251.43,69.546,115.51
9.8091,251.12,70.043,114.79
9.479,252.73,71.659,113.71
10.402,253.34,70.923,115.11
11.248,254.16,71.641,115.03
11.617,254.92,71.939,114.61
11.794,257.18,72.227,115.9
12.058,257.7,72.78,119.21
12.395,260.01,73.605,119.55
12.846,259.48,73.983,116.98
13.914,261.49,74.001,120.42
13.604,260.83,74.528,126.17
15.162,261.8,74.643,125.6
16.251,262.64,75.759,126.42
17.038,262.9,75.397,128.21
17.986,264.74,77.3,126.46
17.61,262.82,80.467,131.1
20.701,264.58,78.24,131.93
22.073,263.73,78.964,132.06
24.606,263.66,80.191,127.44
26.102,262.98,79.801,126.62
28.493,262.88,80.112,125.87
30.667,261.77,80.166,127.36
33.174,261.57,80.162,128.6
34.48,258.84,81.864,128.8
39.015,260.81,80.461,125.05
40.792,257.54,80.559,128.95
44.429,256.24,80.76,130.73
47.109,254.32,82.112,130.71
49.028,252.31,83.672,128.57
52.028,251.22,84.084,133.46
54.43,246.72,83.106,136.34
56.641,244.89,83.804,134.05
58.807,242.22,84.464,138.9
62.475,240.09,83.619,139.23
65.634,237.65,85.037,139.78
69.015,236.06,85.914,139.14
72.549,233.67,86.92,137.71
76.475,232.56,87.855,141.82
81.642,232.91,87.77,144.14
84.581,230.26,90.23,146.87
89.702,229.72,89.911,150.07
93.712,227.85,90.544,151.38
99.937,228.85,89.538,146.77
106.11,227.15,88.839,151.39
111.57,226.39,88.937,149.55
118.15,227.56,88.237,148.37
124.96,227.56,89.453,147.63
132.13,227.16,89.384,149.27
138.68,228.85,88.861,145.3
144.87,226.93,88.254,145.2
150.45,226.82,89.456,142.73
155.85,224.63,88.314,143.79
165.44,223.82,82.765,140.42
169.34,220.32,83.009,139.38
171.92,217.77,86.386,137.79
179.35,214.84,85.145,139.04
182.42,212.67,87.198,139.07
188.64,209.36,83.193,138.32
193.44,205.65,84.075,135.57
197.44,202.23,85.719,139.74
202.94,200.71,85.548,139.21
209.56,199.86,82.476,139.86
211.73,198.07,85.604,141.74
219.79,195.35,82.704,149.78
225.27,193.69,79.208,145.42
228.3,193.21,82.09,142.62
233.15,191.85,80.999,144.55
236.49,189.77,80.943,145.79
240.18,190.88,81.741,142.38
245.36,190.6,79.718,140.56
246.22,190.2,82.621,137.27
249.89,188.22,79.887,136.51
252.81,188.67,78.696,134.74
255.3,188.84,78.453,132.75
255.97,187.49,79.134,132.17
258.28,187.3,77.507,132.32
259.21,186.13,76.867,133.04
259.03,186.1,78.305,132.53
258.7,183.55,76.993,130.15
257.77,182.24,79.092,130.16
255.28,180.25,80.616,132.89
257.62,179.81,78.972,133.29
254.08,178.04,83.953,131.17
252.83,177.07,85.173,134.43
249.42,176.44,88.254,132.38
249.06,173.31,89.532,135.52
248.68,172.72,90.22,135
247.75,169.47,91.187,135.98
246.41,165.4,93.679,142.32
246.22,164.59,94.664,140.09
246.2,162.15,95.099,141.48
246.47,156.98,96.209,146.57
248.19,151.8,96.694,151.11
248.83,148.42,97.993,153.69
250.16,146.77,98.331,154.05
250.52,144.25,99.928,155.57
254,143.25,100.16,153.54
254.55,140.87,102.68,155.4
256.49,140.34,102.66,154
261.33,140.03,101.3,153.62
262.19,139.58,103.37,156.14
261.8,139.29,107.18,153.18
264.12,140.32,107.67,153.74
266.97,139.85,107.89,152.71
271.34,140.13,107.33,151.75
276.34,141.52,104.1,151.97
274.99,141.16,110.32,152.67
284.21,139.99,102.78,152.69
280.93,141.18,107.87,151.02
290.31,138.93,101.01,152.77
292.98,138.23,99.077,153.99
294.75,137.45,98.852,153.17
298.49,135.89,96.312,153.37
300.94,135.94,93.867,153.95
301,134,94.258,149.7
304.62,131.55,91.338,153.33
305.5,131.82,90.708,150.93
304.43,128.17,91.445,152.91
305.67,126.19,90.013,151.31
304.17,123.29,91.772,153.16
305.9,120.47,89.753,152.52
304.49,118.81,90.787,151.67
305.66,117.91,88.889,151.08
304.5,117.4,88.867,148.52
303.97,117.03,88.734,147.51
305.39,116.69,88.484,148.61
304.86,116.51,87.744,147.08
303.62,116.76,87.089,144.72
303.11,115.55,88.244,144.87
303.36,115.19,87.133,143
303.53,115.5,86.007,141.58
302.71,114.84,86.268,139.39
303.38,115.04,83.75,139.9
301.48,114.06,84.787,137.13
299.99,114.76,86.37,137.81
300.66,113.25,85.049,136.47
298.11,111.49,87.033,136.16
297.26,111.12,88.535,135.42
294.75,110.8,84.753,132.27
295.09,108.37,86.524,134.38
297.03,109.69,87.522,132.52
293.29,108.67,90.552,133.8
296.29,106.76,88.849,135.11
295.38,107.02,91.07,133.84
295.94,106.12,89.999,134.63
294.12,105.98,92.503,135.36
295.2,105.64,91.854,134.88
294.67,105.12,92.949,136.98
295.89,106.25,91.746,137.54
295.11,108.74,91.533,138.01
298.5,113.06,88.171,140.08
298.84,118.15,86.92,138.01
300.2,121.53,84.692,137.43
300.49,124,84.491,138.17
303.59,127.68,79.477,137.87
302.48,131.27,78.191,137.65
305.88,136.72,75.526,136.18
304.59,142.18,74.877,135.09
306.63,146.39,73.546,135.81
307.8,150,72.423,137.11
309.78,153.72,72.29,138.89
310.67,156.24,73.56,138.06
313.68,161.06,73.337,132.51
315.8,162.58,74.799,139.03
317.3,164.98,79.666,136.96
320.53,167.49,79.834,136.06
325.08,169.06,83.472,136.22
327.68,170.01,87.395,136.88
332.1,170.5,90.288,137.58
338.37,171.67,92.84,136.44
343.88,170.91,93.318,136.63
351.97,169.43,101.26,139.13
360.32,171.22,103.97,140.19
369.42,170.08,105.79,142.14
380.05,171.24,107.39,144.39
391.68,171.51,106.65,147.89
400.83,165.97,108.15,153.65
411.3,164.65,109.82,154.59
419.93,162.23,110.2,158.86
427.45,159.03,110.79,160.58
433.4,155.79,112.39,156.17
438.51,152.55,110.23,160.09
442.63,149.8,113.43,162.68
446.56,149.55,106.13,163.36
446.06,146.57,105.84,164.58
443.91,144.16,104.44,165.24
441.38,143.01,102.58,166.05
435.57,142.18,104.6,160.86
428.63,142.22,101.69,154.81
421.42,139.74,100.7,162.34
421.79,137.82,95.542,138.87
407.4,141.47,94.431,136.89
395.67,136.09,94.031,142.45
391.86,128.1,92.118,127.31
388.34,122,87.158,119.2
378.82,121.08,86.687,99.361
367.68,119.71,89.128,98.757
361.12,114.72,88.334,100.53
354.01,109.85,84.245,109.21
348.23,107.72,88.039,104.39
340.42,106.42,86.696,104.15
334.72,103.77,88.722,103.81
331.15,100.44,89.554,105.2
330.26,97.911,87.109,107.41
330.45,95.424,86.928,107.8
330,91.74,88.552,108.51
325.97,92.615,93.252,113.41
328.93,89.212,91.373,109.43
328.25,88.763,90.51,113.44
328.43,88.509,91.507,109.23
328.31,89.935,94.081,109
328.51,92.91,92.742,110.49
327.13,94.149,95.238,110.64
323.56,98.193,98.635,115.5
321.47,99.879,96.871,121.19
308.29,104.81,108.42,174.58
303.3,112.2,106.68,170.26
300.54,117.66,105.9,168.29
295.5,122.47,106.52,169.71
290.04,131.68,102.21,163.27
285.11,140.31,102.24,164.29
278.11,149.33,101.35,156.92
273.2,156.88,96.941,153.22
267.72,159.75,92.736,153.86
263.28,160.23,88.78,153.4
258.8,159.86,85.64,151.4
252.19,155.23,85.55,152.75
247.94,151.04,83.726,154.04
244,147.37,84.564,151.18
239.19,138.83,85.214,153.5
237.02,130.93,83.02,155.98
234.92,122.33,84.411,155.06
233.7,114.55,85.793,157.14
232.46,107.42,87.408,159.84
230.22,100.62,91.069,163.46
230.29,94.305,93.71,164.42
230.39,86.726,96.61,167.7
231.37,78.668,99.151,168.87
231.55,72.697,103.25,166.69
233.74,66.464,103.28,168.08
232.12,61.972,106.68,167.64
232.36,55.403,109.03,171.38
229.44,49.298,112.04,172.07
229.64,48.807,112.57,169.27
227.96,45.604,113.84,170.53
224.63,48.763,114.72,167.45
222.1,49.94,116.94,167.57
220.44,51.907,115.04,166.91
216.77,54.926,113.75,164
209.67,58.42,114.97,161.28
202.41,61.587,113.41,158.91
197.06,62.81,109.96,158.46
192.04,64.133,101.14,148.14
186.1,66.821,105.17,151.15
187.79,73.064,96.045,154.55
176.52,67.339,104.39,164.96
173.89,66.836,99.447,148.32
171.83,65.605,93.392,146.8
169.9,64.255,89.748,143.54
163.58,63.203,90.019,139.68
161.67,61.963,87.552,142.81
155.57,62.345,88.721,138.98
153,59.415,86.528,140.7
149.78,59.271,88.48,138.69
149.68,56.832,84.466,138.13
149.26,56.795,86.298,137.86
149.75,55.167,86.874,136.08
150.2,53.841,85.262,134.19
150.38,53.283,84.806,133.26
151.03,52.391,86.352,131.78
150.31,50.61,87.229,132.68
150.06,52.401,90.289,130.13
151.81,50.582,88.272,130.54
153.36,52.2,88.225,130.08
152.85,52.091,90.331,129.71
152.36,52.963,93.474,128.84
152.38,52.176,93.498,129.05
152.01,52.803,93.72,128.38
152.97,54.132,91.441,127.9
153.89,54.402,89.87,130.15
152.44,56.384,90.456,130.28
150.74,58.263,91.886,128.1
149.91,58.165,90.802,130.92
147.13,58.443,93.182,129.8
146.91,58.26,92.279,129.33
146.67,58.05,90.837,130.93
145.06,59.689,90.429,131.29
143.58,57.862,90.898,132.79
144.08,59.222,88.236,134.13
141.36,61.653,90.376,129.88
138.45,60.868,90.579,133.49
138.36,62.293,88.421,133.02
134.47,64.398,90.463,134.46
134.06,67.337,90.303,132.3
133.22,69.61,89.231,131.99
131.5,71.388,90.506,131.73
131.75,74.254,88.348,129.53
131.98,75.303,86.203,130.29
130.71,77.693,86.005,128.84
129.3,76.883,85.787,128.44
129.95,78.433,84.013,127.6
129.85,78.634,82.54,128.74
129.76,79.028,80.924,128.16
129.16,79.377,81.963,130.37
128.75,80.071,82.404,128.73
129.34,78.761,80.493,129.87
127.71,77.778,81.575,130.65
128.56,77.78,80.357,128.91
128.33,78.302,79.635,130.6
128.98,77.654,79.455,129.67
129.4,76.602,79.141,130
129.62,76.254,77.623,130.77
130.3,75.837,75.704,130.99
130.38,74.222,78.465,129.97
129.82,71.981,76.544,131.7
130.45,71.083,76.508,132.96
132.59,69.489,75.488,131.98
133.24,68.636,75.195,133.27
134.81,69.534,72.39,131.23
138.07,69.596,70.198,130.61
138.5,69.959,71.004,130.71
139.76,69.025,72.603,131.94
142.18,68.946,69.701,128.99
143.86,68.078,68.011,129.72
145.6,67.066,67.482,130.08
146.53,66.486,68.631,129.25
148.97,66.681,67.896,127.33
151.47,67.397,67.735,125.57
154.17,66.085,65.589,124.66
155.89,65.082,67.727,125.03
158.57,64.383,66.94,124.96
160.4,62.77,66.891,125.42
163.57,61.147,66.621,126.16
166.37,61.033,66.952,123.89
169.22,59.713,65.485,125.01
170.81,59.35,65.572,122.17
173.59,58.122,64.903,122.84
174.43,56.841,65.008,122.18
176.6,55.896,65.355,122.08
178.66,55.13,62.621,120.79
180.2,54.1,63.055,121.16
180.27,53.756,63.462,119.9
181.45,53.233,62.696,119.01
182.64,53.241,61.654,116.63
183.62,53.073,60.365,114.87
183.49,50.716,60.542,117.78
183.46,50.761,61.233,113.66
184.23,50.16,61.47,112.69
185.11,49.802,60.275,111.59
185.72,48.369,60.098,112.08
185.85,47.722,59.602,111.56
187.09,47.187,58.404,110.23
189.17,46.473,58.463,109.52
190.72,45.546,60.006,108.29
193.13,46.805,58.48,107.78
192.95,45.722,59.389,107.24
193.31,45.723,61.422,107.99
196.08,47.097,59.43,105.93
197.6,46.278,60.59,106.47
200.62,47.842,60.29,106.22
201.36,48.643,58.969,106.19
203.23,48.926,58.606,103.8
203.68,51.45,58.887,105.22
204.61,50.57,60.575,105.45
206.57,51.921,60.055,104.18
208.29,51.524,58.039,104.61
209.04,50.876,57.697,104.17
209.99,50.596,56.224,104.36
210.23,51.972,56.863,103.61
210.8,51.181,56.835,103.1
212.63,50.064,56.429,104.39
213.99,49.643,54.864,104.46
214.73,50.132,53.266,103.76
214.98,49.966,55.097,104.28
215.75,49.176,54.348,103.75
216.14,50.175,53.965,104.66
216.97,49.956,54.087,102.82
216.85,48.736,53.995,106
215.94,49.179,54.565,102.96
215.01,48.502,55.507,106.17
214.61,49.823,54.509,104.49
214.87,49.672,53.092,103.94
213.55,50.842,53.911,102.91
212.92,50.722,55.435,105.85
210.77,50.828,54.715,105.42
209.91,51.01,55.343,106.12
209.66,50.643,54.537,104.58
209.39,51.736,54.683,105.5
208.11,52.027,54.937,104.94
208.82,51.779,54.532,106.63
207.9,51.418,53.63,104.96
208.96,51.092,51.964,105.02
210.01,50.425,51.98,105.93
209.27,50.741,52.062,106.78
208.59,52.176,53.305,103.03
209.85,51.871,52.786,102.77
210.36,50.956,52.476,103.59
211.08,51.508,52.746,103.85
212.44,50.366,53.146,104.31
212.62,49.046,53.349,104.12
213.81,49.269,53.437,103.87
214.32,48.492,55.05,105.27
215.97,48.815,54.59,104.1
217.49,47.499,54.994,105.61
218.54,47.224,55.797,107.26
219.82,47.933,55.46,107.02
221.38,47.616,54.934,108.09
221.92,47.3,56.42,108.55
224.09,45.679,56.607,112.73
224.23,44.997,57.698,114.74
224.73,44.057,59.026,115.5
226.3,42.728,58.88,117.57
228.1,41.676,59.584,119.46
228.91,43.355,61.139,121.2
230.84,42.534,61.239,121.08
232.19,43.302,63.087,121.23
233.09,43.098,64.006,121.9
234.57,44.249,64.315,125.04
236.67,45.925,63.539,126.51
238.76,48.751,64.959,128.22
241.3,51.496,66.519,127.92
243.93,52.973,65.84,129.88
246.65,56.407,67.034,128.91
249.37,56.87,69.11,131.45
252.89,60.213,68.566,130.87
256.64,64.306,69.153,130.21
261.1,67.096,70.552,131.95
264.98,71.656,72.387,133.09
270.12,75.824,72.921,135.63
276.27,83.622,71.732,134.78
281.43,88.598,72.275,137.25
284.28,94.495,74.195,138.71
290.04,100.28,73.13,137.24
294.74,106.61,74.099,139.03
300.23,111.79,73.323,141.84
305.33,119.09,74.121,140
308.56,125,74.763,140.39
311.21,130.57,74.373,140.94
314.54,136.46,74.574,139.57
316.74,140.97,72.822,137.84
318.61,143.57,73.504,137.67
318.37,148.24,74.187,137.64
318.83,153.11,74.135,135.58
319.08,156.6,72.744,133.06
319.1,158.76,73.265,132.74
318.1,162.26,71.072,132.7
317.29,164.92,70.916,131.4
316.59,168.22,72.178,129.91
315.06,170.94,71.108,127.06
313.88,174.11,70.841,126.66
313.62,176.34,68.335,126.51
311.66,180,71.233,127.96
311.86,182.82,70.322,127.12
311.96,187.73,69.364,123.59
312.15,188.96,69.585,125.11
312.84,191.72,69.833,124.38
313.07,195.52,69.363,122.46
314.88,197.64,69.715,124.06
315.81,200.69,70.227,125.06
317.34,202.41,70.881,125.01
319,204.53,71.712,125.99
320.92,206.03,72.494,127.08
324.67,208.3,73.128,129.25
327.09,210.19,71.873,130.63
329.61,210.63,74.234,131.51
332.32,212.73,73.825,132.05
335.49,213.36,74.222,132.52
338.06,213.08,73.749,134.85
339.88,214.8,75.49,132.92
341.38,215.67,75.426,133.33
344.13,215.02,74.478,133.91
344.85,214.26,75.234,135.04
344.95,214.79,76.533,135.26
344.92,214.64,76.805,132.72
343.82,215.02,77.468,132.45
343.57,215.4,78.131,133.04
342.5,214.98,77.991,131.73
340.6,215.7,78.492,132.07
338.74,215.84,78.22,129.83
