256.11,152.11,73.11,210.11
255.67,149.24,74.267,210.13
256.49,150.38,73.069,209.18
255.71,150.08,73.857,209.48
256.33,149.4,73.635,209.88
256.26,149.62,73.409,209.79
256.15,149.39,73.869,209.91
255.75,150,73.6,209.77
256.18,149.9,73.54,209.45
256.2,149.67,73.407,209.74
256.05,149.7,73.749,209.63
255.63,150.01,73.639,209.74
255.99,149.83,73.306,209.61
255.66,150.06,73.7,209.43
255.53,150.07,73.651,209.6
255.68,150.11,73.8,209.54
256.04,150.02,73.539,209.49
255.84,150.25,73.857,209.38
255.11,149.42,74.266,210.16
255.96,149.44,73.212,210.05
255.5,149.72,73.738,209.67
255.88,150.09,72.901,209.89
255.62,150.09,73.658,209.64
255.78,149.99,73.6,209.6
255.47,150.16,73.955,209.51
256.07,150.04,73.355,209.75
255.61,149.99,73.932,210.02
255.91,149.97,73.714,209.85
255.41,149.64,73.765,209.93
255.99,149.64,73.485,209.94
255.27,150.39,73.595,209.66
255.38,150.41,73.682,209.63
255.57,150.41,73.284,209.58
255.48,150.3,73.709,209.87
255.5,150.57,73.821,209.5
255.61,150.44,73.701,209.82
255.64,150.54,73.812,209.64
255.81,150.45,73.76,209.69
255.13,149.92,73.995,210.1
255.25,149.96,74.15,209.76
254.94,150.07,74.329,209.75
255.31,149.89,73.987,209.85
255.79,150.12,73.487,209.69
255.22,150.37,74.097,209.58
255.63,149.91,73.876,209.55
255.86,149.9,73.411,210.35
255.25,149.34,74.42,210.3
255.76,150.42,73.75,209.5
255.8,150.05,73.765,209.99
255.55,150.33,74.052,209.89
255.81,150.25,74.064,209.74
255.5,149.25,74.566,210.5
255.51,149.5,74.328,210.32
255.17,149.73,73.625,210.65
255.03,150.02,74.193,209.91
255.22,150.06,74.332,209.77
255.47,149.84,74.324,210.06
255.51,149.76,74.241,210.35
255.62,149.82,73.991,210.27
255.84,149.82,74.098,210
255.33,149.67,74.073,209.94
255.77,150.11,73.363,209.97
255.35,150.03,74.49,209.9
255.27,150.05,74.413,210.05
255.18,149.4,74.517,210.12
255.86,150.17,73.681,209.6
254.98,149.87,74.43,209.82
255.3,149.78,74.213,209.89
255.54,149.9,74.281,209.81
255.04,149.88,74.358,209.84
255.27,149.81,74.386,209.9
255.16,149.86,74.666,210.09
255.56,149.84,74.3,209.82
254.98,149.57,74.516,209.88
255.66,149.55,73.987,210.1
255.93,150.38,73.978,209.73
255.62,149.64,74.489,210.13
255.46,149.75,74.709,210.16
255.14,149.45,74.302,210.17
255.87,149.38,73.432,210.22
255.48,149.7,74.046,209.8
255.29,149.66,74.199,210.16
255.32,149.77,73.592,210.22
255.57,150.15,73.586,209.82
255.33,150.1,73.903,210
255.78,150.01,73.609,209.57
255.45,150.18,73.78,209.85
254.91,149.4,74.449,210.53
255.6,150.34,73.324,209.76
255.51,150.05,74.271,209.62
255.47,150.24,74.473,209.84
255.65,149.47,74.163,210.31
255.67,149.65,73.817,210.08
255.43,150.01,73.88,209.73
255.26,150.07,73.854,209.81
255.8,150.16,73.052,209.76
255.56,150.06,73.642,209.52
255.44,150.2,73.509,209.37
255.16,150,74.001,209.49
255.18,149.59,74.057,209.71
255.82,149.54,73.253,209.6
255.76,150.1,73.093,209.45
255.88,150.54,73.492,209.21
255.58,150.24,74.246,209.79
255.03,150.06,74.46,209.71
255.2,149.78,74.563,209.62
255.71,150.16,73.933,209.37
254.66,149.27,74.946,210.14
255.59,150.33,73.679,209.24
254.85,150.28,74.56,209.06
255.57,150.05,73.658,209.2
255.58,150.56,73.427,208.55
255.21,150.05,74.038,208.84
255.8,149.94,73.154,208.73
255.3,150.01,73.59,208.52
255.09,149.77,73.609,208.58
255.14,149.98,73.869,208.44
255.37,150.25,73.558,208.41
255.04,150.37,73.85,208.12
255.82,150.51,73.714,207.93
255,149.82,74.335,208.77
255.39,150.26,73.824,208.37
255.8,150.05,73.23,208.36
254.71,150.62,74.125,208.22
255.08,150.64,73.464,208.01
255.15,150.37,73.891,208.26
255.27,150.16,74.009,208.78
255.36,150.49,73.749,209.05
255.24,150.44,73.751,209.13
255.75,150.77,72.882,208.64
255.5,150.53,73.982,208.78
255.44,150.4,74.018,208.9
254.91,150.59,74.563,209.09
255.41,150.24,74.449,208.88
256.04,150.48,73.474,209.12
254.87,150.29,74.626,209.12
255.68,150.39,73.697,209.11
255.52,150.28,74.199,209.07
255.75,150.41,73.826,208.82
255.73,150.37,74.16,208.75
255.23,150.43,74.502,209.06
255.28,150.7,74.188,208.79
254.85,150.14,75.03,208.86
255.5,150.67,74.057,208.77
255.55,150.09,74.254,209.3
254.72,149.94,74.921,209.12
255.5,150.62,73.624,209
255.25,150.59,74.304,208.88
254.96,150.89,74.506,208.84
255.2,150.54,74.318,209.24
255.47,150.93,74.062,208.62
255.5,150.6,74.109,209.16
255.71,150.52,74.117,209.06
255.4,150.37,74.25,209.4
255.03,149.74,74.969,209.38
255.01,150.01,74.684,209.23
255.73,150.87,73.558,208.57
255.51,150.61,74.517,208.74
254.69,150.27,75.035,209.06
255.34,150.17,74.024,209.17
254.87,150.54,74.41,209.01
255.07,150.42,74.303,209.2
255.16,150.81,74.395,208.58
254.84,149.94,74.731,209.2
255.43,150.45,73.894,209.06
254.87,150.83,74.704,208.78
255.3,150.36,74.048,209.38
255.23,150.77,74.391,208.73
254.9,150.07,74.734,209.14
255.54,150.38,74.095,208.84
255.19,150.46,74.633,209.05
255.25,150.34,74.239,209.34
255.01,150.67,74.61,209.17
254.79,150.06,74.984,209.29
255.6,150.15,73.935,209.01
255.24,150.31,74.297,208.82
254.9,150.46,74.678,208.81
255.46,150.07,74.063,209.29
255.88,150.59,73.397,208.91
255.3,150.99,74.213,208.49
255.49,150.85,74.035,208.7
255.63,150.77,73.941,208.73
255.69,150.61,74.088,208.89
255.39,150.75,74.435,208.85
255.61,150.68,74.17,208.84
255.01,149.97,75.114,209.37
255.26,150.19,74.356,209.19
255.28,150.59,74.765,208.43
255.74,150.48,73.822,208.67
255.27,150.68,74.26,208.57
255.5,150.49,73.827,208.98
255.45,150.7,73.735,208.63
255.03,150.84,73.804,208.76
255.92,150.5,73.374,208.93
255.26,151.08,73.696,208.48
255.29,150.71,74.061,208.62
255.35,150.6,73.605,208.77
255.42,151.05,73.478,208.41
255,150.97,74.101,208.49
254.89,150.9,74.13,208.69
255.59,150.49,73.763,209
255.49,150.69,73.908,208.67
255.46,150.79,74.139,208.71
255.59,151,74.146,208.53
255.57,150.92,74.114,208.47
255.59,150.86,74.181,208.57
254.61,150.79,74.692,208.46
255.3,151.08,73.817,208.32
255.18,150.98,74.185,208.43
255.23,150.7,73.936,208.76
255.19,150.59,73.952,208.72
255.19,150.45,73.863,208.96
255.18,150.49,73.841,208.79
255.27,150.45,73.204,209.26
254.94,150.2,73.485,208.89
255.21,150.46,72.979,208.87
255.32,150.89,72.981,208.44
255.75,150.66,73.238,208.84
255.6,150.78,73.341,208.65
255.62,150.87,72.806,208.23
255.65,151.25,72.376,208.07
255.5,150.68,71.73,208.14
255.57,149.88,71.43,208.5
255.87,157.9,71.646,199.4
255.32,155.28,72.275,203.1
255.27,151.91,72.73,205.99
255.68,151.98,71.782,206.29
256.15,150.89,72.048,207.3
255.5,151.08,72.396,207.67
255.91,150.2,72.144,208.36
255.08,150.86,72.416,207.59
255.25,151.28,72.152,207.43
255.98,151.47,71.865,207.51
256.14,151.32,71.707,207.73
255.64,151.21,72.172,207
255.92,152.27,72.069,206.92
255.5,152.22,72.188,206.72
255.74,152.34,72.428,206.51
255.58,152.41,72.55,206.29
255.64,152.06,72.143,206.49
255.31,158.21,72.989,200.69
255.33,151.35,72.706,208.58
255.46,151.2,73.226,208.14
255.41,151.89,74.101,207.1
255.81,151.46,73.422,206.85
255.5,151.85,73.104,206.52
255.72,151.37,73.133,206.67
255.78,152.11,72.69,206.1
255.87,151.36,72.766,206.58
255.67,152,72.506,206.03
255.94,151.14,72.725,206.74
256.47,151.08,72.334,206.71
256.35,151.59,72.662,206.23
255.93,151.53,72.335,206.47
256.28,150.92,71.795,207.16
256.32,152.44,72.178,205.35
255.64,150.9,72.3,206.66
255.89,151.46,72.461,206.89
255.6,151.74,72.543,205.96
255.76,150.87,72.671,206.46
255.35,151.36,73.313,205.75
255.25,151.07,73.483,206.22
255.38,151,72.797,206.36
256.12,150.8,72.911,206.39
255.92,151.01,72.576,207.08
256.13,151.54,72.911,205.84
255.4,151.29,73.262,206.12
255.97,151.46,72.814,206.52
255.58,151.3,73.189,206.07
255.5,151.39,72.984,205.95
255.8,151.64,73.155,206.22
255.17,151.98,73.15,205.58
255.64,151.1,72.457,206.72
256.02,153.05,72.75,204.33
255.5,155.88,73.31,201.54
254.97,154.65,73.15,203.14
255.07,150.55,72.893,207.34
255.49,151.57,73.699,206.32
254.9,150.84,73.704,206.66
255.05,151,73.137,206.37
255.18,151.9,72.561,205.43
255.86,150.93,72.19,206.29
256.09,151.12,72.302,205.74
255.81,151.35,72.597,205.92
255.07,151.65,73.1,205.35
255.71,152,72.2,204.88
255.98,152.62,72.188,204.41
255.72,152.99,72.099,203.95
255,153.65,72.645,203.63
254.71,152.74,72.659,203.87
255.36,154.14,71.694,202.57
255.67,152.56,72.076,204.08
255.07,153.8,71.924,202.93
256.21,154.03,71.677,203.22
255.39,153.41,71.636,203.62
255.56,154.25,71.892,202.44
255,154.78,72.533,201.99
255.22,154.99,72.244,201.66
255.56,154.99,71.68,201.52
255.25,155.9,72.479,201.43
255.68,157.31,72.154,199.53
255.07,160.16,72.393,196.79
255.35,156.06,73.34,201.16
255.52,157.1,72.287,199.75
255.33,158.22,73.155,198.4
255.37,160.45,73.005,195.92
255.53,160.69,72.432,195.82
255.78,159.47,71.93,196.89
255.65,160.69,72.098,195.31
255.29,161.63,71.924,194.42
255.88,163.88,71.472,191.85
254.54,162.56,71.727,192.92
254.93,160.84,71.46,195.02
253.82,159.98,71.8,196.17
252.95,159.97,70.103,195.85
252.39,158.42,72.078,197.73
252.82,159.67,71.103,195
252.09,157.82,71.136,193.71
252.54,155.47,71.443,194.74
252.77,154.72,71.199,194.39
251.22,153.12,70.93,193.67
250.92,151.24,71.544,192.91
249.95,147.95,71.929,192.12
251.04,146.12,70.697,191.33
249.97,142.44,70.249,192.6
248.73,137.04,70.019,193.1
247.47,134.23,69.812,192.28
247.07,128.99,69.152,193.13
246.22,125.54,69.099,189.31
243.14,124.2,69.37,183.21
240.55,119.51,73.617,184.02
237.94,113.17,73.206,182.36
233.37,111.6,73.509,178.87
231.85,109.86,72.004,178.46
228.55,105.12,73.066,177.46
224.68,105.75,69.461,175.04
218.85,101.82,70.023,173.86
215.74,98.393,71.066,175.71
214.95,89.48,68.417,179.03
212.93,90.653,65.629,170.1
206.65,86.178,69.104,170.06
153.12,141.57,78.571,186.23
155.97,144.47,76.62,184.18
154.82,146.16,78.38,184.23
155.62,145.68,74.714,184.74
151.65,145.32,79.04,182.35
152.14,143.81,77.454,182.71
152.48,143.18,74.594,181.55
152.41,143.7,76.668,181.29
152.4,142.89,76.426,181.28
146.2,139.4,81.135,182.46
145.76,140.57,81.287,181.67
146.45,140.59,80.099,181.34
145.73,135.93,76.66,184.43
144.73,139.91,76.241,183.04
141.37,136.85,78.5,184.94
140.22,133.17,78.356,188.02
139.56,137.79,77.842,184.71
136.05,140.14,80.464,180.41
135.57,140.58,78.509,181.39
130.06,138.25,80.99,183.14
129.06,138.59,79.485,186.46
128.93,140.14,80.801,184.69
128.3,141.19,77.262,183.06
127.4,142.01,77.414,180.19
124.39,142.63,78.705,180.34
123.89,141.93,77.61,181.47
124.24,143.8,76.977,182
124.41,141.13,73.316,182.98
120.37,140.62,79.654,185.41
116.91,141.77,82.115,184.1
116.59,140.87,80.202,185.86
117.13,143.72,75.984,183.82
114.36,141.97,76.984,185.77
112.46,144.68,78.75,181.26
108.07,142.14,82.48,186.93
106.52,140.49,81.186,190.76
102.67,141.62,83.395,192.06
102.67,142.32,81.098,190.98
99.746,143.49,83.007,192.49
98.748,143.69,81.386,192.43
94.759,143.8,83.079,192.42
92.955,144.98,83.36,192.28
92.471,144.02,84.179,194.39
90.489,144.46,84.784,193.73
93.874,147.51,80.987,192.57
95.492,148.47,77.584,191.56
95.751,149,80.131,190.53
96.904,149.69,79.125,189.78
97.534,149.5,75.637,190.71
96.722,154.44,75.441,190.16
96.768,153.94,73.233,188.95
96.519,154.56,73.336,189.91
96.978,154.13,70.52,188.84
96.471,154.8,71.586,189.29
96.927,157.66,71.863,188.77
96.925,158.84,72.163,189.42
96.863,158.45,73.389,189.12
96.19,157.86,74.722,194.23
96.231,158.51,77.146,194.95
96.134,161.56,79.653,189.86
96.05,162.09,79.393,189.48
96.634,150.97,79.203,205.31
95.757,149.94,79.916,206.69
94.533,149.76,81.381,208.13
94.202,150.69,81.701,208.86
93.969,150.26,89.232,210.05
91.978,148.06,93.534,213.33
93.513,148.13,97.385,215.08
95.979,145.91,99.947,217.62
96.789,151.29,89.617,213.48
100.34,150.16,91.419,215.6
100.17,148.25,94.799,218.2
100.63,148.78,96.56,219.1
100.72,149.39,99.207,219.33
102.65,147.34,94.977,222.19
106.53,149.41,91.601,223.65
107.86,146.29,92.815,227.41
60.515,123.04,142.1,261.78
62.908,93.508,139.99,292.19
76.143,93.929,128.63,289.5
87.071,89.643,120.33,290.84
94.873,98.176,117.74,281.99
104.73,90.345,112.26,288.17
114.51,95.52,115.65,283.2
127.35,103.36,108.82,273.42
135,90.2,106.94,283.09
144.17,99.404,106.93,271.88
144.25,100.64,115.51,266.23
146.6,110.8,120.73,252.89
151.68,105.27,125.79,255.12
158.07,105.74,127.33,253.27
174.24,111.24,118.16,247.71
204.88,109.27,94.888,247.36
215.35,112.92,90.722,240.23
223.9,114.41,92.21,236.41
230.4,121.92,86.612,227.37
234.23,126.81,84.966,222.11
240.64,127.84,76.91,220.38
242.28,131.98,79.988,218.72
246.6,134.81,75.744,208.6
247.11,141.35,74.645,205.3
247.62,142.39,74.668,201.68
249.31,143.61,73.7,200.26
249.49,144.3,73.728,200.09
252.07,147.21,73.194,198
253.37,149.77,71.934,196.08
252.8,148.93,72.935,196.79
252.58,149.93,72.42,195.42
252.8,152.22,71.579,192.15
253.43,155.73,70.326,190.22
253.07,156.46,70.499,188.85
252.4,157.71,70.284,187.1
252.78,157.93,70.756,186.94
253.46,157.79,70.482,187.53
253.97,158.09,70.522,187.39
253.66,156.82,71.149,188.68
253.34,156.66,70.914,188.79
253.31,156.61,71.642,188.77
253.67,155.53,71.625,190.19
253.09,154.42,71.411,191.17
253.45,150.73,71.02,194.57
254.21,147.11,71.534,198.05
254.39,148.19,70.331,196.71
254.36,145.37,70.449,199.65
254.74,145.84,69.392,199.43
254.16,145.51,70.386,199.4
253.65,145.84,70.074,198.87
253.44,145.65,70.812,199.49
253.75,145.93,70.625,199.04
254.11,145.52,70.463,200.01
253.4,146.01,70.74,199.42
254.1,145.5,70.883,199.93
254.13,145.08,70.608,200.35
253.53,145.83,70.723,199.33
254,145.42,71.143,199.56
253.87,145.82,70.832,199.76
253.54,145.24,71.178,200.39
253.39,145.18,70.796,200.31
253.82,145.39,70.369,200.05
253.96,145.47,70.617,200.04
253.51,144.84,70.912,200.46
253.43,145.42,70.733,199.95
254.16,145.82,70.155,199.52
254.25,145.32,70.383,200.39
253.61,145.24,71.338,200.08
253.62,145.74,70.893,200.04
254.15,146.04,70.706,199.58
253.37,144.89,71.164,200.79
254.58,145.6,70.375,200.17
253.81,145.97,70.961,199.91
253.77,145.9,71.034,200.15
254.22,145.46,71.206,200.09
253.78,145.35,70.951,200.14
254.85,145.76,70.141,200.06
254.23,145.6,70.595,200.39
253.84,145.05,70.852,200.99
254.57,145.8,70.508,201.06
253.14,144.88,72.62,202.4
254.69,145.64,70.319,203.1
254.95,145.02,69.768,203.19
209.9,133.2,115.36,217.59
210.61,125.48,112.31,224.68
220.34,119.63,105.11,229.81
230.11,136.26,95.248,215.33
240.33,117.04,88.605,232.99
252.83,114.16,86.139,237.02
254.92,121.2,99.991,228.54
256.16,135.76,133.95,210.44
254.77,138.12,89.756,209.31
254.02,143.52,70.945,203
253.46,144.96,71.931,203.01
253.78,145.04,72.494,202.99
253.68,145.03,73.488,202.78
253.44,144.32,73.553,203.06
253.73,143.96,72.642,203.01
253.83,144.17,72.875,202.81
254.01,144.15,72.821,202.81
253.41,144.23,72.713,202.77
253.47,144.27,72.906,202.85
253.77,144.38,72.991,202.69
254.06,144.44,72.757,202.55
253.89,145.17,71.948,202.02
253.96,144.97,72.373,202.32
253.54,144.76,72.031,202.36
253.67,144.61,72.879,202.43
253.51,144.32,71.46,202.69
253.85,144.74,71.757,202.37
253.85,145.52,71.251,201.83
253.26,147.26,72.788,200.12
253.83,144.2,72.243,203.13
254.17,144.96,72.666,202.47
253.94,144.84,72.305,202.67
253.9,144.39,72.599,202.29
253.98,144.45,72.31,202.45
253.84,144.45,72.669,203.05
253.94,144.75,72.034,202.86
253.73,144.26,72.176,202.78
253.51,144.4,72.321,202.99
253.87,144.69,72.876,202.25
253.95,144.43,71.448,202.58
253.75,145.04,72.904,202.44
253.65,145.01,72.037,202.35
253.7,144.72,72.075,202.89
253.62,144.27,71.525,203.09
253.49,144.65,72.057,202.56
253.61,144.71,71.448,202.49
253.57,144.97,71.265,202.19
253.66,145.52,70.956,201.69
254.01,144.95,71.369,202.18
253.24,145.43,72.323,201.74
254.19,145.22,71.269,201.72
253.41,145.77,71.117,201.32
253.65,145.52,71.484,201.45
253.88,144.95,71.206,201.7
253.9,145.53,71.21,201.63
254.15,145.34,71.125,201.48
253.89,145.74,72.213,200.75
254.03,145.14,72.148,201.77
253.61,145.03,71.29,201.75
253.95,144.85,71.707,201.51
253.6,145.33,71.634,201.28
253.45,149.17,71.411,197.09
253.94,144.09,70.891,202.45
253.83,143.45,71.002,203.23
254.23,145.28,70.412,201.32
253.74,144.18,71.276,202.46
253.56,144.39,71.285,202.32
253.55,144.65,71.742,201.82
253.68,144.61,71.385,201.69
253.16,145.1,71.325,201.6
253.54,145.29,71.6,201.17
253.63,144.99,71.197,201.58
253.77,145.25,71.101,201.43
253.45,144.86,71.778,201.54
253.77,144.62,70.891,202.32
254.12,144.06,71.387,202.29
254.08,145.6,70.333,201.19
253.86,144.64,71.486,202.05
253.83,145.01,71.552,201.88
253.69,144.79,71.288,202.37
253.6,144.96,70.712,202.31
254.18,144.2,71.339,202.81
253.51,144.72,70.76,202.17
254.2,145.14,70.809,201.85
253.86,144.77,71.168,202.23
254.19,145.01,70.532,202.35
253.95,144.05,70.965,203.11
253.46,144.88,71.055,202.69
253.44,145.19,71.927,202.29
253.52,145.12,71.807,202.16
253.23,145.52,72.487,201.84
253.68,145.02,72.4,202.12
253.68,145.1,72.441,202.12
253.61,145.45,73.133,201.48
253.35,145.44,72.132,201.64
253.16,145.25,72.739,201.74
253.2,145.47,73.102,201.31
253.93,144.87,72.24,202
253.72,147.52,71.313,199.03
253.86,144.39,71.075,203.23
253.96,145.24,71.674,202.13
254.09,144.99,71.43,201.98
253.12,154.36,71.825,191.74
253.06,147.91,73.076,199.33
254.32,151.66,72.296,194.55
255.05,146.55,70.198,199.39
256.03,144.86,68.256,201.69
253.56,144.14,70.06,202.38
253.07,143.6,71.503,202.85
253.47,144.71,70.707,201.47
253.42,144.92,71.443,201.64
254.22,146.11,69.757,201.29
253.9,144.14,71.682,202.37
253.38,150.73,70.898,195.72
253.34,147.82,72.727,198.61
253.12,149.28,72.007,197.14
252.47,151.12,73.094,194.79
253.13,143.59,72.013,202.39
253.31,145.49,71.405,199.99
251.96,144.68,72.997,199.96
253.4,145.57,70.842,199.11
253.74,146.12,70.492,198.61
253.38,145.95,70.66,199.13
253.39,145.87,70.152,198.82
253.78,145.61,70.916,199.04
253.03,146.12,70.594,198.62
253.39,145.57,70.423,198.75
253.87,145.38,70.345,199.66
252.9,146.18,71.059,199.2
253.42,145.29,71.427,199.47
253.53,145.87,69.982,199.17
253.52,145.12,70.668,199.4
254.25,147.65,69.298,196.72
253.39,147.18,70.932,198.5
253.89,144.26,70.901,202.12
253.66,145.3,70.823,201.34
253.11,146.5,70.318,200.51
252.89,145.66,71.222,202.03
253.51,145.2,71.981,200.59
253.07,145.4,70.758,200.56
253.16,145.14,71.71,200.48
253.19,145.55,70.825,200.6
253.04,145.69,71.59,200.37
253.41,145.95,70.859,200.13
253.04,145.2,71.604,200.73
253.46,145.61,70.332,200.42
253.57,145.3,71.476,200.7
253.39,145.78,70.429,200.08
253.38,145.16,72.018,200.56
252.72,145.16,70.724,200.83
253.57,144.74,71.072,200.75
253.59,145.61,70.393,199.75
253.55,145.09,71.591,200.28
253.15,145.68,70.8,199.82
253.16,144.92,71.778,200.55
253.32,145.63,70.72,199.94
253.29,145.54,72.405,199.95
252.98,145.67,71.024,200.44
253,145.66,71.969,200.32
253.08,145.22,71.298,200.28
253.25,146.08,70.521,199.41
253.18,145.54,71.63,199.75
252.99,145.83,70.646,200.02
252.97,145.25,71.75,200.23
253.59,145.71,71.49,200.3
252.96,145.67,71.343,200.04
253.33,145.2,71.469,200.13
253.64,145.24,70.313,200.18
253.15,145.24,70.513,200.11
253.32,145.95,70.775,199.6
253.17,146.09,70.608,199.81
253.44,145.28,71.63,200.25
253.78,145.79,70.73,199.69
253.84,145.76,70.396,199.77
253.29,145.05,70.775,200.37
253.42,145.65,70.592,199.76
253.4,145.77,70.121,200.2
253.24,145.3,71.947,200.53
253.47,145.9,70.645,200.33
253.06,145.28,71.012,200.47
253.23,145,72.001,200.82
253.58,145.4,70.139,201.2
253.5,145.93,71.856,200.78
253.35,145.77,71.166,200.71
253.18,145.5,71.026,201.04
253.36,146.16,71.547,200.33
253.33,145.77,71.07,201.01
253.22,145.05,72.075,201.25
253.22,145.74,71.208,200.63
253.11,145.77,71.328,200.56
253.12,145.56,71.92,200.43
253.26,145.31,72.004,200.44
253.89,145.91,70.953,200.33
253.43,146.39,71.073,200.43
253.35,145.55,72.629,201.1
253.47,146.22,71.784,200.35
253.37,145.69,71.839,200.82
253.44,146.13,71.173,200.4
253.38,144.96,71.735,201.58
254.28,145.73,70.601,201.16
253.36,145.97,71.409,200.74
253.51,145.13,71.672,201.27
253.46,145.78,71.421,200.97
253.62,145.86,71.749,200.47
253.6,146.25,71.529,200.45
253.26,145.28,71.952,201.34
253.45,145.55,72.19,200.85
253.29,145.73,72.386,200.83
253.27,145.31,72.428,201.23
253.43,144.95,72.419,201.84
254.09,145.01,71.973,202.12
253.65,145.58,71.55,201.81
252.9,152.87,73.062,193.71
253.14,149.38,73.147,197.14
253.67,145.85,72.698,200.58
253.61,144.52,72.615,202.35
253.31,144.99,71.907,201.85
253.7,145.57,72.05,201.2
253.35,145.54,71.899,201.96
253.72,144.93,70.915,202.19
253.75,146.1,71.482,201.63
253.75,147.29,70.799,201.06
254.39,152.46,66.177,196.34
253.2,157.72,62.317,189.93
255.86,165.83,82.44,219.28
390.41,157.55,73.881,182.65
391.73,155.3,74.514,186.14
391.62,155.21,75.182,185.82
391.57,156.03,75.705,185.22
391.38,156.22,77.055,184.15
394.57,153.96,78.533,185.38
392.84,153.42,78.731,187.59
259.86,145.24,74.972,202.94
253.7,143.43,70.083,205.54
251.83,142.66,72.331,206.17
254.37,143.33,69.82,205.17
253.98,145.01,69.826,203.14
254.06,144.43,70.353,203.62
253.97,145.7,70.684,202.42
253.83,145,70.664,202.76
253.48,145.06,71.416,202.31
253.83,145.79,71.082,201.16
254.03,145.6,71.297,201.21
254.37,145.1,70.781,201.85
254.33,144.9,70.666,202.05
254.55,145.4,69.975,201.44
254.29,144.86,70.827,201.76
253.83,146.01,70.767,200.72
253.61,145.5,71.024,201.01
253.44,146.28,70.263,200.38
253.66,145.68,71.271,201.13
254.19,145.94,70.747,200.56
254.21,145.27,70.613,201.29
253.74,145.97,71.458,200.32
253.73,145.45,71.201,201.27
253.84,145.29,70.535,201.41
254.3,144.46,70.697,202.12
254.49,144.65,70.51,201.43
254.24,144.82,70.527,202.15
253.89,145.26,71.041,201.54
253.55,145.24,71.042,202.23
253.9,145.53,71.021,202.06
253.5,144.42,71.777,202.61
253.58,145.17,70.86,202.56
252.53,145.02,71.723,203.66
251.47,144.87,72.776,205.03
253.13,144.48,71.007,206.05
255.82,146.01,68.682,205.37
257.41,147.68,67.756,203.34
251.69,151.36,73.847,201.39
238.71,154.1,86.041,203.68
393.35,156.42,72.586,182.73
392.23,155.34,74.923,185.55
391.7,156.4,75.794,184.8
391.7,156.61,75.576,183.38
391.2,155.57,78.161,184.52
256.09,143.72,102.92,204.66
254.2,147.53,68.974,199.58
253.6,146.16,72.853,201.67
253.17,146.04,71.215,201.59
253.35,144.21,71.981,203.19
252.82,144.49,72.433,203.29
252.86,144.97,72.548,201.65
253.45,144.83,72.202,202.5
253.35,144.98,73.184,202.31
253.76,144.5,71.6,202.11
253.27,144.99,72.233,202.15
253.09,145.1,72.887,202.28
253.52,144.81,71.418,202.65
253.44,144.6,71.649,202.04
253.55,144.56,70.72,202.02
253.7,144.99,71.453,201.64
253.33,144.68,71.639,201.85
253.18,144.75,71.07,202.16
252.98,145.05,71.221,201.81
253.47,144.84,71.58,202.19
253.55,145.12,70.697,202.34
253.49,144.38,70.955,203.03
253.32,145.1,70.459,202.75
253.59,144.35,70.801,203.39
252.77,145.07,70.228,202.9
253.78,144.42,70.568,202.96
252.86,145.17,70.62,202.52
252.82,145.43,70.986,202.03
252.61,144.81,71.14,202.46
253.6,145.63,70.264,201.29
253.16,144.83,70.807,201.87
253.04,145.34,70.611,201.16
252.91,144.68,70.768,201.76
253.32,145.42,70.457,202.03
253.28,145.04,70.608,201.76
253.29,144.43,70.694,202.06
253.28,144.93,70.371,201.68
252.99,144.9,70.32,201.8
253.43,145.31,70.671,201.62
252.99,144.59,70.925,201.91
253.03,144.86,70.32,201.67
253.62,145.38,70.589,201.59
253.33,144.62,70.811,202.4
252.77,144.83,70.54,202.1
252.85,144.69,70.839,201.74
253.24,145.11,70.499,202.18
253.25,144.98,70.8,202.31
252.63,145.24,70.741,201.88
252.61,144.9,70.871,202.39
252.63,144.87,71.07,202.13
253.05,144.33,70.686,202.85
252.92,144.75,70.517,203.09
253.39,144.62,71.13,203.31
253.59,144.65,70.979,203.54
253.52,145.71,70.683,202.24
253.49,144.4,71.539,202.89
253.62,144.86,70.419,202.16
253.14,144.9,71.214,201.99
252.97,145.13,70.963,201.5
253.71,145.18,71.176,200.67
254.04,145.77,69.864,200.52
253.35,144.92,71.528,201.16
253.18,145.05,70.203,201.02
253.09,145.72,71.029,200.43
253.21,144.9,71.032,202.49
253.02,144.2,71.244,203.65
253.24,145.01,70.222,202.69
252.9,143.8,72.002,202.8
254.26,145.66,70.511,200.15
253.94,145.9,70.053,199.64
253.77,147.2,70.826,198.17
253.52,147.54,71.315,197.66
253.63,149.23,71.083,195.81
253.85,152.36,71.118,192.54
253.12,153.9,72.068,191.47
253.09,155.11,71.803,190.29
253.02,156.58,71.223,189.07
253.04,158.4,70.947,187.22
254.05,158.06,70.853,187.69
253.47,157.64,71.074,187.96
253.38,157.85,71.328,187.54
253.66,159.44,71.269,186.14
254.02,159.91,71.484,186.48
254.26,159.71,71.488,188.27
255.8,155.23,71.782,195.25
259.7,152.64,73.238,202.32
266.69,154.58,72.326,208.42
273.76,152.18,72.881,219.36
283,160.79,74.386,217.49
295.76,155.62,74.26,224.29
307.25,157.88,83.76,228.02
322.1,150.66,87.752,236.43
340.45,146.41,88.436,244.72
354.34,157.14,84.905,233.43
366.75,162.71,92.336,229.89
392.9,154.16,120.44,236.36
410.64,156.89,109.19,239.14
419.81,164.36,104.9,230.89
443.34,179.81,84.501,216.38
449.25,177.5,82.527,220.63
452.74,187.47,87.609,211.09
456.98,176.49,87.462,222.86
458.34,185.86,88.588,216.42
459.96,194.61,89.205,207.07
459.41,193.85,90.983,207.75
460.96,197.17,89.98,205.39
459.72,196.47,91.065,204.59
459.23,188.65,90.858,213.5
459.8,183.41,90.929,218.55
460.7,170.92,93.419,231.65
460.98,168.92,93.043,233.53
460.84,169.93,93.301,231.68
460.81,171.65,93.152,230.32
461,171.36,92.096,230.37
460.91,171.82,91.998,230.52
460.26,171.82,92.979,229.77
460.66,174.8,92.427,226.83
460.97,175,91.211,226.6
460.43,174.89,93.293,226.49
461.36,175.71,91.729,225.85
460.64,175.73,94.857,225.7
461.47,175.65,92.262,226.73
460.41,177.3,92.593,225.22
460.55,177.88,94.026,223.93
462.28,177.2,92.439,223.73
465.35,175.37,91.132,226.69
464.84,172.82,90.472,228.63
466.45,173.31,88.249,227.85
467.27,174.67,88.181,225.99
467.83,174.9,88.31,225.58
468.22,175.42,88.284,225.39
468.09,174.43,87.479,226.39
468.26,174.14,87.541,227.34
468.23,176,87.555,225.09
468.2,175.63,86.717,225.78
467.61,174.37,86.855,226.62
467.2,173.94,87.529,226.93
467.1,175.09,87.749,226.02
467.18,175.52,87.926,225.79
467.58,175.6,87.086,225.83
467.48,175.94,87.194,225.62
467.46,176.05,87.082,225.79
467.56,175.96,86.975,226.02
467.85,175.93,87.76,226.26
467.63,175.76,87.709,226.32
468.47,175.86,87.789,226.34
468.38,175.13,88.639,226.5
468.49,176.35,88.03,225.37
467.27,176.63,88.542,224.84
467.49,174.88,89.603,226.69
467.99,176.21,88.549,225.84
467.43,176.55,88.363,225.54
467.7,175.9,87.933,225.77
467.39,175.61,87.761,225.2
467.79,175.74,87.708,224.46
467.76,175.66,87.209,223.92
467.75,175.33,87.072,224.51
468.18,175.76,87.042,224.38
467.35,175.77,87.371,224.41
467.38,175.16,87.377,225.14
466.81,174.9,87.738,225.41
467.38,175.19,87.565,225.28
468.21,174.84,87.825,226.23
468.46,174.95,88.155,226.39
469.21,175.59,87.859,225.26
468.47,175.31,87.794,226.09
468.9,175.2,87.504,225.33
468.17,175.17,87.75,225.36
468.69,176.1,88.136,225.2
469.96,176.41,87.868,224.9
468.81,176.3,86.558,225.27
468.85,175.57,86.702,225.53
468.49,175.84,87.544,225.12
468.46,175.66,87.409,225.08
467.78,176.01,87.969,224.65
468.9,175.7,88.299,224.87
470.16,175.86,88.471,224.18
468.99,176.06,89.057,225.41
467.95,175.74,87.496,225.55
468.17,175.73,87.18,225.32
468.16,175.76,86.741,225.09
468.31,175.97,86.907,225.21
468.03,175.76,86.809,224.86
467.74,175.47,87.113,225.1
468.21,175.32,87.287,225.12
468.41,175.78,87.156,224.81
467.85,175.58,87.362,225.57
468.17,175.88,87.03,225.07
468.11,175.68,86.724,224.67
468.26,175.46,87.034,224.92
467.66,175.39,87.61,224.96
467.86,175.34,87.226,225.04
467.88,175.72,87.608,225.09
467.46,175.86,87.627,225.28
468.31,176.19,87.079,224.8
468.32,175.85,86.872,224.71
468.16,175.94,87.202,224.39
468.05,175.76,87.252,224.68
467.7,175.62,87.242,224.8
467.95,175.65,87.28,224.93
468.01,175.77,87.011,224.8
467.9,175.82,87.031,224.78
467.99,175.93,87.296,224.96
468.07,176.02,87.168,224.97
468.75,175.6,87.115,224.73
468.62,175.72,86.974,224.68
467.9,175.34,87.088,225.09
467.89,175.65,87.194,224.99
467.86,175.67,87.2,225.08
467.69,175.68,87.054,225.03
467.56,175.75,87.839,224.95
468.03,175.75,86.863,224.93
467.89,175.76,86.806,224.66
467.8,175.61,87.559,224.68
468.35,175.99,86.939,224.99
468.62,175.16,86.389,225.16
468.66,175.33,86.574,225.5
468.24,175.49,86.883,225.67
468.5,175.15,86.033,225.49
468.27,174.88,86.902,226.15
468,174.83,86.893,226.22
467.63,175.02,86.755,225.9
467.7,174.91,87.112,226.13
467.78,175.4,87.35,225.67
468.15,175.79,87.282,224.3
468.61,175.72,87.816,225.03
468.75,175.09,87.575,225.47
468.26,174.25,86.739,226.63
468.08,173.72,86.4,227.03
467.66,174.39,86.237,225.91
468.16,174.93,85.634,225.65
467.51,176.52,85.052,224.01
467.36,176.72,85.705,224.39
467.67,177.31,84.996,223.47
468.07,174.69,85.329,225.78
467.31,174.62,85.843,225.86
467.29,174.71,85.805,225.61
467.98,175.12,85.419,225.36
467.74,175.11,85.248,225.2
467.95,175.53,85.078,225.11
467.62,175.19,86.041,225.44
467.46,175.09,85.58,225.8
467.75,175.29,85.537,225.58
467.96,174.55,85.852,226.64
467.89,179.8,85.155,221.9
467.76,174.14,85.686,226.8
467.82,174.59,85.791,225.77
467.14,174.55,85.966,225.88
467.23,174.61,86.157,226.12
467.23,174.67,86.561,226.36
467.34,174.65,86.451,226.7
467.4,174.54,86.025,226.71
466.49,174.73,86.648,226.58
467.57,175.07,85.633,225.58
467.02,175.05,85.924,225.37
467.41,175.11,85.625,225.5
467.61,175.09,85.465,225.47
467.56,175.28,85.607,225.31
467.61,175.44,85.285,225.29
467.79,175.55,85.5,224.92
467.57,175.27,85.791,225.2
468.07,175.48,85.324,225.77
466.96,175.34,86.397,225.84
467.11,175.21,85.566,226.22
467.29,175.37,86.007,225.92
466.95,174.96,86.139,225.56
466.94,174.93,85.899,225.81
467.61,175.49,85.731,225.16
467.6,174.63,85.805,226.12
467.33,174.71,85.899,226.04
466.7,174.65,86.004,225.96
466.87,174.67,85.807,225.88
467.59,175.12,85.521,225.89
467.01,175.46,85.679,225.75
467.33,175.01,85.913,225.66
467.39,175.07,85.903,225.98
466.79,175.07,85.888,225.63
467.57,174.96,85.864,226.09
467.2,175.1,85.798,226.13
467.63,174.71,85.555,226.87
467.81,175.09,85.472,226.74
467.56,174.87,86.172,226.82
467.25,174.86,85.778,226.9
467.85,174.82,86.129,227.52
468.02,175.14,86.545,226.96
468.24,175.38,85.614,226.36
467.87,175.38,85.993,226.23
467.83,175.31,85.945,225.75
467.28,175.3,85.778,225.69
468.17,175.09,84.746,225.52
468.02,175.17,84.869,224.99
467.35,174.95,85.423,224.96
467.9,174.86,84.548,224.98
467.54,174.73,85.112,225.15
467.78,174.56,84.816,224.79
467.43,174.6,85.168,225.37
468.6,174.39,84.154,225.43
467.35,174.45,85.56,225.41
468.51,174.84,84.352,225.19
467.22,175.41,85.506,225.16
468.24,178.68,84.833,221.98
467.01,182.63,86.326,218.64
468.44,183.34,84.695,218.35
467.79,190.58,84.733,211.27
467.69,192.08,84.797,211.63
467.28,189.06,86.958,216.65
464.38,176.54,89.132,230.47
460.28,180.83,90.164,228.63
447.92,188.23,96.542,232.62
435.98,187.77,100.98,242.95
433.48,182.98,101.52,257.08
422.95,183.88,102.51,264.81
401.02,171.6,111.07,282.12
373.97,133.67,122.91,323.28
364.27,118.21,104.55,335.21
343.46,127.9,109.14,319.81
318.53,160.37,124.57,278.75
294.77,178.73,135.54,237.61
279.71,153.42,87.344,248.86
261.62,131.59,84.054,256.9
252.02,121.01,87.775,250.34
250.47,130.47,85.986,224.52
253.2,122.77,80.206,219.8
254.69,125.87,79.204,212.68
252.46,134.21,80.464,201.84
249.14,135.92,82.033,199.5
247.73,140.59,76.43,199.14
250.24,136.1,70.919,201.53
251.74,132.91,71.218,200.26
256.99,138.04,67.22,187.53
253.91,149.11,69.238,173.28
250.84,148.65,69.994,172.52
250.06,144.96,69.234,176.05
249.74,142.36,68.963,178.29
249.99,148.13,69.539,172.68
249.86,148.64,68.828,172.94
250.37,141.85,67.895,182.3
249.05,143.53,69.799,178.59
251.65,133.22,65.606,189.01
249.7,135.28,67.988,187.79
248.26,135.45,69.467,187.34
248.01,134.76,70.384,188.09
250.71,135.23,67.609,189.18
249.66,136.48,68.924,187.06
247.38,133.63,70.859,189.11
251.08,134.87,66.652,189.12
246.65,133.77,71.632,191.49
251.3,133.68,66.479,189.52
249.02,133.14,69.075,190.18
249.73,133.15,67.823,189.39
251.15,133.84,66.607,188.16
250.6,133.56,68.029,188.27
250.7,133.82,67.317,187.76
250.83,133.49,67.149,187.43
250.76,134.45,67.828,185.79
250.65,136.25,67.434,184.55
250.31,134.9,68.241,185.64
250.95,134.06,67.343,186.8
250.77,134.03,67.326,187.04
250.87,132.9,66.754,187.34
250.72,133.31,65.938,186.12
251.46,133.73,65.42,185.86
251.8,133.8,65.581,185.77
251.55,132.53,65.756,187.24
251.67,135.7,65.994,183.63
250.27,135.77,68.075,184.34
251.58,133.17,65.661,187.14
251.57,134.48,66.497,185.68
250.95,136.68,67.854,183.22
250.63,136.49,68.12,183.9
251.11,135.34,68.344,185.16
250.92,134.63,67.786,186.28
250.9,134.6,68.063,186.16
250.51,135.49,67.529,185.25
250.61,134.75,67.563,186.68
250.51,135.49,68.244,185.77
251.24,135.96,67.236,184.83
251.27,136.73,68.03,184.21
250.75,136.11,66.813,184.89
250.96,136.18,67.734,185.17
251.17,134.75,67.415,186.65
251.06,134.46,68.307,186.98
251.06,133.97,68.36,186.93
251.16,134.57,68.946,186.37
251.08,135.26,68.26,185.95
250.73,134.25,67.712,186.82
250.29,135.01,68.416,186.26
251.28,134.34,67.847,186.96
251.01,135.38,67.77,185.68
251.45,134.88,68.02,186.14
251.37,135.43,68.048,185.98
251.25,134.92,67.614,186.32
251.32,134.59,68.198,186.65
251.26,134.68,67.35,186.63
251.09,134.24,68.008,187
251.22,134.1,67.297,187.38
251.25,134.81,68.036,186.72
251.27,134.9,67.356,186.79
250.92,134.93,67.874,186.36
251.45,136.3,67.703,185.38
251.32,136.1,66.181,185.67
251.44,136.26,66.927,185.2
251.48,139.09,67.478,182.17
250.75,144.1,66.564,175.82
249.9,139.17,66.756,183.91
251.65,155.37,84.238,206.16
242.45,155.9,77.302,200.38
228.67,149.58,88.521,195.95
220.08,146.25,100.43,193.07
251.38,136.63,69.055,188
251.74,135.92,66.436,185.18
248.19,135.62,69.945,186.41
250.37,135.05,67.629,185.59
250.19,135.77,67.243,184.43
250.79,135.59,67.73,183.96
250.4,135.89,67.011,183.56
250.82,135.25,67.785,183.9
250.21,135.46,67.386,183.73
250.57,135.29,66.828,183.7
251.16,135.83,67.019,183.17
250.54,135.8,66.852,183.15
251.11,135.79,67.126,183.37
251.03,135.89,66.942,183.77
251.05,135.88,66.894,183.32
251.42,135.68,66.958,183.31
251.27,135.51,66.949,183.53
251.33,135.19,66.533,183.8
250.91,135.93,66.906,183.93
251.02,136.23,66.885,183.99
251.55,135.78,66.468,183.89
251.02,135.85,67.102,184
250.7,136.2,66.897,184.29
250.97,135.76,67.062,184.08
251.46,135.71,67.253,184.69
250.62,135.73,67.445,184.54
250.59,136.07,67.146,184.39
251.37,134.7,67.787,185.04
251.02,135.75,67.322,184.57
250.85,135.97,67.086,183.78
251.51,136.01,67.128,184.04
251.24,135.63,67.102,183.89
250.97,135.55,67.15,184.41
251.35,135.18,67.071,184.19
251.66,135.92,66.989,183.39
251.71,135.72,66.232,183.31
251.35,135.56,66.387,182.81
251.26,135.52,67.385,183.24
251.13,135.7,66.541,182.84
251.03,136.07,67.016,182.78
251.06,136.53,67.054,182.42
250.95,136.18,66.421,182.78
251.73,135.42,66.883,183.14
251.47,135.93,66.203,182.76
251.08,135.89,66.427,183.15
251.27,135.45,67.087,184.2
250.97,135.1,66.928,185.02
250.24,134.78,66.783,186.05
250.53,135.46,67.161,187.17
193.74,148.72,124.03,191.28
193.25,150.21,66.083,170.54
186.27,148.88,72.852,172.67
251.83,135.1,66.31,185.28
250.47,134.82,66.782,186.74
250.38,135.23,68.18,186.21
250.93,134.59,67.693,187.1
250.91,135.25,67.226,186.01
251.07,134.65,67.688,186.36
250.37,134.69,67.272,186.81
250.97,134.78,67.527,186.57
250.99,134.68,66.964,186.59
250.68,134.61,67.564,187.49
250.41,134.54,67.372,186.45
250.31,134.61,68.136,187.58
249.89,134.37,67.866,187.66
250.12,134.73,67.919,187.59
250.71,134.61,67.679,187.13
250.32,134.88,68.169,187.4
250.08,134.47,67.646,187.52
250.25,134.33,67.812,187.14
250.62,134.33,67.651,187.57
250.79,133.65,67.672,187.76
250.49,133.79,67.814,188.53
250.29,134.05,67.1,187.12
250.69,134.17,67.546,186.44
251.17,134.39,67.161,186.18
250.39,134.92,67.462,185.89
250.8,134.75,67.712,185.93
250.63,134.8,67.527,186.21
250.25,134.72,68.251,185.89
250.1,134.6,67.884,186.43
250.67,135.12,68.381,186.13
250.2,135.24,68.413,186.7
250.72,134.51,68.524,186.31
250.03,134.63,67.577,186.55
250.45,135,68.31,186.49
250.31,134.54,67.492,186.7
250.57,134.57,67.92,187.22
251,134.45,67.11,186.89
250.91,134.04,68.029,186.73
250.25,134.53,67.225,186.89
250.98,134.09,67.446,186.97
250.71,134.24,66.996,186.99
250.97,134.18,67.447,187.07
250.8,134.39,67.604,187.62
250.69,134.16,66.701,187.56
251.2,135.55,67.319,185.92
250.92,136.38,67.145,186.3
250.9,144.73,68.252,176.73
251.29,134.38,66.833,184.52
194.31,148.33,72.495,174.45
193.53,141.22,119.78,183.13
193.79,136.66,124.38,227.4
249.85,136.63,68.616,188.06
250.5,135.79,66.61,185.86
251.07,134.48,66.987,185.52
251.11,134.8,67.421,185.28
251.11,135.69,66.887,184.03
251.57,135.26,66.876,184.21
251.04,135.48,66.752,183.81
250.86,136.02,67.149,183.11
251.3,135.19,67.477,183.65
251.1,135.66,66.879,183.32
251.74,135.12,66.929,183.65
251.42,135.5,66.386,183.1
250.9,136.34,67.038,183.09
251.24,135.67,66.594,183.57
250.88,135.84,67.344,183.32
251.23,135.99,66.653,183.42
251.41,135.94,67.045,182.93
251.39,135.71,65.961,183.07
251.18,135.68,67.047,182.6
250.88,136.27,66.775,182.93
251.2,135.53,67.124,183.16
250.77,136.09,66.977,182.75
251.08,135.71,67.369,182.68
251,135.72,67.509,182.81
250.59,136.28,67.434,183.41
250.54,134.87,67.493,184.99
250.08,134.68,68.076,186.38
250.39,135.13,67.392,186.73
241.03,137.66,78.415,189.38
232.52,147,85.634,199.52
251.04,141.47,117.31,201.25
251.68,136.55,117.81,203.48
251.43,137.37,67.998,182.95
251.43,134.88,66.764,186.19
251.6,134.82,67.009,186.25
251.5,134.16,67.764,186.57
251.21,134.61,67.188,186.42
251.36,135.03,67.287,185.81
251.26,134.28,67.136,186.21
250.99,134.5,67.513,186.34
250.87,134.74,67.48,186.18
250.97,134.49,68.047,186.24
250.84,133.98,67.226,186.29
250.5,143.62,68.175,176.93
251.2,133.57,66.665,187.2
251.26,133.07,67.771,187.37
251.4,135.76,67.576,184.93
250.66,141.94,68.643,178.6
251.28,135.2,67.13,185.75
251.26,135.14,68.365,185.67
251.42,134.96,67.097,185.82
251.08,135.04,67.442,185.32
251.25,134.32,68.085,186.08
251.29,134.53,67.974,186.25
251.32,134.66,67.961,185.74
250.86,134.95,67.77,185.57
251.4,134.3,68.251,186.11
251.18,134.54,67.939,185.81
251.49,134.65,68.834,186.23
251.93,134.9,67.135,186.43
251.86,135.48,68.09,185.99
251.66,134.93,66.401,186.3
251.55,147.32,66.449,173.38
252.43,151.92,56.459,169.11
250.76,151.28,81.167,179.99
248.23,146.44,78.787,208.47
232.06,141.63,83.805,193.51
253.61,146.06,65.296,176.08
252.08,138.36,66.467,185.12
251.09,134.51,67.483,188.12
250.7,134.86,67.842,186.81
250,134.72,67.838,186.23
250.98,134.52,67.301,186.11
251.28,134.93,66.254,184.87
251.52,135,66.689,184.46
251.08,135.07,66.746,183.96
250.95,135.55,66.825,183.11
250.76,135.58,67.205,183.31
250.97,135.42,66.489,183.46
251.61,134.69,67.169,184.18
250.74,135.99,67.189,183.11
251.23,136.65,66.783,182.54
250.61,134.42,67.23,184.96
249.9,136.05,67.359,182.87
250.01,138.24,68.861,180.85
250.5,136.29,67.496,183.77
250.64,139.87,66.964,180.05
251.34,134.7,66.932,185.13
251.06,140.6,67.025,178.74
251.38,133.67,65.864,186.02
251.33,132.99,66.445,186.27
251.49,133.05,65.85,186.22
251.26,134.78,64.413,184.39
254.2,137.34,62.641,182
253.72,133.66,62.754,185.19
255.56,136.04,63.429,184.16
256.65,133.98,65.033,187.24
258.5,131.74,64.576,191.51
259.16,128.52,65.795,196.22
262.45,131.23,65.478,191.72
267.87,133.51,63.558,186.65
270.27,119.8,65.961,193.57
275.31,109.46,64.838,204.34
277.72,106.43,66.001,207.68
278.68,108.91,68.652,205.22
279.97,112.73,70.968,201.43
281.78,110.72,71.362,206.48
283.6,107.69,71.747,211.49
281.32,121.79,74.471,197.87
278.15,126.63,78.838,194.82
274.43,131.08,82.163,189.2
274.6,132.56,75.817,191.74
274.67,137.5,74.783,189.09
273.82,137.49,77.133,192.13
352.25,141.08,68.728,175.59
346.47,143.53,69.649,175.25
346.26,146.91,70.552,174.26
345.41,145.5,70.514,174.67
343.57,145.55,70.57,175.01
344.28,144.66,70.019,175.04
342.62,145.72,70.932,174.08
342.74,143.34,73.49,175.78
341.6,146.29,73.021,174.44
340.35,147.15,73.446,173.33
340.74,143.79,72.606,173.84
341.21,141.58,72.693,175.09
340.63,143.62,73.589,174.09
341.41,143.11,72.057,174.73
344.36,145.51,71.378,175.69
345.34,143.29,70.238,175.63
345.04,145.66,72.182,174.4
343.04,144.18,74.442,175.78
260.5,138.7,77.943,194.31
256.96,133.17,76.151,194.05
257.78,132.96,72.366,188.12
260.29,121.88,68.977,194.1
259.69,112.99,71.883,197.13
260.84,125.87,74.3,182.97
262.74,103.44,75.238,202.71
264.23,107.58,74.857,197.76
263.09,98.219,73.689,205.71
264.21,113.97,71.672,188.98
264.21,116.2,70.94,183.97
262.48,112.17,71.47,187.56
261.23,113.07,75.728,183.94
259.18,114.88,76.041,180.83
258.76,105.74,77.402,188.06
260.8,111.53,78.708,182.78
262.16,110.85,75.256,185.06
264.06,112.34,75.366,187.3
264.28,115.03,75.219,184.71
266.94,118.06,74.01,184.08
271.91,118.66,70.536,183.03
270.81,119.75,76.187,186.16
272.38,125.14,75.777,178.54
275.24,122.07,70.457,180.65
273.83,122.97,73.483,180.91
266,120.76,79.366,184.4
268.42,123.56,77.118,183.75
270.61,123.93,70.352,184.39
269.71,124.62,73.707,189.2
345.87,137.56,71.069,176.16
348.06,137.9,70.711,176.61
347.64,137.37,71.777,176.38
344.71,139.3,74.132,175.5
348.04,138.57,70.557,175.41
262.45,129.23,79.082,198.52
262.05,129.01,81.449,197.33
346.44,140.34,70.265,177.42
346.5,141.98,70.832,174.32
266.84,133.24,71.427,191.77
267.78,134.22,76.677,189.64
268.67,129.96,74.953,191.94
268.74,127.5,69.165,182.69
267.47,127.8,68.029,179.25
265.11,126.98,69.189,177.4
264.37,130.68,67.577,172.53
264.89,128.19,68.127,175.5
265.37,130.53,67.55,177.85
264.99,128.43,68.702,184.65
266.38,132.86,69.097,182.06
266.98,137.17,69.605,178.47
269.42,140.94,67.151,176.07
271.11,141.65,67.193,176.04
274.4,143.36,65.771,175.55
278.48,143.37,65.593,176.61
282.67,147.59,65.539,173.64
285.92,147.68,62.467,172.68
287.32,150.54,60.579,168.82
289.19,150.41,63.973,168.89
288.54,151.07,60.774,167.66
289.21,149.98,61.604,168.77
288.8,138.64,60.863,182.34
288.3,141.39,62.424,177.12
286.49,135.67,64.197,183.81
287.27,138.16,61.974,181.34
287.78,136.68,62.033,182.31
287.15,138.59,61.057,179.27
287.6,138.62,61.081,180.3
287.93,138.66,61.371,179.96
287.61,138.37,61.086,179.93
287.63,138.48,61.165,180.08
287.99,138.09,61.188,180.09
287.6,139.18,60.99,179.65
287.68,138.86,61.243,180.07
287.91,138.44,60.969,180.31
287.24,138.39,60.962,180.15
287.43,138.15,61.074,180.37
287.97,137.62,61.013,180.98
288,138.59,60.261,180.92
287.73,138.05,60.911,181.29
287.61,139.05,60.579,181.09
288.99,139.25,61.255,182.68
284.13,152.45,66.266,169.65
353.19,156.76,65.94,159.43
353.64,150.35,65.541,166.22
287.27,150.44,54.05,170.54
287.92,143.31,60.818,177.18
288.7,137.66,60.922,182.29
288.61,139.49,60.498,179.76
288.21,137.57,60.043,181.94
288.61,139.4,60.169,180.12
287.97,137.25,60.229,182.34
288.58,138.2,60.073,181.51
288.39,139.63,61.098,179.6
288.49,144.56,59.546,175.8
286.91,149.06,53.929,170.95
282.63,154,74.386,176.66
271.56,151,77.13,188.65
286.55,146.02,63.286,177.37
288.9,139.12,60.47,184.04
288.06,138.57,60.932,181.29
287.5,140.15,61.07,179.7
286.96,139.32,61.184,180.11
287.2,138.92,61.501,179.98
287.33,138.8,61.252,179.63
287.35,139.85,61.326,179.13
286.92,138.66,61.452,179.76
286.73,139.4,61.487,178.61
286.87,138.77,61.601,179.11
287.25,139.3,61.182,179.17
287.22,138.98,61.704,179.38
286.77,139.56,62.061,178.73
287.12,138.71,61.459,179.42
287.37,140.08,61.293,178.23
286.87,139.01,61.044,179.75
286.36,139.18,61.756,179.06
287.87,137.74,60.547,180.3
287.15,139.77,60.72,179.7
287.35,138.77,61.634,180.54
286.99,137.01,61.286,182.31
287.16,139.68,61.247,178.93
287.66,137.8,61.548,181.33
287.63,137.45,60.561,181.81
287.37,137.85,61.419,181.81
287.62,139.88,61.405,179.46
289.07,140.77,64.368,178.9
291.95,132.45,66.391,187.26
295.24,133.21,69.314,190.22
293.65,133.29,77.836,199.8
295.46,144.47,79.247,196.33
296.2,145.66,79.459,207.15
297.42,146.03,75.578,210.98
354.1,148.84,75.559,180.07
351.75,148.33,76.614,183.76
351.36,147.47,75.88,189.23
348.41,153.07,74.544,184.53
345.84,152.98,74.323,185.19
336.21,156.17,81.291,178.43
328.68,150.13,82.3,189.23
212.95,149.03,86.557,245.37
199.14,126.76,88.95,265.56
190.33,127.54,88.807,248.58
179.99,131.26,95.845,228.1
167.42,124.6,102.13,224.55
160.56,127.73,97.392,212.71
154.68,133.16,95.974,197.92
151.63,120.49,94.325,208.27
148.92,128.91,108.8,197.88
148.5,125.5,97.791,201.16
147.75,113.36,90.335,211.18
145.5,115.58,89.867,210.25
139.5,117.89,96.161,208.12
141.05,118.34,92.664,209.51
144.83,120.74,85.418,207.01
144.76,129.6,80.429,198.66
148.25,134.88,75.897,192.77
147.23,138.3,81.427,188.2
148.64,136.16,83.246,187.55
150.68,133.17,78.999,189.53
149.36,135.98,78.887,187.45
145.26,134.53,93.326,188.55
142.31,138.67,95.444,185.38
144.82,137.71,83.389,185.98
142.29,137.59,90.505,186.33
146.62,139.7,81.282,181.99
149.13,139.51,83.128,184.14
142.75,138.18,84.657,185.03
143.8,137.99,84.999,185.21
148,138.21,77.36,183
145.61,139.2,81.987,184.14
149.03,138.14,77.289,184.05
148.57,139.08,75.832,184.23
150.11,138.51,75.351,184.26
150.4,138.49,74.167,183.98
148.58,138.52,75.876,184.96
150.53,138.11,74.271,183.15
150.6,139.19,72.639,181.76
152.52,139.47,70.252,181.17
152.98,139.45,70.71,181.04
151.7,139.79,71.497,181.63
153.21,138.94,70.557,182.61
151.98,139.33,71.752,182.14
154.27,138.65,69.596,183.85
153.58,138.18,69.441,184.93
153,138.46,70.036,184.18
157.42,147.72,67.497,175.65
180.02,150.96,84.452,173.33
163.56,137.62,96.235,181.22
155.5,142.01,62.642,176.96
153.07,139.61,71.492,181.61
153.27,138.18,69.87,183.34
152.55,138.24,70.799,183.66
154.36,138.39,69.481,183.52
153.26,138.39,70.249,182.92
152.07,138.09,70.954,183.51
153.43,138.27,69.773,182.57
153.53,138.4,70.097,183.09
152.38,138.57,71.38,182.76
153.62,138.11,70.741,182.83
153.06,138.47,70.383,182.73
152.46,138.49,70.031,182.54
153.75,137.89,69.272,183.2
153.58,139.02,69.233,182.23
153.46,138.65,69.966,182.15
153.62,138.92,69.415,182.26
152.78,139.09,69.806,182.45
153.18,138.63,70.69,183.02
153.31,138.48,69.315,183.02
153.63,138.37,70.035,182.97
153.45,138.76,69.775,182.96
153.88,138.82,69.155,182.51
152.55,139.23,70.821,181.62
151.8,139.53,69.76,181.6
150.78,139.23,70.262,181.7
151.35,139.48,69.9,181.82
151.17,138.87,69.869,182.48
151.67,138.94,71.207,182.56
151.44,138.41,70.857,182.9
150.95,139.09,71.254,182.51
151.46,138.49,71.009,182.92
151,139.15,70.779,182.5
151.29,138.63,70.837,182.73
150.99,138.37,71.103,183.07
150.88,138.47,71.349,182.68
151.46,138.64,71.039,182.93
151.07,138.94,71.198,182.79
151.9,138.44,70.708,183.02
151.64,138.28,70.451,183.22
151.23,138.4,71.833,182.52
151.04,139.29,70.979,182.34
150.61,139.27,70.892,182.27
150.24,139.83,71.021,181.66
150.16,139.16,71.404,182.93
150.66,139.13,71.651,182.59
150.48,138.96,71.299,182.54
149.57,139.35,71.798,182.02
149.95,139.34,72.001,182
149.35,142.82,72.166,178.46
151.16,157.84,70.79,163.63
152.11,148.57,69.25,173.33
151.76,146.04,70.531,176.17
151.96,149.08,69.874,171.98
151.67,146.89,71.114,174.87
151.09,147.5,70.376,173.96
149.97,146.29,70.319,175.6
147.76,147.63,69.157,175.8
147.82,148.56,69.352,176.12
148.76,148.85,69.265,176.45
148.41,146.92,68.882,177.79
147.69,149.62,70.158,175.97
147.88,146.81,69.109,179.59
148.21,149.39,68.551,176.96
148.22,149.12,69.705,177.33
147.91,144.01,69.387,181.83
148.84,142.12,69.242,184.31
148.27,139.62,69.782,186.02
148.28,142.32,69.357,183.54
148.75,146.81,69.245,179.31
147.69,143.66,68.557,182.63
147.47,146.2,67.661,180.15
146.84,141.56,69.068,185.56
146.62,139.87,68.911,187.17
147.1,140.33,69.792,185.54
146.74,140.98,69.219,184.26
147.16,140.14,69.786,184.81
146.77,140.01,70.384,184.64
147.1,140.27,69.708,184.56
147.09,140.4,70.033,184.62
146.81,140.24,69.75,184.58
146.84,140.24,69.956,184.68
147.18,139.79,70.849,184.92
147.13,139.68,69.6,185.26
146.91,140.29,69.376,185.15
146.54,140.48,70.196,184.92
146.69,140.04,70.199,184.87
147.01,140.55,69.695,184.45
147.33,140.1,70.337,184.93
147.24,139.53,69.373,185.2
146.77,140.03,69.589,184.86
146.51,140,70.364,184.89
147,140.28,70.621,184.72
147.15,140.2,70.234,184.47
146.92,139.98,70.214,185.07
146.86,140.49,70.236,184.7
147.05,140.25,70.269,185.02
147,139.99,70.18,184.75
147.44,140.11,69.289,184.85
146.81,139.84,69.826,184.72
147.28,140.14,70.16,184.54
147.15,140.41,70.111,184.8
147.45,141.01,69.333,184.25
146.89,140.37,70.344,184.43
146.6,139.77,70.318,184.96
147.38,140.61,69.967,184.37
146.83,140.98,70.661,184.25
146.94,140.1,70.416,184.88
146.93,140.12,69.702,184.61
146.9,140.19,70.47,184.74
147.01,140.16,69.691,184.66
147.2,140.02,69.597,184.91
147.24,139.95,69.689,185
146.99,140.52,70.143,184.67
146.87,140.22,69.66,184.68
146.83,140.04,70.372,184.83
146.85,140.66,69.471,184.48
147.35,140.42,70.26,184.55
147.27,139.81,70.087,184.88
146.91,140.19,70.183,184.43
146.81,140.33,69.753,184.88
147.37,139.73,70.701,185.17
147.1,139.77,70.36,185.14
146.93,140.69,70.139,184.52
146.69,140.41,69.72,184.74
147.73,140.41,70.127,185.03
147.31,140.01,70.114,185.01
147.05,140.03,70.201,185.02
147,139.58,69.919,184.98
147.41,140.37,69.886,184.54
146.74,140.42,71.112,184.47
146.68,140.74,70.386,184.83
147.12,141.73,69.966,184.03
