85.034,54.034,63.034,71.034
87.012,55.474,62.899,68.546
89.267,56.952,62.357,67.834
91.166,57.107,61.866,67.782
92.867,57.791,61.793,67.123
93.06,57.815,61.445,66.906
93.158,57.696,61.317,66.802
93.553,57.878,60.728,66.299
92.58,57.43,60.955,66.136
91.906,57.588,60.674,65.784
90.581,57.491,60.538,65.497
89.737,57.378,60.424,65.232
88.531,57.96,60.275,65.287
87.328,58.422,59.87,65.059
85.812,59.2,59.652,64.613
84.2,59.102,59.497,64.789
82.804,59.773,59.126,65.005
81.511,61.041,59.135,64.889
80.265,62.07,59.169,64.359
78.803,63.387,59.237,64.604
77.917,63.971,58.893,63.973
78.012,64.3,58.99,64.677
78.011,64.756,58.914,64.263
78.613,64.503,58.926,64.266
79.313,64.536,58.743,63.938
80.183,63.787,58.317,64.212
80.875,63.498,58.692,64.328
81.892,63.428,58.615,64.142
83.098,61.888,58.701,64.461
84.784,61.036,58.905,63.746
85.854,60.734,58.449,63.789
87.487,60.496,58.691,63.765
88.73,60.172,58.822,63.853
90.077,60.006,58.594,63.652
91.128,59.95,58.729,63.491
92.411,59.365,58.469,63.78
93.816,60.022,58.613,63.006
94.617,59.533,58.562,63.249
95.415,60.043,58.393,62.906
96.231,59.661,58.48,63.044
96.555,59.174,58.692,63.491
98.012,59.145,58.686,63.111
98.175,59.805,58.528,63.097
98.514,59.641,58.714,63.268
99.567,59.877,58.963,63.269
100.13,60.477,58.759,63.244
100.45,61.275,58.646,62.897
100.28,62.007,58.961,62.937
100.97,62.282,59.142,63.088
100.87,62.629,58.853,62.823
101.04,62.641,58.738,62.582
100.54,62.187,58.845,62.767
100.45,62.468,58.748,62.434
99.854,62.62,58.859,62.267
99.306,62.848,58.881,62.37
99.006,62.686,58.472,62.228
98.698,61.391,58.777,62.695
98.108,61.578,59.032,62.653
97.345,61.152,58.818,62.729
96.901,60.812,58.637,62.808
96.592,61.261,58.478,62.663
95.657,61.226,58.694,62.947
95.576,60.709,58.51,63.213
94.581,60.519,58.441,62.89
93.545,60.579,58.461,63.046
92.577,60.958,58.377,63.118
92.046,60.653,58.113,63.236
91.058,61.364,58.013,63.549
90.527,61.132,58.24,63.289
90.067,61.463,57.75,62.8
89.361,61.243,58.207,63.14
88.2,61.379,58.041,63.33
88.479,61.294,57.868,62.855
87.714,61.41,57.825,62.837
87.263,60.886,57.788,63.159
86.745,60.513,58.247,63.181
86.107,60.594,57.852,63.514
85.774,60.641,58.007,63.319
85.323,60.431,58.316,63.195
85.354,60.326,58.405,63.424
84.616,60.792,58.396,63.062
84.634,60.643,57.909,63.445
84.421,60.272,58.251,63.502
84.852,60.04,58.005,63.577
84.26,60.643,58.328,63.084
84.193,60.074,58.121,64.013
84.117,60.346,58.094,63.708
83.97,60.424,58.072,63.55
83.965,60.748,58.154,63.476
83.961,60.344,58.077,63.497
83.511,60.797,58.207,63.258
83.331,60.288,58.261,63.551
83.84,60.28,58.158,63.454
83.108,60.712,58.472,63.159
83.217,60.141,58.337,63.574
83.122,60.254,58.063,63.37
83.141,60.816,58.038,63.004
82.795,60.813,58.065,63.542
83.178,60.897,58.093,63.61
83.243,61.186,58.167,62.859
82.736,60.817,57.945,63.488
83.105,60.785,58.054,63.4
83.259,60.926,58.051,63.777
83.027,61.053,58.07,63.428
83.268,60.414,58.542,63.777
84.255,60.709,58.142,63.486
83.75,60.705,58.237,63.511
84.185,60.529,58.475,63.613
84.139,61.144,58.3,63.926
85.331,60.627,58.121,63.77
84.943,60.727,58.237,63.802
85.346,60.885,58.016,63.987
86.159,60.386,58.445,64.33
86.532,60.464,58.376,64.022
86.999,60.506,58.247,63.828
86.876,60.285,58.374,64.395
87.434,60.506,58.594,63.933
88.034,60.417,58.267,64.49
87.981,60.692,58.246,64.135
87.983,60.438,58.245,63.74
88.081,60.714,58.453,63.647
88.631,60.882,58.036,63.865
88.96,60.271,58.077,64.071
89.115,60.745,58.401,63.766
89.364,60.711,58.029,63.754
89.75,60.46,58.508,63.789
89.646,60.551,58.499,63.56
89.803,60.451,58.374,63.682
89.421,60.69,58.651,63.866
89.333,61.095,58.68,63.645
89.07,61.37,58.29,63.522
89.105,61.608,57.99,63.659
88.248,61.973,58.208,63.668
86.857,61.971,58.522,63.708
86.467,62.467,58.026,63.242
86.845,62.214,57.753,63.347
86.286,62.526,57.74,63.428
85.095,62.844,57.741,63.499
85.14,62.488,57.809,63.406
85.117,63.012,57.573,63.453
84.759,62.638,57.457,63.466
85.343,63.407,57.275,62.967
85.092,62.902,57.93,63.619
85.645,62.6,57.953,63.524
86.233,61.412,58.483,64.631
86.605,61.259,58.535,64.59
87.136,60.996,58.036,64.703
88.222,60.05,58.247,65.473
88.424,60.338,58.546,65.627
88.55,59.983,58.838,65.508
88.522,59.921,58.792,65.284
88.778,59.827,58.549,65.169
88.072,59.571,58.89,65.268
88.562,59.279,58.726,65.262
88.409,59.623,58.474,64.7
88.115,59.144,58.763,64.441
87.871,59.035,58.68,64.456
86.979,58.901,58.702,64.504
86.961,58.758,59.026,64.603
86.237,58.873,59.034,64.344
85.634,58.854,58.945,64.527
85.331,59.043,58.982,64.333
85.026,59.066,58.914,64.187
83.928,59.16,58.922,64.154
83.132,59.121,58.773,64.247
83.179,59.068,58.634,64.648
81.978,58.69,58.793,64.831
81.173,58.552,58.625,64.681
81.101,58.393,58.453,65.077
80.468,58.267,58.565,64.699
79.994,58.396,58.056,64.55
80.143,58.393,58.053,65.026
79.54,58.454,58.286,64.762
79.146,58.393,58.709,64.691
78.79,58.385,58.666,64.739
78.99,58.103,58.636,64.949
79.269,57.74,58.604,65.142
78.783,57.955,58.673,64.641
78.997,58.119,58.817,64.655
79.587,57.945,58.392,64.375
79.908,58.295,58.604,64.14
80.436,57.938,58.698,64.345
81.13,58.288,58.674,64.304
82.268,57.86,58.855,64.551
83.342,57.87,58.648,64.207
84.494,58.674,58.815,63.834
85.317,58.509,58.916,63.825
86.651,58.469,58.944,64.167
88.003,58.576,59.491,64.367
90.175,59.056,59.512,64.401
91.502,59.223,59.388,64.411
93.055,59.83,59.428,64.188
94.556,59.669,59.384,64.295
94.8,59.204,59.749,65.173
96.163,59.463,59.918,65.022
96.772,59.613,59.705,64.859
96.941,58.731,59.882,65.475
96.992,58.666,60.47,65.445
97.03,58.683,60.478,65.678
97.309,58.734,60.717,65.697
96.637,59.11,60.703,66.196
95.755,58.433,61.354,66.734
94.331,57.667,61.436,67.185
93.409,57.127,61.575,67.379
91.763,56.317,61.514,67.63
89.762,56.183,62.125,67.605
88.672,55.557,62.386,68.497
86.648,55.183,62.563,68.826
85.376,55.217,62.36,69.501
84.142,54.547,62.136,69.884
82.297,54.966,62.265,68.836
80.189,55.048,62.716,69.16
78.999,54.845,62.751,69.028
77.774,55.743,62.763,68.612
76.644,55.414,62.768,68.921
75.712,54.466,63.071,69.493
74.782,53.86,63.495,69.398
74.937,53.662,63.376,69.643
74.721,53.162,63.65,69.553
75.306,53.179,63.28,69.576
74.791,52.806,63.864,69.664
75.48,51.824,63.754,70.01
76.487,51.445,63.576,69.722
77.453,50.355,63.68,70.411
77.665,49.859,64.088,70.551
79.2,49.834,63.701,70.258
80.602,49.073,64.197,70.669
82.008,48.861,64.34,70.759
83.592,49.043,64.659,71.095
85.986,48.979,64.359,70.995
88.368,48.46,64.477,71.479
91.442,48.396,64.971,71.733
95.29,49.054,64.858,71.567
99.661,49.053,65.367,71.784
103.5,49.559,65.516,71.823
109.25,49.741,65.615,71.921
114.65,50.267,65.598,72.007
120.67,50.699,65.307,71.879
126.39,50.117,65.475,72.272
132.35,49.659,65.925,72.116
138.76,49.002,65.827,71.977
144.06,48.849,65.679,71.663
149.3,48.617,65.718,71.221
154.36,49.143,66.011,70.81
159.58,48.75,65.785,70.449
163.77,48.456,65.434,70.494
167.76,48.175,65.959,70.606
172.24,48.24,65.75,70.102
175.65,47.799,65.539,70.289
178.1,47.993,65.629,70.458
181.09,47.6,65.814,70.485
183.43,47.792,65.879,70.496
184.73,47.922,65.924,70.573
186.49,48.183,65.489,71.191
188.26,48.374,65.576,70.646
188.87,48.24,65.851,70.814
190.02,48.38,65.482,71.025
189.72,48.761,65.871,70.617
190.03,48.944,65.842,70.455
189.85,48.827,66.059,70.444
189.14,49.498,65.43,70.17
187.79,49.525,65.59,69.868
186.91,49.911,65.371,69.642
185.25,49.594,65.354,69.945
183.74,50.396,64.899,69.526
182.29,50.239,64.896,70.068
179.7,50.489,65.264,69.586
177.37,50.778,64.931,69.08
174.19,51,65.219,69.222
171.24,51.356,64.768,69.314
167.6,51.16,64.777,69.88
163.81,51.718,65.125,70.475
159.67,51.324,65.037,70.631
155.46,51.952,64.753,70.593
151.17,52.385,64.911,70.752
146.68,52.037,64.87,70.649
141.7,52.476,64.383,70.468
137.26,52.83,64.139,69.972
132.4,53.177,63.274,70.017
127.3,53.281,63.515,69.237
122.27,53.833,63.545,68.869
117.11,53.665,63.152,68.738
113.02,54.293,62.642,68.711
109.28,54.29,62.758,68.339
105.1,54.371,62.851,68.456
101.11,55.311,62.463,68.061
98.761,55.788,62.309,66.975
95.682,56.168,62.166,67.229
93.2,55.746,62.252,66.949
91.336,56.276,62.306,66.768
89.078,56.063,61.908,66.519
87.801,56.404,61.396,66.525
85.551,56.25,61.424,66.387
84.857,56.472,61.427,67.062
83.435,56.405,61.494,66.67
82.542,56.184,60.786,66.177
81.561,56.347,61.291,66.571
81.814,56.115,61.374,66.034
81.403,56.541,61.021,65.949
81.609,56.478,61.066,65.93
82.082,56.136,61.255,66.473
81.914,56.331,61.371,65.956
82.994,56.075,61.222,65.991
84.21,55.899,60.868,65.853
85.698,56.031,60.91,65.91
86.801,55.943,60.563,65.726
89.009,56.15,60.745,65.793
91.222,56.391,60.677,65.977
93.635,56.722,60.915,65.294
96.31,57.251,60.509,65.369
99.134,57.216,60.16,64.916
102.19,57.329,60.822,65.1
105.77,57.742,60.963,65.3
110.05,57.544,60.583,64.858
114.42,57.617,60.539,64.641
118.77,57.742,60.371,64.875
122.94,58.621,60.244,64.64
127.5,58.686,60.089,64.624
131.99,58.907,60.17,63.851
137.5,58.748,59.586,63.985
142.49,59.209,59.888,63.787
147.29,59.014,59.372,63.423
151.83,59.271,59.811,63.852
156.17,59.761,59.538,63.314
160.99,60.099,59.773,62.836
164.74,60.809,59.639,63.461
169.44,60.859,59.869,63.226
173.46,61.071,59.524,63.062
177,60.761,59.673,63.663
180.26,61.307,59.291,63.328
183.85,61.007,59.604,63.788
187.32,60.97,59.684,64.04
189.77,61.15,59.736,64.003
192.57,61.091,59.842,64.381
194.92,61.028,59.638,64.283
197.29,61.026,59.951,64.016
199.65,61.832,60.013,64.127
200.89,61.721,59.952,64.336
202.54,61.337,60.259,64.35
203.47,61.823,59.875,64.209
204.74,61.417,59.588,64.582
204.85,62.13,60.146,64.086
205.51,61.42,60.2,64.943
205.67,61.061,60.344,64.812
205.42,61.221,60.207,64.684
205,61.186,60.241,65.088
204.34,61.152,60.25,65.095
202.95,60.694,60.655,65.307
202.32,60.798,60.621,64.941
201.34,60.329,60.592,65.132
199.47,60.425,60.676,65.25
198.11,60.04,60.898,65.153
197.09,59.58,60.296,65.331
194.42,59.687,60.952,65.166
193.05,59.336,60.892,65.681
190.26,58.602,61.462,65.906
188.15,58.126,61.458,66.072
185.51,58.293,61.727,65.584
183.26,58.005,61.592,66.179
181.12,57.82,61.287,66.173
177.8,57.702,61.995,66.388
175.45,56.861,62.077,67.39
172.32,56.457,62.494,66.995
169.26,56.655,62.669,66.932
166.46,56.512,62.804,67.342
163.3,55.889,63.597,67.927
160.37,55.604,63.173,67.766
157.46,55.106,63.597,68.744
155.17,55.345,63.443,68.947
151.58,54.353,63.939,69.449
149.35,54.507,63.605,69.855
146.73,53.759,64.031,69.265
144.91,53.224,63.889,69.676
142.33,53.716,64.172,69.215
139.77,53.832,64.051,69.034
138.15,53.766,64.233,69.923
136.07,53.393,64.538,69.832
134.42,53.365,64.147,70.134
133.31,53.119,64.26,69.452
131.82,53.958,64.372,69.352
130.91,54.001,64.519,69.724
130.22,52.642,64.529,70.768
128.56,53.664,65.399,70.234
129.07,53.398,64.787,70.321
128.29,52.32,65.129,71.861
127.93,52.721,64.849,71.439
128.47,53.287,64.825,70.714
128.44,52.925,64.681,71.451
128.93,53.232,64.757,70.83
129.09,53.005,64.945,71.509
129.52,53.109,65.078,71.373
130.66,53.007,65.16,70.706
131.4,52.451,65.21,71.149
132.82,52.127,64.828,71.44
134.23,52.524,65.195,71.235
135.95,51.433,65.279,72.686
137.23,51.205,66.357,72.632
139.76,50.227,66.073,72.609
142.71,49.592,66.256,72.517
145.48,49.346,66.699,72.993
148.93,49.094,66.552,73.185
151.5,48.826,66.998,73.437
155.38,47.686,66.702,74.691
158.35,47.442,67.674,74.428
162.72,47.916,67.672,73.921
166.88,46.661,67.761,74.843
170.38,46.378,68.515,75.001
174.56,46.168,68.404,75.128
177.67,45.396,68.493,75.253
182.25,45.061,68.75,75.637
185.4,45.287,69.119,75.273
189.07,44.813,69.444,75.73
192.82,44.762,69.389,75.444
196.57,44.467,69.301,75.664
199.74,44.554,69.411,75.589
203.25,44.547,69.359,75.674
206.22,44.088,69.712,76.123
209.28,44.055,70.07,76.094
211.73,44.308,70.032,76.291
214.16,43.706,70.352,76.661
216.54,44.135,69.967,76.599
218.88,44.464,70.105,77.169
220.93,43.61,69.942,77.537
222.58,44.773,70.264,76.664
223.72,43.72,70.743,77.025
224.25,44.306,71.039,77.038
224.66,43.989,70.918,77.132
224.83,43.5,70.944,77.523
224.99,43.28,71.405,77.688
224.73,43.769,71.451,77.673
224.17,43.424,71.426,78.013
223.43,42.964,71.249,78.237
222.27,43.02,71.271,77.917
220.73,43.092,71.419,77.598
218.89,42.592,71.745,78.09
217.82,41.952,71.692,78.644
215.38,42.475,71.808,78.029
212.6,41.662,72.236,78.318
209.82,41.691,72.306,78.115
206.75,41.314,72.452,78.274
203.33,41.12,72.102,78.391
199.65,40.797,72.264,78.04
196.2,40.321,72.211,78.302
191.74,39.125,72.072,78.839
188.01,39.559,72.326,77.801
183.32,38.354,71.838,78.827
179.08,38.494,72.861,78.119
174.41,38.565,72.015,78.738
170.27,38.227,72.901,78.822
166.17,38.22,72.402,79.036
161.9,38.513,72.439,78.633
157.98,38.727,72.723,78.454
154.04,38.609,72.755,79.069
150.21,38.263,72.866,79.26
146.66,38.616,72.973,79.247
143.85,39.271,72.754,78.63
140.81,38.889,72.614,79.283
137.46,39.389,72.918,79.055
136.05,39.164,72.234,79.224
132.48,38.912,72.687,79.597
131.56,38.948,72.511,79.398
129.55,39.094,72.808,79.5
128.06,39.316,72.353,79.198
127.26,39.955,72.457,79.388
126.1,40.046,72.346,79.43
125.8,40.032,72.42,79.66
125.38,40.35,71.998,79.637
125.85,41.557,71.736,78.917
126.45,41.683,71.593,79.458
127.18,42.004,71.291,78.88
127.86,43.282,71.424,78.721
129.01,43.753,70.998,78.574
129.78,44.435,71.108,77.885
131.83,44.63,70.232,77.668
133.9,45.754,70.159,76.742
136.03,45.62,70,76.699
137.68,46.239,70.096,76.312
139.8,47.403,69.407,75.83
141.69,47.674,69.206,75.601
142.97,48.52,69.177,74.755
144.87,49.845,68.951,74.432
146.03,51.299,68.531,74.085
147.38,52.023,68.282,73.264
148.54,52.95,68.052,73.273
149.71,53.339,67.285,72.709
150.62,54.418,67.108,72.221
151.53,55.038,66.828,71.648
151.91,56.073,66.443,70.881
152.87,56.15,65.906,70.558
152.59,56.355,65.717,69.955
152.69,56.309,65.356,69.844
152.85,56.857,65.458,69.756
152.72,56.872,64.966,69.297
151.6,56.573,65.232,69.188
151.4,56.338,64.952,68.844
150.93,56.794,64.6,68.34
149.05,56.807,65.115,68.63
148.63,56.471,64.497,68.626
146.84,56.621,64.96,68.526
145.41,57.598,64.484,67.946
143.85,57.978,64.251,67.494
142.45,57.839,64.221,67.537
140.05,57.966,64.22,67.467
137.96,58.585,63.692,66.563
135.3,59.313,63.438,66.255
132.75,59.274,63.434,66.424
130.34,59.089,62.945,66.24
127.52,59.815,62.882,65.968
124.51,59.806,62.468,66.187
121.36,60.191,62.313,65.803
118.06,60.298,62.157,66.109
115.07,61.425,61.58,65.229
111.89,62.368,61.43,64.918
109.43,63.048,60.723,64.676
107.17,63.887,60.703,64.377
104.09,64.066,60.433,64.661
101.31,65.157,60.255,64.036
99.506,65.461,60.102,63.861
96.953,65.837,59.562,63.587
95.571,65.83,59.303,63.549
94.037,66.748,59.102,62.746
93.04,66.103,59.216,63.195
91.528,66.334,59.178,63.264
90.531,66.974,58.298,62.345
89.048,66.312,58.396,62.235
89.054,66.095,58.385,62.164
88.279,66.704,58.28,61.567
87.5,66.612,58.16,61.638
87.605,66.788,57.575,61.353
87.384,66.417,57.772,61.021
86.831,66.708,57.616,60.51
87.364,66.439,57.478,60.496
87.158,66.771,57.574,60.271
87.941,66.558,56.884,60.268
88.031,66.558,57.193,59.87
88.725,65.718,57.03,60.272
89.724,65.892,56.507,60.045
90.178,65.608,56.769,59.816
91.503,65.83,56.533,59.528
92.404,65.388,56.39,59.216
93.733,65.408,56.501,59.552
95.012,65.288,56.51,59.787
96.402,65.209,56.473,59.355
97.498,65.328,56.733,59.26
100.14,65.195,55.886,59.622
101.53,64.784,55.951,59.277
103.38,64.517,55.784,59.762
105.88,65.1,55.653,59.199
107.73,65.072,55.857,59.338
109.78,64.441,55.773,59.514
111.98,64.171,55.759,59.355
114.82,64.277,55.703,59.196
116.92,64.757,55.369,59.03
118.8,64.388,55.489,59.066
121.37,64.687,55.665,58.973
124.19,64.714,55.78,59.164
126.56,64.866,55.394,59.053
129.24,65.122,55.489,58.609
131.49,65.051,55.456,58.839
134,65.715,55.794,58.542
136.55,65.506,55.807,59.009
138.93,65.895,55.352,58.86
141.01,66.238,55.473,59.16
143.26,66.571,55.679,58.949
144.71,66.485,55.367,59.089
146.64,67.05,55.854,58.999
147.98,66.607,55.569,59.123
149.55,66.845,55.553,58.88
151.11,65.998,55.476,59.376
151.98,66.591,55.67,59.233
152.55,66.04,55.895,59.382
153.45,66.591,55.963,58.981
154.43,66.385,55.877,59.797
154.13,65.748,56.437,60.055
154.73,65.753,56.339,59.84
153.99,66.181,56.775,60.108
154.46,65.964,56.916,60.344
153.78,65.458,57.113,60.657
153.06,64.912,57.322,61.065
152.22,64.812,57.832,61.149
151.59,64.882,57.825,61.158
150.7,64.596,57.999,61.506
149.52,63.709,58.205,62.013
148.3,63.865,59.061,61.761
147.07,63.008,58.891,62.318
145.91,62.417,59.172,62.568
144.66,61.822,59.252,62.811
143.12,60.723,59.825,63.318
141.17,60.485,59.727,63.192
139.91,60.044,59.845,63.664
138.37,59.358,60.205,64.021
136.48,58.859,60.721,64.407
134.68,58.955,61.059,64.744
133.12,58.596,61.105,64.935
131.24,58.69,61.425,65.11
129.89,58.078,61.455,65.664
128.4,58.293,61.852,65.401
127.79,57.47,62.217,66.085
126.85,57.34,61.775,66.208
125.93,57.124,62.588,66.795
124.81,57.266,62.468,66.936
123.74,56.68,62.887,66.978
123.84,56.781,62.865,67.088
123.08,56.848,63.3,67.065
123.47,56.781,63.154,67.591
123.24,56.853,63.471,67.631
123.41,56.192,63.65,67.908
124.08,56.449,63.98,67.606
124.4,56.306,64.083,67.932
125.07,56.514,63.995,68.503
126.27,56.3,63.324,68.181
127.36,56.744,63.409,67.934
129.26,56.864,63.662,68.209
130.69,56.849,63.828,68.038
131.9,56.266,63.793,68.13
134.07,56.128,63.893,68.033
136.52,55.868,64.207,68.603
138.21,54.881,64.433,68.826
140.89,54.541,64.881,69.396
143.16,54.504,64.511,69.182
145.95,53.609,65.029,69.267
149.65,53.496,64.503,69.197
151.97,52.983,64.754,69.128
155.77,52.747,64.727,69.269
158.67,52.009,65.077,69.862
161.97,51.403,65.182,69.756
165.48,51.035,65.199,69.746
168.3,50.795,64.878,70.163
171.82,50.362,65.338,70.606
175.1,49.639,65.129,71.077
178.33,49.463,65.574,70.972
181.45,49.121,65.936,71.412
184.62,49.103,65.616,72.001
187.13,48.519,66.068,71.778
190.26,48.841,66.002,71.878
193.04,48.559,66.289,71.948
195.54,48.615,66.222,71.968
198.28,48.573,66.426,72.301
200.61,48.852,66.07,72.576
202.73,49.29,66.484,72.183
205.03,49.391,66.411,72.363
207.28,49.098,66.313,72.752
208.54,49.144,66.418,72.387
210.08,48.698,66.366,72.686
210.9,49.004,66.607,72.653
212.08,48.649,67.109,73.201
213,48.346,67.181,73.18
213.07,48.696,67.226,73.089
213.87,48.105,67.264,73.687
213.61,48.14,66.763,73.1
213.45,48.261,67.613,73.429
213.63,47.91,67.585,73.713
213.39,47.289,67.641,74.013
211.88,47.161,68.103,74.292
212.01,46.738,68.374,74.74
210.89,46.863,68.415,74.551
209.97,46.947,68.701,74.783
209.23,46.77,68.653,74.956
207.78,46.393,68.82,75.008
205.8,46.367,68.574,74.87
204.1,45.728,69.004,75.394
201.99,45.29,68.795,75.634
199.46,44.659,69.143,75.774
197.12,44.807,69.012,75.299
195.1,43.975,68.762,75.324
191.56,43.342,69.037,75.453
188.57,43.249,69.346,75.433
185.03,42.644,69.583,75.786
181.95,42.465,69.591,75.789
178.28,41.695,69.961,76.208
174.47,41.155,69.992,76.458
170.42,40.742,70.308,76.579
166.9,40.286,70.343,76.612
163,40.314,70.527,76.686
158.68,40.234,70.599,76.68
154.78,39.536,70.635,77.197
151.59,39.45,71.074,77.111
147.48,39.221,71.162,77.368
143.89,39.651,71.864,77.797
140.54,39.356,71.321,78.061
137.48,39.397,71.574,77.834
134.08,38.995,72.019,78.118
131.11,39.841,71.505,77.75
127.9,39.799,71.672,77.974
125.17,39.825,71.721,78.435
122.32,39.759,71.862,78.836
119.63,39.594,72.21,79.052
117.32,39.216,72.496,79.302
115.27,39.533,72.648,79.527
113.3,39.756,72.406,79.253
110.65,40.069,72.524,79.322
109.55,40.298,72.536,79.395
108.59,39.95,72.471,79.764
106.91,39.657,72.337,79.615
106.3,39.574,72.301,79.289
105.12,39.511,72.071,79.419
104.97,39.653,72.378,78.964
104.27,39.718,72.079,78.83
104.35,39.671,71.795,78.962
104.98,40.242,71.653,78.357
105.27,40.419,71.453,78.101
105.41,40.056,71.507,78.514
105.99,39.876,71.408,78.025
106.51,39.927,71.573,77.527
107.88,39.851,70.898,77.553
108.67,39.221,71.212,78.125
110.36,38.976,70.942,77.831
111.67,40.293,71.049,76.606
112.81,40.852,70.672,76.105
114.43,40.567,70.831,76.883
115.64,41.841,70.686,76.342
117.3,41.104,70.624,76.933
118.57,42.324,70.599,75.884
120.32,43.416,70.416,75.096
121.15,43.556,70.304,75.23
123.28,44.218,70.216,74.846
124.2,43.742,70.403,75.725
125.77,45.628,69.665,74.609
126.99,45.202,69.837,75.547
127.73,46.145,69.517,75.071
129.35,47.529,69.644,73.923
130.08,47.393,69.224,74.393
130.08,48.232,68.95,74.337
130.99,48.025,68.954,74.359
131.54,47.849,68.687,74.18
131.16,49.115,68.969,73.417
130.65,48.198,69.267,73.994
130.79,47.89,68.505,74.279
130.26,48.392,68.536,73.614
129.51,48.311,68.563,73.544
128.14,48.094,68.146,73.022
127.28,47.868,67.968,73.236
124.67,47.97,68.122,72.708
123.59,48.765,68.177,72.106
120.84,48.229,68.058,73.346
119.09,48.389,67.852,72.855
115.12,47.872,68.07,73.153
112.67,48.493,67.531,72.477
109,48.931,67.622,72.352
105.33,48.236,67.996,73.398
101.81,48.682,67.386,72.619
97.52,49.251,67.493,72.216
94.232,50.304,66.533,71.675
89.7,49.964,66.354,71.925
85.125,51.083,66.194,71.457
80.705,51.466,66.22,71.443
77.065,51.179,65.584,71.618
72.118,52.508,65.695,70.664
68.566,52.616,65.619,71.018
64.974,53.467,65.362,70.438
61.545,53.035,65.563,70.996
58.829,53.612,65.238,70.557
55.947,53.497,65.351,70.654
53.313,54.61,64.904,69.654
52.475,54.928,65.095,69.579
50.595,55.65,64.678,69.149
49.689,55.091,64.829,69.441
48.48,55.755,64.457,68.973
48.124,55.966,64.498,68.926
48.347,56.054,63.941,68.586
47.577,55.446,64.416,68.771
47.775,55.182,64.245,69.164
48.596,55.274,64.077,68.812
49.219,56.083,64.02,68.484
49.43,55.661,63.671,68.452
50.539,56.041,63.429,68.128
51.689,55.981,63.442,68.592
53.06,56.124,63.709,68.168
54.619,56.233,63.495,67.739
56.878,56.418,63.438,67.616
59.206,56.672,63.414,67.749
61.79,57.081,62.924,68.016
64.471,57.726,63.024,67.473
67.563,57.674,62.499,67.149
69.788,58.695,62.556,66.617
73.169,59.453,62.461,66.371
76.729,59.963,61.942,66.424
79.873,60.46,61.777,66.002
83.759,60.628,61.694,65.44
87.291,60.921,61.534,65.479
90.473,61.779,61.385,64.912
93.865,62.269,60.662,64.637
98.312,62.497,59.939,64.119
101.34,63.281,60.4,63.979
104.03,63.381,60.333,63.975
107.37,64.236,60.126,63.568
109.82,64.816,59.782,63.298
112.54,65.487,59.636,63.026
114.36,66.169,59.668,62.807
117.16,66.602,59.122,62.531
118.95,66.998,58.959,62.25
120.11,67.386,58.858,62.133
121.86,67.099,58.37,62.043
123.33,67.252,58.241,61.995
123.96,67.603,58.234,62.002
125.08,67.691,58.189,61.696
125.33,68.238,58.29,61.574
125.78,68.331,58.054,61.39
126.14,68.442,57.842,61.25
126.07,68.307,57.922,60.875
126.21,68.396,57.645,60.661
125.72,68.664,57.22,60.554
125.67,68.681,57.157,60.767
124.98,68.962,56.878,60.397
124.58,68.872,56.969,60.43
124.02,68.711,56.404,60.297
123.08,69.989,56.475,59.913
123.04,69.551,56.263,59.98
122.57,71.071,56.11,59.626
122.57,71.545,56.066,59.76
122.34,72.01,55.674,59.571
121.62,72.397,55.494,59.348
121.92,72.868,55.742,59.195
121.49,73.259,55.614,59.122
121.93,73.512,55.513,59.471
122.95,73.718,55.384,59.013
123,73.961,55.518,58.882
124.31,73.888,55.327,58.946
125.47,74.298,54.857,58.284
126.08,73.643,55.141,58.503
127.36,73.522,55.18,58.728
128.92,73.718,55.127,58.974
130.46,73.718,55.098,58.185
132.22,73.144,54.881,58.426
134.33,73.216,54.969,58.17
135.85,73.495,55.022,58.021
138.64,73.02,54.942,58.087
141.21,72.405,55.055,58.156
144.13,71.916,54.964,58.75
147.75,71.736,54.913,58.573
150.18,71.405,55.044,58.247
154.61,71.729,54.838,58.036
157.4,71.762,54.851,58.098
161.52,71.711,54.757,57.937
165.37,71.258,55.323,57.9
169.23,71.551,55.172,57.931
172.38,71.559,54.874,57.883
176.38,71.443,55.391,58.154
179.7,71.225,55.604,57.971
182.6,71.594,55.465,58.358
185.66,71.435,55.313,58.132
189.04,71.169,55.47,58.147
191.85,71.214,55.559,58.227
194.09,71.335,55.637,58.392
196.54,70.773,55.578,58.517
197.97,70.574,56.209,58.922
199.84,70.358,55.964,59.179
201.9,70.537,56.186,59.152
203.2,70.051,56.466,59.171
204.28,70.212,56.398,59.539
205,70.37,56.936,59.844
205.73,69.661,56.72,60.433
206.6,69.713,57.064,60.792
206.93,69.921,57.563,60.805
206.79,69.579,58.113,61.21
206.38,69.78,57.84,60.684
206.36,69.631,58.002,61.302
205.98,69.926,57.935,61.049
205.39,69.561,58.157,61.488
204.93,69.283,58.24,61.83
203.08,69.082,58.722,61.837
202.38,68.539,58.52,62.21
201.15,67.913,58.433,62.204
198.95,67.531,58.691,61.999
197.11,66.981,59.063,61.882
194.58,66.461,59.159,62.119
191.9,65.866,59.67,62.564
189.18,64.844,59.9,63.027
186.82,64.483,60.457,63.064
183.13,63.58,60.394,63.63
180.89,62.72,60.624,63.949
177.98,61.052,60.654,64.423
174.8,60.564,60.993,64.208
171.56,59.751,61.154,64.672
169.08,59.005,61.373,65.233
165.71,58.438,61.656,65.255
162.94,58.89,61.877,65.173
160.03,58.123,62.116,65.575
158.11,58.213,62.297,65.891
155.79,58.108,62.323,66.075
153.84,57.951,62.253,66.042
151.6,57.517,62.608,66.404
150.4,57.322,62.398,66.471
148.8,57.081,62.498,66.642
147.69,57.372,62.043,66.247
145.87,57.17,62.785,66.732
145.04,56.982,62.986,67.15
144.37,56.602,63.272,67.734
143.93,57.297,62.988,67.562
143.26,57.183,63.146,67.934
143.14,57.454,63.648,68.003
142.73,57.191,63.567,68.031
142.79,56.914,63.828,68.488
143.16,56.847,64.328,68.612
144.03,57.183,64.161,69.052
144.35,56.809,64.574,69.292
145.54,56.343,64.594,69.55
146.6,56.595,64.417,68.944
147.02,55.441,64.947,69.848
147.83,54.557,65.129,70.621
149.14,53.99,65.122,70.222
150.39,53.205,65.331,70.945
152.37,52.877,65.445,71.037
153.62,52.229,66.083,71.534
154.99,51.296,66.77,72.174
156.25,49.906,67.388,72.594
157.97,48.753,67.317,73.211
159.49,47.511,68.053,73.891
160.97,46.675,68.727,74.23
162.99,45.46,69.144,74.743
164.43,44.383,69.383,75.391
166.39,44.147,69.553,75.699
168.37,43.483,69.701,75.796
170.1,43.13,70.106,76.251
171.79,42.7,70.343,76.949
173.01,42.585,71.232,77.618
175.02,42.306,71.414,77.978
176.3,41.005,71.561,78.815
177.35,41.351,71.947,79.06
178.28,40.306,72.566,79.298
179.42,39.804,72.612,79.523
180.02,39.256,73.345,79.916
181.07,39.151,73.115,80.05
180.47,38.441,73.612,80.325
181.15,38.493,74.234,80.611
180.76,37.495,73.98,80.793
180.39,37.557,74.885,81.192
180.08,37.133,75.005,81.858
179.22,36.848,75.005,82.228
177.73,36.21,75.661,82.737
176.28,36.395,75.624,83.325
174.7,36.069,76.131,83.909
172.67,35.962,76.407,84
169.94,36.089,76.662,84.364
167.18,36.032,77.039,84.714
162.72,35.861,78.078,84.996
159.44,34.529,78.198,85.884
155.1,33.055,78.851,87.094
152.14,32.356,78.82,86.789
148.19,32.451,79.143,86.686
143.48,31.477,79.337,88.004
140.33,31.567,79.245,87.582
136.03,31.529,80.174,87.766
131.76,31.535,80.144,88.561
128.17,31.236,80.684,89.03
125.08,31.371,81.014,88.905
121.88,30.384,81.202,89.51
118.23,30.118,81.414,89.732
116.25,30.459,81.404,89.069
113.53,30.499,81.658,88.949
112.07,30.491,81.469,88.635
110.13,31.172,81.298,88.17
108.84,31.447,81.095,87.964
107.84,31.628,81.1,88.039
106.93,32.539,80.977,87.596
106.38,33.33,80.856,87.325
106.79,34.018,80.061,86.59
107.52,34.777,79.743,86.37
108.05,36.27,79.481,85.704
108.84,37.864,78.658,84.902
110.03,38.557,78.926,84.643
111.17,40.479,78.349,84.183
112.36,41.887,77.65,83.724
113.07,43.515,77.547,82.578
114.58,44.848,77.221,82.295
115.31,46.169,76.592,81.532
116.11,47.015,76.641,81.335
116.46,47.235,76.038,80.029
117.16,47.59,75.381,79.684
117.56,48.134,74.724,78.573
117.71,47.628,74.376,78.382
117.75,47.814,73.898,77.706
117.45,47.572,73.742,77.499
117.08,47.57,73.22,76.917
116.49,47.711,72.783,76.546
115.8,47.867,72.455,76.614
115.02,47.925,71.92,75.584
113.95,47.488,72.149,75.66
112.36,47.926,71.668,75.607
111.26,48.95,71.361,75.042
109.33,49.475,71.145,74.367
107.84,49.713,71.042,73.925
106.55,50.238,70.461,74.013
104.08,51.063,70.381,73.856
101.51,51.37,69.927,73.649
99.445,52.363,69.83,73.424
96.674,52.586,69.441,72.857
94.299,53.425,69.039,72.317
91.604,54.266,68.525,72.075
89.871,55.113,68.367,71.228
86.686,55.397,68.292,71.084
84.637,56.248,67.504,71.396
82.063,56.94,67.421,71.181
80.176,57.933,66.79,70.328
78.149,58.2,66.992,70.362
76.392,58.971,66.627,70.154
74.245,60.038,66.252,68.821
73.015,60.24,66.245,69.205
71.782,60.497,65.859,68.583
69.98,60.474,65.753,68.317
69.092,60.524,65.316,68.042
68.543,61.287,65.399,67.765
67.11,60.657,65.311,67.567
67.312,60.614,65.096,67.657
66.461,61.05,65.076,66.805
66.043,60.38,65.083,67.078
66.17,60.54,64.764,66.574
66.21,60.665,64.832,66.344
67.209,60.38,64.374,65.931
67.918,60.52,64.237,65.97
68.329,60.578,64.122,66.023
69.17,60.385,64.29,65.597
71.202,60.636,63.586,65.181
72.794,60.257,63.614,65.139
75.18,60.694,63.137,65.048
77.667,61.2,63.203,64.802
79.962,61.127,63.075,64.259
82.857,60.877,63.245,64.423
86,61.842,63.08,64.529
89.421,61.84,63.144,64.105
92.569,62.683,63.354,64.12
96.974,63.021,62.871,64.051
101.18,63.091,62.379,63.945
105.46,63.058,62.469,64.001
109.83,63.525,62.461,63.604
114.5,63.303,61.919,63.714
117.91,63.273,62.109,63.355
122.82,63.667,61.773,63.366
126.43,63.956,61.827,62.992
130.87,64.359,61.504,62.862
134.68,64.256,61.318,63.017
137.14,64.549,61.403,63.04
141.13,65.261,61.487,62.775
144.67,65.673,60.86,62.194
147.11,65.338,61.022,62.509
150.5,66.046,60.694,62.11
153.05,66.136,60.336,62.423
155.87,65.91,60.261,62.648
157.49,65.923,60.198,62.175
159.91,66.266,60.228,61.74
162.25,65.912,59.791,61.902
163.43,65.941,60.146,62.285
165.42,66.199,60.254,62.179
167.25,66.324,60.254,62.196
169.08,65.732,60.356,62.651
170.04,65.868,60.291,62.443
171.48,66.349,60.335,62.998
172.25,66.373,60.522,62.325
173.35,66.38,60.206,63.061
173.95,66.139,60.488,62.926
174.91,66.014,60.73,63.145
175.21,66.45,60.8,63.369
175.63,66.467,60.799,63.055
176.47,66.788,60.735,63.683
176.96,66.791,61.045,63.353
176.84,66.557,61.027,63.247
176.75,66.788,61.172,63.724
176.97,66.4,61.423,63.863
176.92,65.991,61.527,64.699
176.76,65.523,61.673,64.466
176.57,65.204,62.479,64.797
175.58,65.215,62.369,64.871
175.92,65.158,62.103,64.79
175.25,64.55,62.325,65.284
174.4,63.964,62.513,65.586
173.15,62.866,62.634,65.636
172.23,62.267,62.427,66.032
170.59,61.561,63.306,66.605
169.19,61.101,63.349,66.588
167.6,59.926,63.078,66.738
166.36,59.052,63.346,67.261
164.35,58.126,63.773,67.821
162.9,57.874,63.902,67.642
161.55,57.851,64.014,68.018
159.84,57.043,64.438,68.177
158.78,56.517,64.363,68.557
156.95,56.607,64.564,69.014
156.23,55.765,65.007,70.172
155.07,55.958,65.379,68.947
154.46,55.856,65.396,69.756
153.56,55.947,65.279,69.692
152.84,54.997,65.833,70.381
152.41,54.523,65.662,70.431
151.71,54.937,66.076,70.465
151.23,54.736,66.124,70.651
151.23,53.911,65.928,70.863
151.36,53.895,66.16,71.234
151.39,53.795,66.125,71.613
151.19,53.072,66.716,72.06
152.13,53.421,66.966,71.697
153.04,52.965,67.246,72.163
153.58,53.741,67.32,72.044
154.41,53.071,67.621,72.446
156.13,53.052,67.558,72.717
157.59,52.867,67.677,73.009
158.34,52.345,68.356,72.711
160.23,51.889,68.307,73.298
162.15,50.739,68.333,73.794
163.98,50.59,68.466,73.663
165.87,49.542,68.612,73.937
167.56,48.59,69.144,74.734
170.16,47.44,69.182,74.638
172.23,46.578,70.082,75.255
174.63,45.669,70.016,75.742
177.08,44.961,70.26,75.91
179.6,44.611,71.286,76.304
181.92,42.952,71.206,77.048
184.87,42.448,71.529,77.056
187.08,41.301,72.129,77.756
189.73,40.895,72.094,77.729
192.58,40.878,72.278,77.671
195.09,40.268,72.27,77.89
197.19,40.052,72.569,78.111
199.19,39.977,72.764,78.398
201.06,39.687,72.752,78.379
203.49,39.087,72.941,78.757
205.02,39.056,72.995,78.996
206.45,38.309,73.052,79.849
207.76,38.367,73.543,79.129
208.57,38.08,73.622,79.553
208.64,37.217,74.286,80.312
208.92,37.57,74.923,80.096
208.91,37.652,74.44,79.909
208.42,37.933,74.248,79.776
208.22,38.2,74.206,80.177
206.12,38.398,73.951,80.121
204.31,39.079,74.651,79.861
202.09,38.785,74.937,80.468
199.87,39.674,74.518,79.73
197.06,39.819,75.056,80.308
196.3,40.058,75.005,80.835
193.23,40.244,74.883,80.6
190.76,40.805,75.33,80.178
187.64,40.087,75.279,81.177
183.88,40.265,75.728,81.1
180.07,40.321,75.941,81.544
175.45,39.915,76.694,81.888
172.35,40.681,76.553,81.301
167.45,39.778,76.653,82.214
163.26,39.574,76.318,82.179
158.56,39.777,75.878,82.634
153.16,40.274,76.102,82.693
148.04,40.619,76.506,82.847
143.63,39.815,76.785,82.319
138.5,39.364,76.597,82.951
135.09,39.183,75.943,82.599
129.64,38.591,76.12,83.533
125.62,38.931,75.091,82.354
120.64,40.479,75.43,82.053
116.99,40.535,74.29,82.662
112.66,41.008,74.053,83.083
108.53,42.736,73.898,82.75
104.71,43.413,73.642,83.373
100.34,45.057,73.815,82.684
97.197,46.176,73.284,82.961
94.274,46.96,73.556,81.863
91.805,48.437,73.731,81.848
88.477,48.592,73.069,82.078
86.787,49.112,73.376,82.002
84.699,49.827,73.191,81.565
83.473,50.078,73.36,81.655
81.665,50.403,73.339,81.172
80.464,50.573,73.113,80.776
80.569,50.936,72.242,80.513
79.804,51.652,72.256,79.265
79.909,51.9,71.745,80.323
80.203,51.986,71.562,79.628
80.502,52.964,71.519,78.266
80.833,53.561,71.252,77.488
82.227,54.437,70.464,76.69
82.655,55.234,71.312,76.629
84.054,55.172,70.882,75.934
85.548,55.278,70.265,76.236
86.756,56.815,69.897,74.501
87.945,58.821,69.423,73.332
89.784,60.697,68.889,72.137
90.826,60.837,68.964,72.596
92.522,62.07,68.617,71.544
94.216,61.814,68.03,71.151
94.784,63.242,68.725,70.647
96.286,63.222,67.795,70.517
97.118,62.909,67.605,70.878
97.401,64.467,68.444,69.049
97.572,62.963,67.974,70.292
97.669,63.872,67.896,69.119
97.939,63.373,67.619,69.317
97.732,62.833,66.883,68.706
97.552,62.171,66.685,68.238
96.639,61.913,66.439,68.692
95.444,61.85,66.025,68.608
94.54,61.74,65.579,68.403
93.003,60.927,65.537,68.924
91.653,61.295,65.411,68.473
89.461,61.061,65.686,68.353
87.675,62.048,65.25,68.195
85.057,61.215,64.94,67.823
82.376,62.243,64.125,67.337
80.258,62.351,63.988,67.652
76.598,62.715,63.778,66.925
73.854,63.154,63.227,67.131
70.196,64.07,62.58,67.121
67.508,64.227,62.841,67.102
64.778,64.408,62.519,66.896
61.631,65.376,61.809,66.637
58.61,66.31,61.332,65.651
56.156,67.16,61.174,65.192
53.242,68.082,60.518,64.58
51.515,68.084,60.728,64.957
50.209,68.642,60.036,64.05
48.227,69.399,59.887,63.426
47.119,69.942,59.18,63.163
45.588,69.341,59.425,62.885
45.348,70.325,58.971,62.309
45.608,69.68,58.618,61.944
45.557,69.764,58.555,61.805
45.876,69.404,58.651,61.84
46.119,69.78,58.378,61.078
46.951,69.166,57.963,61.3
48.244,68.867,57.603,60.859
49.867,68.487,57.513,60.958
51.241,68.223,57.411,61.039
53.59,67.148,57.09,61.109
55.244,67.321,56.863,61.081
57.658,67.693,56.735,60.842
60.435,67.067,56.761,60.974
63.675,67.683,57.183,60.543
67.826,67.495,57.163,60.659
71.276,67.426,57.174,60.821
75.462,68.425,56.964,60.218
80.242,68.071,56.8,60.272
84.77,69.111,56.895,59.868
89.614,69.427,56.932,59.733
94.761,69.634,56.784,59.599
99.789,69.001,56.141,59.752
103.79,69.693,55.882,59.112
108.85,69.999,55.917,58.776
112.74,69.839,55.953,58.985
117.16,70.33,55.765,58.802
121.1,70.328,55.675,58.802
124.05,70.567,55.99,58.723
127.3,70.357,55.693,58.908
129.57,70.351,56.231,58.79
131.9,69.997,55.637,58.591
134.13,70.506,55.722,58.699
135.8,71.026,55.68,58.43
137.6,70.531,55.671,58.748
139.07,71.048,55.747,58.469
140.08,71.301,55.88,58.589
140.44,71.454,55.661,58.309
140.95,70.979,56.119,58.429
140.68,70.985,56.066,58.541
140.48,70.613,56.415,58.899
139.56,70.778,56.435,58.891
139.04,70.681,56.087,58.835
137.21,70.103,56.734,59.514
135.02,70.423,56.927,59.573
133.29,70.286,56.7,59.587
131.59,69.468,56.982,60.058
128.75,69.032,57.372,59.965
125.85,68.488,57.266,60.814
122.77,68.481,57.444,60.634
119.35,67.386,57.512,60.962
115.18,66.979,57.913,61.35
111.09,65.678,58.354,62.029
106.58,65.639,58.361,61.946
102.76,64.652,58.656,62.097
98.4,63.65,59.046,61.829
94.12,62.756,59.285,62.61
89.743,61.388,59.729,63.002
84.726,61.044,60.07,63.235
80.515,60.356,60.064,63.612
76.415,60.074,59.9,63.378
71.903,59.538,60.299,63.669
68.547,59.17,60.15,63.869
65.041,58.748,60.243,64.138
61.328,58.398,60.196,64.576
58.081,58.07,60.758,64.842
55.503,57.493,61.147,64.91
53.086,57.379,61.105,65.152
50.733,57.141,61.298,65.084
49.098,57.274,61.72,65.098
47.185,57.718,61.57,64.819
46.618,56.538,61.48,65.849
45.44,56.618,62.351,66.025
44.673,56.725,62.435,65.954
44.19,57.047,62.559,65.754
43.873,57.55,62.848,65.718
44.636,56.627,62.718,66.527
44.783,57.523,62.976,66.584
45.361,57.382,62.812,66.87
45.665,57.567,62.894,67.025
47.098,57.676,62.932,67.177
47.924,57.012,63.341,67.327
49.114,57.497,63.559,66.801
50.893,57.023,63.609,67.299
53.082,56.35,63.803,67.963
55.252,55.184,63.914,68.313
58.598,54.984,63.871,67.694
60.907,53.512,64.409,68.429
63.887,53.233,64.274,68.506
66.924,52.232,64.219,68.815
69.524,51.141,64.963,69.455
73.263,50.76,64.899,68.983
75.813,50.398,65.284,68.902
79.174,49.742,65.379,69.67
82.838,48.866,65.861,70.055
86.528,48.818,65.836,70.054
89.862,49.711,66.069,69.867
92.685,49.122,65.661,70.436
96.127,49,66.607,70.901
99.049,48.531,66.461,71.151
101.73,49.398,66.466,70.893
104.66,49.108,66.808,71.428
107.86,48.886,67.341,72.332
109.83,49.198,67.262,72.283
111.48,49.463,67.187,72.41
113.99,48.953,67.719,72.834
115.36,48.897,68.205,73.322
117.07,48.426,68.356,73.259
118.49,48.107,68.968,73.994
119.81,47.457,68.884,74.419
120.43,47.932,69.342,74.27
121.36,46.98,70.007,75.172
121.78,46.727,70.424,75.861
122.76,46.168,70.392,76.441
122.88,45.976,71.069,76.675
122.72,46.301,71.652,76.303
122.38,45.547,69.705,76.994
121.99,45.885,69.672,76.618
121.48,44.786,70.172,77.04
120.75,44.288,69.469,76.818
120.2,43.394,68.688,77.129
119.36,42.747,69.024,77.537
118.86,42.433,69.1,77.772
117.65,41.782,68.756,78.633
116.25,41.98,69.533,79.291
114.56,41.838,69.605,79.211
114.48,41.884,68.721,79.527
113.68,42.473,69.207,79.861
112.58,42.181,69.236,80.645
112.11,41.985,68.959,80.789
111.68,41.894,69.191,80.651
112.01,42.176,68.19,80.433
112.06,41.638,68.776,80.871
111.64,41.426,68.744,81.063
111.27,41.445,69.447,81.096
112.92,40.859,68.787,81.296
113.09,40.128,69.259,80.98
114.81,39.744,69.092,81.756
115.56,39.991,69.202,81.321
117.29,38.653,69.803,81.897
119.36,38.419,69.671,81.813
121.63,38.3,70.163,81.246
123.86,37.955,71.207,81.156
127.69,37.607,71.568,80.992
130.86,37.386,71.262,80.872
134.3,38.276,72.152,80.733
137.77,38.265,72.98,80.145
141.54,38.338,74.144,80.342
146.35,38.43,74.762,80.626
149.87,38.792,74.791,80.468
154.41,38.778,74.727,80.154
158.62,39.558,74.627,80.049
164.13,38.637,74.257,80.821
167.95,38.854,74.092,80.273
171.32,38.726,74.218,80.529
175.93,39.403,71.849,79.759
179.27,38.901,70.819,80.064
182.83,40.585,69.326,80.246
186.1,41.363,67.46,79.148
188.23,41.644,67.469,79.081
190.15,42.16,66.583,78.319
191.89,42.764,66.548,77.978
193.65,42.704,65.593,78.063
195.16,42.497,63.906,77.689
196.55,42.21,62.785,77.392
196.77,42.442,62.286,77.171
198.17,42.868,60.998,76.774
198.82,42.473,59.536,77.259
198.2,42.547,59.425,77.053
198.72,42.93,58.867,76.742
199.83,43.681,57.935,76.628
198.89,44.448,58.542,76.416
199.31,46.726,57.562,75.069
199.91,47.875,56.63,74.606
199.86,48.335,57.163,75.017
200.81,49.661,56.427,74.033
199.5,51.534,56.831,73.129
199.93,52.508,56.994,72.807
200.68,54.05,56.407,71.829
199.75,54.747,57.415,71.481
200.41,56.253,55.991,71.025
200.69,56.433,57.024,70.209
200.57,58.428,56.401,70.04
201.15,58.789,55.992,70.083
201.09,58.951,55.586,69.395
202.57,58.867,54.79,68.936
203.5,58.595,54.879,67.005
205.34,58.428,53.753,67.093
207,59.203,53.814,66.53
208.83,59.208,53.445,66.497
210.24,60.794,53.202,65.804
211.59,61.155,53.249,65.348
213.49,61.732,52.792,65.615
215.61,62.326,52.089,64.82
217.79,62.291,52.17,65.122
220.14,63.693,52.106,64.28
221.91,64.257,51.773,64.506
224.36,64.894,51.439,64.429
226.88,65.423,52.043,64.43
229.03,65.509,51.576,64.199
231.26,66.176,51.261,64.074
232.37,66.993,51.24,64.304
233.23,68.123,50.762,63.751
233.7,69.629,51.203,63.208
233.89,70.655,51.601,62.885
234.09,71.219,51.645,62.241
233.84,70.968,51.652,63.442
232.96,71.006,51.299,63.461
231.53,71.004,51.874,62.99
230.17,71.225,52.174,62.62
228.58,71.574,51.942,63.007
226.54,71.517,51.453,63.851
224.03,71.792,51.672,63.363
220.7,71.802,51.638,63.698
217.51,72.329,51.615,62.791
213.55,71.931,51.315,63.163
210.06,72.299,50.747,62.725
205.4,72.441,51.457,62.81
201.05,72.367,50.431,63.002
196.05,72,49.897,62.423
190.82,71.74,50.744,63.054
185.63,72.471,49.175,62.371
180.65,71.942,49.329,62.102
175.36,71.867,48.889,61.741
170.41,71.326,48.565,61.57
165.98,69.81,48.728,61.256
160.36,69.182,49.869,61.608
156.21,68.87,48.727,61.77
151.86,68.65,49.21,61.527
147.31,67.752,50.29,61.646
143.58,67.328,50.517,61.852
139.69,66.871,51.049,62.058
136.37,66.696,51.752,61.933
133.11,66.291,52.135,62.079
129.75,66.217,51.888,61.764
126.24,65.817,52.137,62.179
122.63,65.978,52.353,62.123
119.61,65.446,53.062,62.33
116.4,65.142,53.786,62.779
114.11,65.64,54.356,62.525
111.34,65.145,54.762,62.48
110.01,65.282,54.186,62.176
107.23,64.996,55.628,62.168
106.07,63.562,54.467,63
103.48,62.364,55.451,62.794
102.05,61.353,55.648,63.21
100.01,60.397,55.631,63.346
97.566,59.475,55.652,63.713
95.579,58.999,56.561,64.111
93.069,58.893,56.703,65.083
90.168,58.876,57.323,65.604
89.171,58.659,56.398,65.493
86.789,58.069,57.08,65.244
84.743,56.86,57.045,65.08
82.528,55.414,57.006,66.222
80.392,54.477,57.109,66.549
79.058,53.504,56.71,66.717
76.407,53.26,56.757,67.032
73.826,53.42,56.351,67.043
71.281,52.756,56.544,66.221
69.224,52.129,55.794,66.769
66.923,51.499,55.766,66.529
64.842,51.326,55.167,66.789
62.167,51.53,56.182,66.782
60.12,51.297,56.032,66.849
57.495,52.633,56.026,66.679
55.323,53.395,55.822,66.275
52.741,54.763,55.716,65.721
50.245,56.363,55.09,65.349
47.177,58.192,55.767,65.252
44.362,58.978,55.465,65.201
42.883,60.817,55.47,64.665
39.584,62.494,55.184,63.42
37.854,63.315,54.941,62.828
35.171,64.31,54.97,63.441
33.37,65.536,55.89,62.665
31.038,64.912,54.44,63.596
29.072,65.436,55.193,63.321
27.21,66.085,54.524,63.74
