319.29,185.29,67.288,56.288
316.9,184.23,67.086,54.542
314.08,183.36,68.05,54.871
311.6,181.78,68.51,54.76
310.15,181.03,67.242,54.982
307.89,179.85,66.956,55.346
305.36,178.79,68.393,55.362
304.15,176.41,68.137,56.408
302.45,176.01,67.416,56.088
301.12,174.97,66.994,55.778
299.49,173.85,67.599,56.718
297.66,172.11,67.184,57.069
296.23,170.68,66.27,57.357
294.71,169.37,66.17,58.533
292.65,167.73,67.312,59.148
291.4,166.12,66.52,59.184
289.93,163.55,66.609,60.375
288.58,162.02,66.777,60.971
286.7,160.86,67.475,61.261
284.18,160.04,67.162,61.691
284.08,158.11,67.131,61.675
282.74,156.2,66.577,63.235
281.18,153.81,66.437,63.824
279.21,152.27,67.416,64.077
278.37,150.3,65.672,66.128
278.63,148.7,65.375,65.695
278.07,146.83,64.571,65.511
276.86,144.85,65.589,66.075
273.45,143.76,67.475,66.014
273.21,140.62,67.026,67.761
271.22,138.94,68.001,68.418
270.72,137.65,70.813,67.05
268.25,135.74,74.038,67.077
268.55,133.5,70.97,65.874
267.39,130.95,72.967,66.143
267.31,129.19,71.617,64.456
266.69,127.45,71.352,63.275
266.43,125.79,71.849,59.84
266.09,124.39,71.103,58.704
265.62,121.7,74,62.201
265.97,120.05,73.74,58.909
264.18,118.25,75.126,61.187
266.41,117.19,72.692,61.428
266.57,115.37,72.289,61.311
267.4,113.62,72.568,61.904
268.92,111.99,71.191,61.362
271.27,110.88,69.668,61.478
277.65,108.6,63.97,61.951
286.13,107.96,55.674,58.244
287.31,106.36,54.923,56.279
288,105.12,54.158,56.643
288.88,103.34,53.892,55.977
288.13,103.1,55.388,57.832
286.9,103.44,57.466,58.302
278.26,102.53,66.269,58.368
280.35,100.03,65.245,61.798
285.06,99.75,62.985,59.985
275.34,99.664,71.303,56.978
272.31,100.16,74.478,53.563
277.74,98.929,69.714,51.669
273.7,98.102,75.544,58.567
287.39,97.673,63.522,62.415
292.01,97.981,59.258,60.481
293.48,97.281,57.9,60.599
292.87,97.361,57.149,59.957
293.77,97.023,56.747,59.755
293.85,96.222,57.59,59.297
294.3,96.334,57.137,58.691
294.38,95.326,57.599,59.218
295.42,94.479,57.184,60.047
294.35,93.568,58.975,60.87
288.47,92.032,64.991,61.248
288.04,92.027,65.95,61.098
290.59,92.038,64.478,60.2
291.52,91.924,63.967,59.019
293.12,91.105,63.687,59.681
294.78,90.399,62.471,60.027
296.56,88.513,61.886,59.671
298.36,88.009,60.648,59.493
299.28,88.093,60.431,58.329
300.45,87.855,59.559,58.761
302.11,85.763,58.829,59.361
302.8,85.744,57.879,58.706
303.6,84.937,58.315,58.073
304.36,83.785,57.567,57.906
303.56,83.313,58.965,58.424
304.34,82.207,59.165,59.501
305.16,81.625,58.874,58.865
305.77,81.39,58.492,59.911
306.66,80.779,58.612,59.855
306.38,79.931,60.987,60.692
308.49,80.028,61.68,59.344
310.09,79.661,56.384,59.887
310.98,80.129,54.106,55.552
311.65,79.663,54.38,52.116
312.54,79.232,53.052,54.051
314.6,78.816,51.397,57.785
314.31,77.509,50.892,58.827
315.41,77.462,50.005,55.845
317.08,77.084,48.247,54.535
321.71,77.327,43.229,49.097
320.18,76.867,44.31,49.235
315.66,76.962,48.432,57.734
318.84,76.744,45.327,53.357
317.28,76.893,46.989,59.258
308.15,77.173,56.417,60.497
309.96,77.111,53.817,60.511
308.94,77.083,54.976,60.817
308.29,77.39,55.292,63.09
309,76.096,55.662,64.697
314.16,78.11,50.134,60.067
313.69,77.761,50.599,59.483
313.99,78.522,50.961,60.047
314.13,79.322,50.874,61.813
315.94,78.773,50.564,62.649
318.33,78.56,46.966,62.985
319.55,78.847,45.418,64.026
320.94,79.511,44.008,64.678
319.76,79.547,46.098,62.794
314.16,78.545,50.511,62.233
312.42,79.337,52.761,65.621
314.44,80.022,51.71,64.707
318.26,81.246,47.743,58.649
317.6,80.203,47.315,62.848
316.3,82.16,48.445,60.955
317.15,82.053,47.196,61.852
316.52,82.596,47.673,63.986
315.89,83.7,47.585,62.478
315.6,83.42,48.441,61.679
314.75,84.918,48.947,64.588
315.12,86.301,48.481,62.156
313.88,86.821,50.26,62.848
313.85,87.716,49.788,58.196
313.58,88.267,50.1,64.088
310.96,88.482,53.051,62.97
308.77,89.379,54.16,63.644
310.94,89.794,51.675,64.466
310.54,89.337,52.625,66.754
306.09,90.392,57.725,66.327
310.7,90.562,51.004,66.509
310.68,90.362,49.811,67.833
303.47,91.421,57.373,67.351
308.05,91.406,52.845,67.255
304.24,91.631,55.733,67.238
301.58,91.529,58.782,67.445
300.14,92.612,58.904,66.971
300.17,91.563,58.365,68.018
299.71,92.158,60.115,68.376
294.61,92.624,65.6,67.951
303.13,93.545,56.907,66.2
297.67,93.545,61.096,67.952
302.44,94.66,54.811,66.004
303.95,94.746,51.335,67.242
304.9,95.564,49.781,66.545
304.91,97.311,49.67,66.809
304.44,96.848,51.874,67.216
295.85,97.709,62.813,66.564
292.18,98.309,69.942,67.629
288.34,99.103,73.336,66.778
289.45,99.377,72.844,66.664
293.94,100.09,67.518,66.614
297.66,101.15,61.462,66.31
296.81,103.47,64.725,66.519
294.82,104.04,65.003,66.761
292.92,104.11,67.78,65.357
288.27,105.26,70.655,64.345
293.31,106.13,62.69,64.661
295.48,109.46,56.769,61.445
294.37,110.15,62.213,61.1
296.34,110.56,59.15,60.993
292.81,111.69,60.238,61.391
294.06,112.55,55.57,60.996
293.31,112.33,56.938,62.608
290.77,113.8,59.33,62.192
290.47,115.35,58.006,63.038
290.99,115.07,58.107,63.221
290.98,115.07,57.904,64.312
290.19,116.42,58.585,63.841
291.12,116.98,58.089,63.826
289.57,118.4,59.749,62.208
284.77,118.13,64.411,63.761
284.97,119.48,65.505,63.237
285.51,120.11,65.568,63.052
284.39,121.68,64.246,63.851
283.59,121.88,67.22,62.477
277.11,121.79,73.61,66.197
275.86,123.14,75.942,67.344
281.26,124.62,72.99,68.143
277.23,126.35,76.619,67.466
273.74,126.09,79.638,68.12
273.89,127.24,78.164,67.932
278.59,129.29,72.661,66.935
278.85,130.31,70.309,65.433
280.37,131.72,70.185,66.359
282.26,132.59,68.409,66.597
281.66,133.04,63.126,66.862
281.18,134.68,54.575,67.064
280.82,137.53,56.509,66.414
279.84,138.88,54.418,65.67
278.33,142,56.167,62.026
276.58,143.95,55.497,61.69
278.27,145.59,53.987,62.105
278.12,148.04,53.59,64.628
275.67,150.26,59.099,63.431
273,151.72,63.095,63.987
273.64,153.54,68.451,65.107
271.16,152.65,65.778,66.53
275.2,158.21,66.039,62.576
271.22,161.01,68.404,62.427
274.71,162.46,68.204,64.182
271.93,163.57,69.213,61.742
273.15,165.62,65.956,59.607
272.1,167.24,66.218,59.07
270.75,168.62,67.078,57.181
270.89,170.44,64.717,56.334
269.01,170.61,65.125,55.702
268.77,172.68,65.627,54.976
268.77,173.32,65.359,54.58
268.7,174.81,65.666,54.198
268.44,175.06,65.636,52.591
267.23,175.56,66.321,52.769
265.56,176.07,67.25,53.726
267.08,176.86,66.432,52.041
257.01,176.78,76.021,53.672
262.6,176.45,70.344,53.811
264.16,176.79,68.694,54.134
262.3,177.14,66.15,54.376
263.54,177.01,68.182,55.305
