196.79,86.787,37.787,17.787
196.11,86.372,36.897,18.143
196.05,86.351,36.607,18.35
195.89,86.825,36.934,18.198
195.34,86.795,36.819,18.353
196.9,87.008,34.873,17.944
197.43,86.483,35.417,17.966
196.47,86.476,37.015,18.146
196.33,86.621,36.966,17.876
196.52,86.765,36.913,18.361
195.15,86.818,39.246,18.593
195.52,86.403,38.426,18.224
194.23,86.571,39.233,18.215
194.54,86.516,38.26,18.221
194.81,86.62,37.524,17.628
194.34,86.202,37.225,17.731
194.78,86.136,35.97,18.063
194.62,86.322,35.966,17.948
193.4,86.47,36.574,18.299
193.02,86.827,36.998,17.657
191.96,86.344,36.223,17.697
191.94,86.55,36.918,17.837
192.47,86.459,36.363,17.909
192.11,86.522,36.74,18.281
192.08,86.431,36.405,18.985
191.89,86.631,36.237,18.553
191.17,86.46,36.321,18.493
191.33,86.339,35.79,18.637
191.43,86.583,35.741,18.854
191,87.049,36.602,18.154
191.01,86.671,37.553,18.366
191.21,86.788,37.375,18.278
191.25,86.629,36.682,18.312
191.79,86.645,37.036,17.981
191.42,86.681,37.157,17.952
192.52,86.293,35.531,18.406
192.07,86.359,35.931,18.091
191.54,86.137,36.01,18.632
191.16,86.199,36.396,18.674
190.43,86.304,37.417,18.215
190.18,86.333,37.107,18.434
190.09,86.72,37.442,18.18
190.53,86.272,36.675,18.265
190.26,86.12,35.868,18.574
190.36,86.072,36.801,18.11
189.61,85.944,37.538,18.747
189.65,86.053,36.737,18.115
188.56,86.781,37.183,18.476
187.87,86.257,37.274,18.66
187.88,86.979,36.878,18.679
187.56,87.057,36.77,18.284
187.6,87.642,36.626,18.162
185.71,87.076,37.766,18.667
185.42,87.683,38.34,18.082
185.66,87.975,37.745,18.104
185.04,88.518,37.486,17.901
184.12,88.701,37.984,18.005
184.51,88.496,37.54,18.164
185.03,88.809,36.664,18.026
184.66,88.239,36.434,18.221
184.32,88.453,36.03,18.232
183.93,88.685,35.974,18.002
183.06,88.53,37.311,17.911
182.66,89.097,37.3,17.905
182.76,89.297,38.04,17.518
183.15,88.931,36.924,17.904
182.41,89.68,37.991,17.671
182.43,89.948,37.543,17.414
182.37,90.353,38.156,17.595
181.8,89.939,38.498,17.799
182.3,89.659,37.523,18.315
181.88,90.354,37.455,18.431
182.63,90.11,37.593,18.248
183.37,90.27,36.154,18.579
182.61,89.757,37.427,18.684
182.67,89.225,36.853,18.289
182.72,89.852,37.711,18.273
183.15,90.011,37.05,18.105
182.58,89.725,37.517,18.686
182.85,90.044,37.069,18.813
183.25,91.515,37.193,18.583
183.67,91.961,36.832,18.295
183.77,91.655,37.585,18.258
182.89,92.161,38.943,18.825
183.25,93.065,39.37,18.512
183.11,93.7,37.552,18.252
182.99,93.54,37.955,18.271
183.35,93.667,37.139,18.506
182.98,94.092,37.211,18.655
183.53,93.984,36.758,18.457
184.04,93.908,37.451,18.015
184.56,93.648,37.203,18.784
185.43,93.463,37.967,18.615
186.42,92.824,35.231,19.006
186.59,92.963,35.646,18.736
185.14,93.867,37.685,18.369
184.57,93.74,38.983,18.21
184.8,94.633,37.468,18.7
184.92,94.728,38.246,17.662
185.21,95.477,37.69,17.692
185.12,95.043,37.622,17.852
185.76,95.368,38.28,17.828
185.07,94.843,38.497,17.842
185.39,94.047,37.671,18.745
185.67,93.415,37.348,19.213
185.34,92.719,37.458,18.483
185.52,92.601,36.866,18.071
185.16,91.963,39.221,18.979
184.83,91.674,36.799,18.924
185.22,91.121,36.834,19.08
185.01,90.709,37.853,19.089
185.11,90.768,37.842,19.15
184.66,90.456,38.444,19.315
185.36,90.577,37.56,19.225
185,90.531,37.6,18.497
185.55,90.104,37.209,18.644
184.99,89.771,37.682,18.642
185.13,89.558,37.364,18.815
185.13,89.669,38.431,18.726
185.21,88.911,38.142,18.63
185.31,88.836,36.74,18.997
185.14,88.636,37.783,19.043
184.95,89.333,37.674,19.57
184.42,89.719,37.664,18.752
184.06,89.672,37.615,18.515
183.8,90.497,38.303,18.519
184.42,90.25,36.604,19.069
183.91,91.507,35.94,18.734
183.76,91.087,36.674,19.3
182.48,91.567,37.757,18.504
182.41,92.165,38.157,18.518
182.41,91.899,38.406,18.272
182.61,92.182,38.173,18.362
182.58,91.57,37.458,18.457
182.17,91.074,38.376,18.785
181.81,90.947,38.59,19.303
181.87,90.916,37.423,18.936
182.44,89.983,36.758,18.707
182.14,90.37,37.442,18.429
183.24,89.386,38.006,18.87
182.93,88.746,38.312,19.134
183.07,89.487,38.679,18.877
183.03,89.862,38.182,18.22
183.5,89.617,37.941,18.321
183.49,89.345,38.028,18.369
183.37,89.121,37.693,19.37
183.54,88.493,36.571,18.846
182.82,88.509,37.138,18.466
183.27,88.507,36.724,18.842
183.37,88.553,37.784,18.895
183.06,88.474,37.843,18.566
182.66,88.721,37.226,18.609
183.06,88.72,37.692,18.938
182.79,89.013,37.419,19.449
181.73,88.822,38.563,18.789
181.96,88.886,37.953,19.409
182.08,87.891,37.399,19.143
182.57,87.565,37.335,19.16
182.67,87.164,37.589,19.104
182.05,87.182,38.218,18.92
182.05,87.526,38.529,18.654
181.38,87.715,38.611,18.686
181.83,87.241,38.512,19.076
181.82,87.245,37.731,19.402
181.23,87.297,37.54,19.174
181.14,86.688,37.471,18.923
182.26,86.914,37.079,19.174
182.71,86.802,35.62,19.223
183.34,86.632,36.684,19.182
183.37,86.868,37.2,19.285
184.79,87.453,36.804,18.798
184.47,86.938,37.106,18.688
185.16,87.195,36.828,18.523
185.32,86.544,37.693,18.952
185.64,86.595,36.691,18.881
185.16,86.235,37.454,18.996
185.11,86.588,37.588,18.707
184.15,86.836,38.487,18.7
185.26,86.486,37.46,18.875
184.8,86.703,37.944,18.619
184.95,86.29,38.108,18.958
185.45,86.493,37.337,18.69
185,86.159,37.763,18.346
185.64,86.018,37.895,18.904
186.04,86.112,38.401,19.164
185.98,85.674,37.77,19.437
186.77,86.112,37.913,19.33
187.74,86.112,37.942,18.711
187.36,86.415,37.396,18.84
187.51,86.607,38.455,18.596
186.79,86.39,38.163,18.756
187.47,86.446,37.968,18.828
187,86.278,38.437,18.491
187.76,85.825,38.101,19.332
188.06,86.119,37.631,19.436
188.93,85.551,37.749,19.612
188.1,85.543,39.352,19.417
188.61,85.256,38.875,19.39
189.17,84.888,38.597,19.189
190.01,84.461,37.184,19.822
189.8,84.535,36.641,19.527
189.95,84.529,36.85,19.654
189.22,84.827,37.04,19.135
188.87,84.384,36.697,19.349
189.04,84.246,36.915,19.519
187.87,84.622,37.799,19.564
187.7,84.777,38.963,19.731
186.46,84.622,39.185,19.281
186.91,85.338,39.747,19.094
185.93,84.859,38.874,19.28
186.48,84.396,39.494,19.811
186.32,84.301,38.073,20.006
186.24,84.683,38.266,19.998
186.43,84.01,37.742,19.633
185.98,83.715,38.649,20.112
185.31,84.102,38.422,19.706
184.52,84.047,38.799,19.399
183.82,83.439,39.496,19.746
184.55,82.837,38.84,19.986
184.28,82.814,39.816,19.762
185.07,82.223,38.249,19.801
185.39,82.336,38.094,20.234
185.63,82.383,38.22,19.948
185.2,81.955,38.473,20.049
185.32,82.242,38.308,20.357
185.79,81.808,39.278,19.951
184.57,81.76,40.084,19.956
185.6,81.125,39.866,19.812
185.04,81.201,41.072,19.915
185.13,81.172,40.085,20.651
185.86,82.623,39.319,19.842
186.09,82.185,40.528,20.239
187.09,82.274,39.205,20.435
187.4,83.07,41.009,20.705
188.22,82.584,39.682,20.593
187.6,82.634,42.532,20.678
187.54,82.275,42.306,20.758
189.69,82.032,40.984,20.345
190.42,81.857,39.631,20.201
190.47,81.196,40.766,21.182
190.49,80.626,40.59,20.494
190.73,80.403,42.02,20.434
191.2,80.6,42.058,20.311
191.93,80.986,41.892,19.952
192.36,80.383,41.423,20.295
191.71,81.046,41.944,20.564
191.99,81.215,41.804,21.268
191.86,81.828,42.336,21.21
191.51,82.208,42.05,21.442
191.31,82.357,41.569,20.881
190.99,83,41.543,20.781
188.7,82.9,43.401,21.269
188.79,82.249,43.562,21.654
188.86,82.559,42.814,21.431
188.78,82.628,43.307,21.681
189.63,82.597,43.635,21.592
189.49,82.999,44.257,21.492
190.95,83.165,42.906,21.815
192.65,82.877,41.717,21.659
193.44,82.976,42.566,21.922
193.41,83.167,42.828,21.14
194.79,83.522,42.879,22.151
195.12,83.378,43.301,21.941
196.71,82.172,43.135,21.655
198.36,80.96,42.16,21.624
198.98,79.927,43.355,21.684
200.09,79.341,43.402,21.567
200.85,78.698,45.16,21.846
202.57,77.932,44.245,21.992
203.57,77.696,44.57,22.253
204.99,77.054,45.143,21.875
206.73,76.826,44.314,22.218
206.08,76.198,45.257,22.33
206.83,76.611,45.459,22.601
207.9,75.885,44.528,22.277
207.83,76.525,45.106,22.177
207.32,76.456,46.081,22.19
206.92,77.574,47.101,22.068
207.31,77.766,46.42,22.542
207.95,78.263,45.613,21.898
208.09,78.541,46.153,22.44
208.22,78.417,45.212,22.157
207.29,78.788,46.062,22.174
208.1,78.416,45.71,21.608
207.96,78.86,46.244,22.02
207.05,78.64,46.832,21.982
205.64,77.985,47.263,21.818
206.07,77.374,46.343,22.49
206.36,76.542,47.023,22.589
205.68,75.707,47.262,22.734
205.51,76.071,47.88,22.965
205.23,76.482,46.664,23.108
203.7,76.335,48.117,22.718
203.7,75.885,48.452,23.26
203.46,76.899,48.346,23.584
203.46,76.947,47.537,23.373
202.34,76.811,48.569,22.884
201.47,77.642,47.992,22.758
201.24,77.099,47.152,22.804
200.31,78.051,47.873,22.303
200.42,77.687,48.329,22.208
201.71,77.642,46.763,22.378
200.5,77.213,47.35,22.298
199.44,76.948,48.81,22.962
198.92,76.923,49.966,22.197
200.45,76.174,48.25,21.715
200.57,75.726,47.761,22.287
200.47,74.906,47.833,23.011
199.86,75.639,48.755,22.945
200.11,75.604,49.003,22.747
200.36,74.735,48.632,23.855
199.91,74.998,48.961,23.702
199.99,74.975,48.19,22.946
200.64,74.786,49.448,23.366
200,74.53,51.118,23.44
200.66,73.438,49.897,23.954
200.78,73.411,50.973,23.975
200.95,72.645,49.049,24.793
200.58,72.25,49.413,24.435
200.93,72.198,50.041,24.434
200.47,71.745,52.233,24.246
201.65,71.633,50.975,24.226
202.56,71.9,49.86,24.253
202.38,72.811,50.897,24.379
201.97,72.534,50.698,24.859
202.08,72.788,50.956,24.29
201.8,73.967,50.082,23.371
201.29,74.761,51.69,25.555
201.47,75.218,51.704,23.991
201.59,74.891,51.053,25.333
200.45,74.74,50.932,25
200.04,74.681,51.382,25.195
200.35,74.433,52.465,24.242
200.85,74.298,52.488,24.526
202.16,74.374,49.919,23.215
204.53,73.857,47.576,24.024
201.4,74.406,51.946,23.195
203.06,74.379,49.706,24.932
202.97,74.947,50.163,23.389
202.49,75.612,50.321,23.358
201.96,75.656,51.791,23.103
201.98,75.825,51.301,24.918
200.9,75.79,52.173,25.393
200.58,75.826,52.247,25.065
200.66,75.503,52.106,25.077
200.04,75.428,52.4,25.756
199.82,75.538,51.879,24.97
198.53,75.51,53.054,26.37
198.21,75.26,52.873,26.02
197.25,74.701,53.218,26.768
196.85,74.398,53.075,25.876
195.63,74.352,54.261,25.939
195.09,74.174,53.553,26.422
194.13,74.076,55.137,26.436
193.61,73.592,54.49,26.62
193.11,73.895,54.153,26.402
192.95,73.893,53.321,26.697
192.43,74.474,53.308,26.886
191.67,74.552,53.716,26.616
191.84,75.013,54.038,25.981
190.51,74.354,55.141,26.735
189.82,74.451,54.48,27.273
188.91,74.524,54.769,26.954
188.46,75.377,55.103,27.068
188.38,76.145,55.051,27.096
187.76,76.562,54.901,27.136
187.62,77.102,55.433,26.164
187.8,76.949,55.876,26.628
187.62,77.946,56.536,26.497
188.18,78.356,55.403,27.37
186.43,78.402,55.6,27.006
186.32,80.243,56.155,26.649
185.99,80.644,57.005,26.238
184.46,80.084,57.655,27.703
184.73,80.932,58.015,28.271
185.19,80.866,57.753,28.793
183.63,80.361,58.415,28.774
182.34,80.576,59.261,28.251
183.1,80.069,58.901,29.525
181.49,80.771,58.329,29.793
180.47,82.091,59.243,29.097
180.42,82.38,59.817,28.196
180.35,82.42,60.41,28.792
179.43,83.944,59.786,28.483
179.56,83.368,60.696,29.278
179.41,84.429,60.931,29.23
179.49,83.645,60.072,29.988
179.61,83.861,60.91,29.515
178.93,84.035,61.729,29.892
179.01,83.705,61.172,29.767
180.51,83.886,60.279,29.924
180.51,84.342,59.812,29.621
180.9,84.168,60.279,29.055
181.32,84.103,60.208,30.508
181.47,84.238,60.74,30.026
182.07,85.084,61.193,29.955
182.81,84.762,61.123,28.91
182.85,85.418,60.94,29.684
183.09,86.169,62.239,30.614
183.98,85.885,61.458,30.29
184.26,85.584,61.35,30.042
184.47,85.381,61.408,29.729
185.72,84.671,62.106,29.871
186.03,84.08,62.641,30.741
186.5,83.089,62.05,29.832
187.84,81.458,62.275,30.984
187.27,81.496,63.346,31.33
187.86,80.748,62.558,30.547
186.12,80.578,63.783,30.927
186.39,80.441,63.191,30.944
185.74,80.326,63.938,30.899
183.98,80.703,66.633,31.247
183.92,81.327,66.573,30.104
184.43,80.232,65.933,30.988
184.27,80.667,67.589,30.695
184.85,80.493,67.412,30.562
183.25,80.822,69.005,29.8
185.14,80.334,67.467,30.511
183.59,79.946,67.853,30.629
184.45,79.264,68.336,31.289
184.47,78.74,67.249,31.85
185.28,78.273,65.69,31.946
184.33,77.99,67.758,32.104
185.77,78.237,66.181,32.871
184.96,78.234,67.391,32.342
185.78,79.956,67.846,31.873
185.72,80.169,67.782,32.712
186.88,80.768,67.315,32.236
185.47,81.786,68.454,33.044
185.89,82.33,69.12,32.953
185.62,82.466,68.614,32.507
184.54,82.521,69.609,33.909
184.3,82.241,69.172,33.57
182.41,81.557,69.879,34.184
181.32,81.969,69.795,33.742
179.48,81.83,71.771,34.909
180.02,81.584,70.167,34.46
177.94,81.385,71.028,35.301
177.65,81.246,71.523,34.165
175.4,81.25,71.918,34.194
175,81.08,71.302,34.894
173.34,81.204,72.556,34.662
174.26,80.972,69.783,34.549
174.88,80.636,70.461,34.414
174.76,80.706,70.652,34.527
173.55,79.997,70.69,34.5
173.36,79.209,70.232,35.337
174.8,79.431,69.836,34.329
174.95,79.109,71.013,34.617
175.19,79.505,70.921,34.741
176.23,79.195,70.415,35.85
176.23,79.531,71.222,35.627
176.58,79.601,72.072,34.415
178.02,79.492,71.591,35.017
177.97,79.804,73.569,36.151
178.76,79.912,71.756,34.828
180.58,79.74,70.202,34.884
178.54,80.23,73.209,35.187
179.42,80.396,73.036,35.288
178.45,80.501,74.784,35.256
179.12,80.372,73.462,34.66
179.49,79.786,74.109,34.479
178.19,79.115,75.701,35.486
177.51,79.695,76.147,35.398
177.74,79.177,76.361,35.852
176.95,79.406,76.17,35.647
176.75,79.083,76.239,36.426
176.42,78.927,76.425,35.874
175.75,78.411,75.702,36.909
175.02,77.977,77.06,37.656
174.3,77.564,77.502,36.384
173.53,76.481,77.63,37.857
172.9,76.521,77.677,36.924
173.42,76.284,76.392,37.339
173.1,76.046,76.805,37.648
173,76.048,77.431,37.434
172.59,76.33,76.352,37.312
172.37,76.593,74.866,35.904
171.68,76.586,75.375,36.251
170.84,76.364,75.945,35.174
169.04,75.956,78.36,36.28
169.69,75.734,78.373,36.527
170.15,75.824,76.478,36.165
169.96,75.59,76.502,36.91
169.37,74.703,75.934,37.586
168.72,74.436,77.138,37.206
168.88,74.286,77.95,37.373
168.71,74.29,77.41,36.462
169.13,74.242,75.22,36.287
169.81,73.878,74.504,36.006
170.24,72.415,76.056,36.588
170.49,72.263,75.391,36.304
170.11,72.607,75.665,36.155
171.11,71.97,74.463,37.022
171.58,71.353,75.369,37.607
173.89,71.369,74.577,37.279
173.81,71.995,74.844,37.996
174.19,71.829,75.884,36.407
174.85,71.137,74.774,36.327
175.18,71.026,74.983,36.615
175.88,70.571,73.422,36.227
173.92,70.419,75.09,36.359
173.44,70.664,73.623,36.615
171.39,71.191,74.276,36.679
170.79,70.765,73.914,36.22
168.26,71.598,74.454,36.286
167.41,72.035,73.932,37.369
166.6,72.245,74.566,37.274
165.8,71.662,74.839,36.627
164.96,71.856,75.526,36.092
163.6,71.991,75.944,35.176
164.2,71.6,75.985,36.521
163.89,71.134,75.445,36.024
163.93,70.184,75.345,35.867
165.4,70.424,75.029,36.812
164.95,71.159,74.692,36.033
164.88,71.436,74.329,36.081
165.96,71.403,73.382,35.903
165.79,70.807,73.168,36.668
165.3,71.48,75.25,36.565
165.94,71.496,73.87,36.487
165.15,71.738,74.263,36.15
165.11,71.573,74.483,36.285
164.88,71.182,75.093,36.012
166.67,71.902,74.216,36.296
166.65,71.303,73.826,36.136
166.21,71.344,74.18,36.231
168.11,69.659,74.591,36.007
168.46,69.649,73.794,36.039
168.7,69.31,73.879,36.319
168.75,68.855,73.418,35.183
168.84,68.489,72.494,35.055
169.02,66.973,72.278,36.02
168.43,66.936,72.711,36.34
168.87,66.699,73.913,36.197
169.25,66.538,72.308,36.068
170.22,65.235,73.532,36.767
171.55,65.159,73.443,36.444
171.67,65.459,74.421,35.29
172.11,64.8,72.109,35.689
171.55,63.935,73.482,35.084
172.15,62.921,73.081,35.629
172.57,62.633,73.078,35.167
171.97,63.11,72.953,34.631
171.95,62.44,73.939,35.363
172.77,62.484,73.512,35.053
172.99,62.561,73.236,35.078
172.54,63.165,73.693,35.941
172.78,63.108,72.322,35.685
173.03,63.132,72.979,34.84
173.58,62.5,73.673,35.878
174.02,62.305,74.122,36.137
174.79,62.372,73.504,35.689
175.72,62.586,73.88,36.625
178.02,61.352,73.584,36.437
178.42,61.682,73.113,36.835
178.87,62.404,72.938,34.83
179.6,62.51,73.12,35.386
180.37,63.443,71.724,35.104
180.83,63.155,71.99,34.711
180.85,64.496,73.213,33.815
181.28,64.347,72.682,34.974
180.79,65.568,72.152,35.136
180.98,65.74,72.661,35.461
180.35,65.781,72.014,35.433
180.26,65.529,71.56,35.268
180.13,66.21,72.506,35.895
179.64,66.3,71.696,35.791
178.55,66.049,72.745,36.135
179.02,65.166,71.604,35.585
178.21,65.345,71.539,36.008
177.53,66.262,72.862,35.692
176.76,66.775,71.847,35.737
177.29,66.717,72.466,36.285
177.63,67.292,71.7,36.692
178.63,67.398,71.034,36.949
177.63,68.307,72.246,36.54
177.4,69.66,72.264,36.396
177.91,70.091,71.052,36.533
177.71,69.237,70.437,36.238
176.2,69.938,71.492,36.614
175.4,69.618,71.211,36.541
174.37,68.597,71.824,36.292
173.33,68.47,72.897,35.656
172.85,68.684,72.761,35.11
171.68,69.45,70.965,35.764
168.12,70.413,73.449,35.202
166.72,70.693,71.001,35.736
165.26,71.443,71.905,34.73
163.79,71.432,70.44,33.982
162.38,71.26,70.454,33.514
162.11,70.513,69.972,34.044
162.51,69.997,69.815,34.077
163.64,69.729,70.209,34.68
163.72,70.365,70.114,33.808
164.04,70.446,70.836,33.564
166.03,69.313,68.674,34.351
166.64,68.241,68.094,34.219
166.85,67.993,68.232,33.561
166.89,67.434,68.456,34.305
166.27,67.72,69.537,33.589
167.04,68.132,68.018,34.03
167.17,68.632,68.046,33.788
168.06,69.022,67.581,32.523
167.91,69.037,67.298,32.239
167.73,69.299,67.219,32.163
168.36,69.606,68.076,31.395
169.28,69.96,67.306,32.212
170.44,70.291,66.117,32.27
171.02,71.362,66.564,32.395
172.19,71.642,64.671,31.906
173.27,70.548,65.593,31.966
173.56,70.182,63.612,32.652
172.74,69.152,64.181,31.747
172.44,68.445,63.7,31.594
172.98,67.988,63.497,31.281
172.87,68.269,63.276,31.093
173.14,69.493,61.966,31.176
172.41,69.974,63.5,31.476
173.32,70.482,61.405,31.56
171.9,71.491,63.429,30.742
171.72,71.517,62.301,30.975
171.38,72.329,61,31.374
172.1,72.35,59.519,31.876
171.65,72.968,59.276,31.215
171.03,73.542,59.345,30.567
169.88,73.839,59.542,30.589
169.42,74.453,58.818,30.282
167.84,74.886,59.267,30.228
167.96,75.307,57.229,30.181
166.28,75.758,58.012,30.207
166.88,76.335,59.369,29.363
166.08,77.126,58.619,29.062
167.32,78.035,57.392,29.891
166.42,79.07,59.044,29.771
166.87,80.172,56.19,28.807
165.47,80.527,57.28,28.782
164.95,82.249,56.808,27.956
165.1,82.405,56.118,27.845
165.2,82.07,55.614,28.457
164.83,82.793,55.41,27.951
164.24,84.404,56.075,27.313
164.73,84.785,55.137,27.761
164.67,86.739,54.831,26.926
164.63,86.29,54.184,27.819
163.68,87.759,56.343,27.674
163.54,89.172,56.611,27.14
161.58,89.988,55.68,27.245
161.74,91.254,54.807,27.212
162.14,92.236,54.729,27.454
161.7,94.241,53.664,26.584
161,95.773,53.343,26.097
161.83,97.074,51.889,26.269
160.17,97.435,51.666,26.083
160.04,98.892,51.232,25.963
160.52,99.516,49.39,25.947
158.89,100.6,50.808,25.398
159.48,101.34,50.263,25.652
159.97,101.74,49.058,25.592
158.06,102.41,50.684,25.353
158.73,103.27,50.524,25.333
159.15,104.7,50.112,24.45
159.7,104.75,49.164,25.22
160.33,105.12,49.789,24.886
160.33,106.46,47.921,24.347
159.83,107.67,48.74,23.973
160.3,108.4,49.419,23.951
160.73,108.35,47.453,24.053
159.86,109.42,47.737,23.629
159.72,111.17,47.609,23.481
159.71,111.37,47.576,23.869
160.16,112.38,48.02,23.679
160.32,114.12,46.31,23.313
159.28,113.76,46.904,23.596
159.02,115.47,47.199,23.414
159.05,115.47,46.973,23.967
158.65,115.96,47.209,23.629
158.82,116.76,46.954,23.07
158.19,117.01,46.487,22.736
158.56,117.82,46.444,23.104
159.11,118.07,46.164,23.494
159.25,118.9,45.121,22.806
158.97,119.3,46.944,23.361
160.04,119.65,44.454,22.937
159.66,120.88,44.515,22.355
159.57,121.37,44.664,22.304
159.01,121.87,45.275,21.814
158.44,121.9,45.472,22.104
159.53,123.31,44.211,21.296
159.84,123.62,44.067,21.189
159.26,123.82,44.381,21.454
160.12,123.42,43.391,21.457
160.12,124.14,43.986,21.628
161.2,124.12,43.491,21.581
162.37,124.24,42.316,21.387
162.23,123.93,43.895,21.411
164.21,124.33,41.923,21.026
165.14,124.25,41.426,21.027
166.69,124.59,41.001,21.041
166.54,124.97,42.655,21.028
167.54,125.26,41.761,20.54
167.44,125.8,41.134,21.197
167.34,127.34,41.333,20.918
167.54,128.31,41.279,21.314
166.42,129.44,42.957,20.914
168.02,130.22,40.075,21.39
166.88,131.52,41.041,21.112
166.56,132.42,41.904,21.596
167.52,133.41,40.383,20.423
167.3,133.73,39.351,20.607
166.72,133.99,39.768,20.233
166.76,133.96,38.691,20.473
166.69,133.62,38.494,20.752
166.31,134.01,39.226,19.951
166.07,134.4,38.358,19.773
166.07,134.69,38.47,19.922
166.54,134.43,37.636,19.79
165.76,134.9,37.755,19.745
166.58,134.45,37.099,19.659
166.12,134.41,37.468,20.108
166.57,134.17,36.141,19.614
166.58,135.2,36.657,18.698
167.15,135.26,35.011,18.764
167.29,134.95,34.544,18.951
167.66,135.32,34.1,18.958
167.7,135.91,34.96,18.799
168.16,135.81,34.246,18.216
168.63,135.46,34.875,18.086
169.22,135.01,35.182,18.11
169.63,135.27,33.91,18.202
169.07,135.85,34.711,18.028
170.41,135.62,33.237,17.916
172.22,136.37,31.531,17.376
171.6,136.55,34.259,17.096
173.18,136.61,30.879,17.183
172.61,137.01,32.696,17.167
173.17,136.71,32.199,17.39
173.64,136.93,32.176,17.026
175.09,137.23,32.19,16.806
175.28,137.06,30.443,16.569
176.09,138.05,31.444,16.581
176.55,137.71,30.815,16.696
177.41,137.87,31.096,16.369
178.45,137.7,30.271,16.274
179.16,138.19,30.896,16.248
181.11,137.7,29.08,16.365
180.64,137.66,29.484,15.765
181.34,137.53,29.047,15.988
182.49,137.8,27.381,16.09
182.9,137.74,28.809,16.022
183.92,138.44,28.494,15.238
184.5,138.15,27.546,15.148
185.08,138.43,27.781,15.31
185.3,138.8,27.486,15.122
185.25,138.73,27.769,14.912
187.07,138.73,26.441,15.375
187.93,138.33,25.695,15.561
188.98,138.17,25.053,15.776
189.62,137.79,25.04,15.588
190.06,138.21,24.862,15.345
190.43,137.98,25.005,15.341
191.55,137.72,25.561,14.806
191.86,137.08,25.796,14.981
192.19,137.5,26.741,14.868
192.99,136.88,26.227,15.76
193.29,136.23,27.384,15.407
194.09,136.09,26.542,14.528
193.9,135.07,27.404,15.197
195.59,135.34,26.163,15.063
196.98,135.57,25.582,14.595
197.32,135.05,25.734,14.6
198.38,134.96,25.606,14.44
199.35,135.14,25.101,15.252
200.19,135.71,24.802,14.787
200.57,135.37,24.935,14.824
200.92,135.85,24.379,14.82
201.1,136.17,25.082,14.863
201.74,136.09,25.815,14.329
202.52,136.52,24.315,14.488
203.26,136.18,23.253,14.395
203.48,136.15,24.926,14.756
204.22,136.87,25.264,15.414
204.23,137.14,25.748,15
206.8,137.95,23.297,13.871
206.05,138.13,22.966,14.738
207.08,138.94,23.177,14.265
206.04,139.39,24.429,13.896
207.8,140.1,22.721,13.499
208.3,140.17,22.184,14.244
207.17,140.93,23.776,14.169
206.42,141.24,24.307,14.554
208,142.05,22.471,13.728
207.81,142.72,23.402,14.475
207.5,143.39,24.607,14.192
207.81,143.53,24.647,14.741
207.98,143.77,24.801,14.349
208.99,144.59,25.957,13.221
209.37,144.66,25.706,13.826
210.4,144.71,26.598,13.708
211.23,144.55,25.356,13.475
212.48,145.38,25.574,13.414
212.39,144.76,26.31,13.615
212.81,144.52,26.462,14.455
214.47,144.69,25.4,14.864
215.38,145.5,24.663,14.232
215.45,145.93,24.63,14.171
215.8,146.76,24.762,13.884
216.66,147.23,24.603,13.981
218.06,148.12,23.051,13.733
217.14,148.59,23.939,13.821
217.3,148.84,25.475,14.505
217.99,149.12,24.975,14.397
218.44,150.67,25.748,13.841
220.12,150.72,24.155,13.837
219.31,150.96,25.482,13.626
219.42,150.42,25.323,14.359
218.56,150.95,26.723,15.134
218.9,150.56,27.329,15.173
219.93,150.33,26.132,14.601
220.36,150.05,26.927,14.813
220.41,149.71,26.994,15.496
221.57,150.09,25.573,14.928
220.88,149.92,26.25,14.936
221.32,149.35,26.265,14.034
220.33,148.85,27.856,14.559
222.69,148.33,26.124,14.412
223.57,148.14,26.371,14.603
222.97,147.23,27.518,14.664
223.42,147.41,26.703,14.377
224.5,147.58,26.754,14.048
224.64,147.16,26.466,14
224.4,146.63,27.037,14.145
224.66,146.63,27.298,13.571
225.74,146.35,26.564,14.034
225.62,145.82,27.448,14.656
226.16,145.85,26.695,14.766
225.78,145.26,27.967,14.959
225.5,145.07,28.467,14.896
227.27,144.34,27.576,14.798
227.68,144.7,28.201,14.708
228.32,144.11,27.7,14.652
229.94,143.78,26.392,15.021
230.72,143.53,25.826,15.233
232.02,143.65,25.774,15.028
233.24,142.65,25.352,15.259
234.01,142.3,26.092,14.143
234.32,142.59,26.005,13.935
235.88,142.24,26.186,13.955
236.22,142.21,25.929,13.925
236.61,142.78,26.037,13.91
237.43,142.15,26.12,14.227
237.84,141.41,26.863,14.216
239.03,141.29,26.268,14.863
239.67,141.22,26.718,15.168
240.98,140.58,26.919,14.543
240.92,140.43,27.421,13.881
241.95,139.48,27.676,14.279
243.26,138.84,27.595,14.606
244.16,138.95,27.855,14.745
245.19,138.75,26.748,14.062
245.92,138.83,27.231,14.005
246.49,138.62,28.586,13.882
247.98,137.09,26.77,14.845
247.57,137.01,26.092,14.928
247.46,137.22,26.637,14.249
247.27,136.6,26.418,14.098
248.16,135.8,25.396,14.522
248.94,135.39,25.59,14.385
248.54,135.08,25.912,14.643
248.41,135.71,26.046,14.533
248.67,135.04,27.732,14.564
249.38,135.07,27.401,14.384
251.89,134.54,25.343,14.506
250.07,134.46,27.312,14.289
252.63,133.94,25.9,14.188
251.84,134.1,27.474,14.086
250.94,134.08,27.86,14.078
250.4,134.71,28.069,13.635
250.93,134.47,27.368,13.996
251.55,134.18,27.301,13.568
251.42,133.64,27.311,13.971
252.03,133.7,26.513,14.068
253.85,133.57,25.086,14.342
253.34,133.82,25.488,14.547
252.23,133.23,25.965,15.275
250.92,133.38,27.282,14.943
249.81,133.03,28.064,14.623
249.86,133.5,27.673,14.787
250.18,133.25,26.787,14.541
249.88,133.26,28.05,14.505
249.65,133.59,27.181,14.09
249.22,134.16,27.391,13.294
249.22,134.42,27.221,13.467
248.87,135.09,26.869,13.881
249.28,134.9,27.051,13.534
248.98,134.77,26.165,13.655
249.04,134.87,26.679,13.784
249.1,134.91,26.329,13.894
248.4,134.68,26.478,13.633
248.35,134.95,26.026,14.113
248.1,134.74,26.223,13.959
247.5,135.2,26.355,13.748
247.48,134.95,26.459,13.787
247.54,134.68,25.801,13.726
247.1,135.08,26.036,13.696
245.43,134.04,27.408,14.302
245.8,133.2,27.494,14.632
245.26,133.29,27.382,14.193
245.37,133.48,26.531,13.355
245.1,133.53,26.597,13.046
244.84,132.44,26.848,13.613
244.12,131.4,27.611,14.023
244.08,131.77,26.93,13.92
243.94,131.36,26.956,13.692
243.43,131.56,27.707,13.533
242.7,131.42,27.807,12.94
242.42,131.35,27.815,13.494
242.93,131.06,27.448,13.245
241.5,131.35,28.247,13.413
241.69,131.31,27.857,13.384
241.51,130.96,28.028,13.396
241.44,131.43,27.613,13.365
241.87,131.48,26.724,13.529
242.15,131.74,26.167,13.812
241.55,131.65,26.384,13.799
241.46,131.22,25.971,13.733
240.92,131.9,26.644,13.747
240.3,131.5,26.296,14.127
239.87,132.36,26.847,13.396
239.96,132.85,25.992,13.339
239.31,133.51,26.001,13.375
239.26,133.26,26.002,14.569
236.14,133.98,28.096,14.342
237.62,134.88,26.33,13.237
236.26,134.82,27.348,13.613
236.52,134.88,26.844,13.456
237.93,135.22,24.916,13.371
236.04,135.23,27.436,13.865
235.07,135.11,27.465,13.282
236.36,135.4,26.055,13.777
234.47,135.08,27.386,14.156
232.95,135.43,28.911,14.022
233.5,134.85,27.769,14.213
233.68,134.84,27.196,14.912
232.97,134.21,25.76,15.135
232.87,134.11,26.085,14.699
232.75,134.12,26.443,15.503
232.51,133.45,26.123,14.432
232.57,133.43,25.217,14.782
232.96,133.29,24.839,14.344
232.4,133.38,25.228,14.137
232.75,133.21,25.156,14.189
232.93,133.64,24.649,13.904
233.48,133.3,24.314,13.913
233.33,133.4,24.095,13.901
233.58,133.37,23.588,13.238
232.88,133.5,24.122,13.559
233.06,133.01,24.423,13.345
231.77,133.15,25.186,12.801
232.13,133.43,24.63,12.604
231.89,133.22,24.793,12.515
233.15,133.74,24.257,12.715
233.04,133.24,24.285,12.522
233.19,133.07,24.096,12.75
233.37,133.38,24.028,13.004
233.4,133.08,24.063,13.874
233.27,133.52,24.124,14.258
233.12,133.26,24.204,14.428
232.94,134.09,24.215,13.479
233.29,134.88,24.555,13.152
233.88,135,24.094,13.562
236.54,134.88,22.438,13.191
233.9,135.64,24.12,13.118
232.8,135.43,25.661,13.882
234.4,136.69,25.286,14.569
234.31,137.06,26.069,13.328
235.02,137.42,24.145,14.116
234.63,137.96,25.853,13.887
234.89,139.51,25.394,13.369
234.46,139.79,24.47,13.763
234.57,141.29,25.471,13.433
235.21,141.5,24.714,13.199
234.63,141.79,24.715,13.383
234.25,142.24,25.237,13.614
233.98,142.25,25.149,13.171
234.01,142.86,25.134,12.995
234.53,142.59,25.228,13.671
234.97,142.7,24.409,13.877
234.35,142.56,25.294,13.852
234.41,143.42,25.438,13.457
234.38,142.93,25.145,13.318
234.73,142.78,25.837,13.624
235,143.11,25.513,13.842
235.18,142.85,25.473,13.56
236.24,143.16,23.98,13.39
235.83,143.35,24.375,13.547
234.94,143.63,25.21,14.066
235.67,143.49,25.312,13.576
234.73,142.97,26.488,13.91
235.38,143.07,25.753,13.726
235.01,143.46,26.031,13.945
235.14,143.56,25.611,14.071
235.18,143.75,25.76,13.742
235.85,144.28,25.471,13.334
236.71,144.24,25.625,13.038
237.06,144.67,24.906,13.415
237.65,144.95,25.059,13.185
238.76,144.42,25.168,13.488
238.75,145.63,24.722,13.873
239.71,145.63,24.33,13.093
239.99,145.15,25.643,13.637
240,145.95,25.437,13.425
240.33,145.97,24.307,13.502
240.78,146.83,23.929,13.384
240.12,147.27,25.43,12.889
240.03,147.55,24.257,13.192
240.24,147.59,24.659,13.637
240.21,147.8,24.803,13.17
240.13,147.46,24.516,13.284
240.01,148.75,24.395,12.698
239.95,149.01,24.26,12.11
240.52,148.95,24.438,12.425
240.64,149.01,24.444,12.494
239.97,149.5,24.848,12.869
240.35,149.07,24.234,12.943
240.89,149.09,24.31,13.624
240.82,149.47,24.272,13.306
240.43,149.2,24.082,12.89
240.39,149.92,24.71,12.396
240.63,149.99,24.243,12.396
240.31,149.72,24.284,12.338
240.88,149.19,25.024,12.9
240.15,149.21,24.312,12.884
240.15,149.16,24.02,13.467
240.17,149.08,24.415,12.761
239.11,148.86,24.67,12.711
238.94,148.43,25.076,12.814
239.81,148.04,24.176,13.688
239.39,148.07,23.884,13.366
239.2,147.85,24.132,13.646
239.38,148.24,23.98,13.541
239.61,148.19,23.819,12.831
239.51,148.08,24.165,12.939
239.44,149.08,25.275,12.903
239.95,149.35,23.947,13.735
239.68,149.76,24.082,13.599
239.93,150.45,24.343,13.656
239.31,150.57,25.078,13.392
240.24,151.22,24.083,13.929
240.73,150.98,23.807,13.746
239.78,150.81,24.893,14.143
240.17,151.02,24.507,13.523
239.79,151.58,24.849,14.087
240.2,151.86,24.617,13.446
240.37,151.24,24.264,13.976
239.91,151.41,24.638,13.884
240.71,151.89,24.36,14.476
240.13,152.77,24.304,13.395
240.18,152.87,24.417,13.782
240.91,152.79,23.637,13.41
240.34,152.83,24.425,13.44
240.03,152.7,24.318,13.24
240.04,152.97,25.057,13.525
240.45,152.75,24.642,13.734
240.64,153.02,24.213,13.471
240.26,152.51,24.583,13.826
240.73,152.07,24.527,13.435
241.08,151.68,24.409,13.609
241.43,152.21,24.375,13.82
241.63,151.98,24.354,13.705
241.27,151.74,24.411,13.808
241.42,152.28,24.346,13.747
242.13,152.56,24.599,13.383
242.25,153.17,24.997,13.411
242.14,152.67,25.307,13.166
242.5,152.81,26.206,13.077
243.29,152.88,25.377,13.353
243.04,152.74,25.51,13.089
243.57,153.25,25.32,13.168
243.74,151.96,25.88,13.519
244.39,152.55,25.343,13.682
244.96,152.72,25.677,13.093
244.74,152.83,25.496,13.35
245.41,152.78,24.986,13.048
245.96,153.27,24.727,13.194
246.79,153.19,24.731,13.293
247.3,152.98,24.439,13.342
247.96,153.41,24.466,14.092
247.76,152.88,24.367,14.503
247.47,153.89,24.397,13.982
248.27,153.79,24.209,13.616
248.17,154.43,24.863,13.576
247.56,154.7,24.837,13.313
249.04,153.93,24.222,13.818
248.81,154.43,24.506,13.417
249.37,154.78,24.831,13.606
249.44,155.14,24.674,13.124
249.65,155.35,24.992,13.016
249.91,155.09,25.374,13.324
250.55,155.16,24.81,13.504
251.05,154.91,24.936,13.569
251.64,155.87,24.537,14.129
252.6,155.78,24.288,13.311
253.43,156.07,23.554,13.468
253.12,157.21,24.166,12.966
253.53,156.91,24.249,12.87
254.02,156.96,23.938,13.139
255.26,157.17,23.315,13.217
254.06,157.45,23.599,13.35
254.3,158.03,23.884,13.378
254.62,157.95,24.575,13.697
255.9,158.46,23.861,13.238
256.47,159.68,24.313,13.22
256.53,159.63,24.131,14.048
256.95,159.46,24.577,14.036
257.48,159.67,24.992,13.82
257.35,160.29,25.196,13.567
257.83,160.65,25.033,13.426
258.73,161.22,25.118,13.2
259.02,161.9,24.95,13.397
258.92,161.47,25.547,13.77
260.14,161.88,25.074,14.088
260,161.79,25.83,13.651
259.59,162.15,25.02,13.362
259.81,162.35,26.15,13.042
260.52,162.6,25.437,12.905
262.17,163,24.834,13.106
262.81,162.59,24.502,13.733
263.19,163.09,24.567,13.366
263.94,163.12,23.868,13.269
263.93,163.58,24.72,12.806
264.56,163.23,24.792,12.934
264.63,163.59,24.937,12.921
265.27,163.31,24.964,12.58
265.27,163.48,24.964,12.853
266.58,163.17,24.64,13.319
268.04,163.1,23.56,13.565
268.7,164.22,24.413,13.684
269.34,164.66,24.603,13.698
269.88,165.16,24.89,13.177
271.2,165.07,23.564,12.809
271.28,165.18,23.63,12.839
271.21,164.82,24.219,13.311
271.57,165.49,23.666,13.18
272.05,165.1,23.864,13.278
270.93,165.48,25.384,13.351
271.08,165.92,25.406,13.683
272.3,166.19,24.053,13.336
272.67,166.19,24.502,13.658
273.47,166.76,24.554,13.172
273.09,167.19,24.796,13.254
273.8,167.16,26.068,13.38
273.45,167.57,25.195,13.143
274.44,167.18,24.71,13.432
274.21,167.37,25.18,13.805
273.5,167.63,25.825,13.658
275.68,167.58,24.439,13.548
276.34,167.3,24.853,13.569
276.76,167.71,24.627,13.695
277.28,167.78,25.172,13.562
277.87,167.25,25.587,13.915
278.74,167.58,24.941,13.882
279,167.34,24.411,13.56
279.57,167.56,24.589,13.488
279.64,167.96,24.193,13.901
281.35,167.86,23.823,13.98
281.51,167.91,23.56,13.374
281.64,168.79,23.786,13.161
281.92,169.17,24.058,12.849
282.41,168.65,24.24,12.757
282.8,168.58,24.695,13.567
283.74,168.24,24.72,13.151
285.13,167.6,23.879,13.608
286.92,168.01,22.553,13.901
286.88,167.77,23.278,13.685
287.71,167.94,23.888,13.441
287.58,167.67,23.942,12.934
288.6,167.4,23.581,13.081
288.89,167.47,24.341,13.314
289.47,168.05,23.691,13.28
289.71,167.87,24.424,13.413
290.53,167.88,25.091,13.189
291.19,167.91,24.35,13.097
291.31,168.17,25.71,13.561
292.39,167.61,25.202,13.503
293.11,168.68,25.618,13.238
294.07,168.22,25.251,12.989
294.53,168.69,24.941,13.07
295.37,167.86,24.873,13.965
296.42,167.85,23.932,14.134
294.69,167.69,26.073,14.402
295.95,167.41,25.819,14.311
296.86,167.62,25.581,14.096
297.45,168,25.735,14.435
298.74,167.61,24.563,14.728
301.43,168.56,22.531,13.369
299.12,168.85,24.861,12.977
299.9,169.32,24.498,12.917
301.03,169.31,24.07,13.086
301.47,168.98,23.24,12.935
302.14,169.63,23.283,12.613
299.85,169.23,25.402,12.664
301.2,168.82,24.467,13.306
301.09,169.07,24.057,13.12
301.5,168.48,23.79,13.462
302.31,168.1,23.474,13.639
303.76,168.13,22.512,13.824
302.93,167.7,24.008,13.756
303.78,167.23,23.902,13.637
303.6,167.29,23.917,13.084
303.65,166.74,24.407,13.45
303.16,166.11,24.479,13.709
303.5,165.2,24.224,13.546
302.48,164.87,25.164,12.892
302.82,164.48,24.121,13.133
302.53,164.76,24.132,13.173
302.87,163.26,23.814,13.505
303.01,163.65,23.661,13.315
302.79,163.21,23.579,13.046
302.8,163.14,23.507,13.017
302.64,161.87,24.362,14.216
300.95,161.32,24.224,14.189
302.96,161.56,22.549,13.583
301.78,161.09,23.991,13.831
302.26,160.33,23.315,14.044
302.79,159.63,22.204,13.789
302.35,159.07,22.339,13.771
300.56,159.14,23.577,12.91
299.12,158.59,23.321,12.853
297.29,157.53,23.861,13.716
297.76,157.37,22.853,12.492
296.6,157.11,23.837,12.881
295.19,156.15,25.3,13.53
294.03,155.44,25.394,13.16
294.26,155.9,24.961,13.246
292.92,154.85,24.61,13.385
292.79,154.69,24.692,13.511
290.82,154.9,25.965,13.588
289.59,153.79,26.117,13.147
288.49,153.5,26.39,13.282
288.27,153.07,25.608,13.135
287.92,153.3,24.203,13.114
287.16,153.42,23.326,13.236
286.45,153.27,22.893,13.122
284.14,151.89,23.64,13.366
280.85,151.94,25.484,12.849
281.31,151.36,24.136,13.075
280.85,150.86,23.886,13.398
279.95,150.7,24.034,13.269
280,151.22,23.363,13.023
277.74,151.28,24.801,12.984
277.28,151.79,23.966,12.27
274.38,149.29,24.932,13.924
273.57,149.73,25.163,13.189
273.26,149.23,23.508,13.562
271.64,149.76,23.835,12.748
270.35,149.28,23.732,12.694
269.45,149.25,23.263,12.715
267.17,149.03,23.677,12.473
265.52,148.51,23.119,12.335
264.38,148.45,23.27,12.563
263.61,147.45,23.567,13.142
262.21,147.4,22.941,12.9
260.3,147.45,23.468,12.788
258.47,146.44,23.46,13.056
256.76,146.81,23.729,13.339
256.16,146.08,22.952,12.753
254.37,145.62,22.54,13.303
252.9,144.4,22.942,13.802
250.6,144.42,22.937,13.128
249.28,143.67,23.171,13.72
246.77,143.54,23.338,13.543
245.75,143.12,23.806,13.579
243.97,142.5,23.971,13.457
243.57,142.54,22.795,13.63
240.7,142.75,23.968,13.002
240.55,142.14,22.979,12.579
239.26,142.34,22.332,12.351
239.03,141.26,22.078,13.14
238.35,141.33,21.448,13.063
236.5,141.13,22.689,12.57
235.98,139.81,21.236,12.465
232.45,139.5,23.646,12.765
232.13,139.9,23.088,12.683
230.31,140.2,23.861,12.736
229.86,140.19,23.919,12.923
228.68,139.96,23.993,12.874
228.69,140.39,23.067,12.849
227.52,139.49,23.808,13.575
227.34,139.56,22.843,13.462
226.27,140.74,23.039,12.809
225.53,139.98,22.992,13.744
224.57,140.85,23.094,12.855
224.74,141.3,22.482,12.799
224.27,142.5,22.015,11.908
224.2,142.97,21.607,12.664
223.41,143.1,21.534,12.413
223.22,142.78,21.489,12.336
221.99,143.19,22.044,12.2
220.53,143,22.769,12.608
220.31,142.6,21.033,12.459
219.8,141.94,21.24,12.386
218.79,141.7,21.833,12.488
217.92,141.93,22.307,12.479
217.71,140.68,22.711,12.822
216.98,140.94,22.714,13.224
216.18,140.41,22.809,13.007
215.18,139.83,23.342,12.501
214.79,139.63,22.705,12.161
215.27,138.94,22.426,12.601
213.85,138.68,22.525,12.974
214.15,137.41,22.297,12.65
213.57,136.76,22.172,12.603
212.86,136.09,22.492,12.569
212.72,135.39,21.756,12.224
212.25,135.13,21.864,12.439
211.92,134.29,21.804,12.969
211.74,133.55,21.739,12.231
211.65,133.44,22.125,12.587
211.17,132.91,22.34,12.611
210.23,132.78,22.354,12.992
208.85,132.06,23.615,13.22
209.4,132.31,22.622,13.062
208.91,131.61,22.822,12.558
208.68,132.03,22.128,12.24
208.01,131.75,22.576,12.472
208.26,131.5,22.659,12.553
208.18,131.85,21.864,12.486
208.45,131.95,21.499,12.377
207.73,131.17,21.751,12.335
207.24,131.3,21.22,12.096
206.82,131.36,21.348,12.357
206.01,131.02,21.105,12.656
205.88,130.45,20.273,12.532
205.24,129.64,22.196,12.798
204.48,129.43,23.273,13.018
204.41,129.29,21.872,12.567
205.02,129.13,22.171,12.913
204.64,129.25,22.164,13.01
205.24,129.43,21.643,12.764
205.89,129.42,21.205,12.637
205.72,129.26,21.987,12.72
206.29,129,20.979,12.661
207.08,128.76,19.729,12.656
206.25,128.85,20.449,12.42
206.36,128.84,19.439,12.728
206.38,128.82,19.747,12.721
205.24,128.5,20.817,12.996
204.16,127.88,21.649,13.325
204.24,127.71,21.05,13.591
203.15,127.32,22.426,13.352
204.48,127.06,21.003,13.25
204.14,127.58,21.03,12.804
206.76,127.5,18.528,12.87
203.3,127.05,22.257,13.137
204.54,126.37,21.037,14.037
204.41,125.63,21.653,13.161
206.61,125.21,19.934,13.837
207.64,125.52,18.626,13.363
207.81,125.7,19.782,13.071
207.02,125.74,20.995,13.312
207.41,125.33,20.788,13.554
208.03,124.66,21.014,13.956
206.33,125.11,22.144,13.623
207.03,124.24,22.541,14.431
207.03,123.84,21.947,13.898
207.34,122.53,22.697,13.542
207.48,122.83,22.855,13.839
207.17,122.12,23.688,13.453
207.61,121.8,23.684,14.014
208.63,121.58,22.774,13.243
207.99,120.68,23.462,13.525
208.35,120.52,23.275,13.96
208.56,120.55,23.671,14.334
208.6,119.6,23.731,14.329
209.14,119.24,23.561,13.697
209.82,118.12,23.642,14.234
210.23,118.14,23.289,14.023
210.3,117.31,23.186,14.121
211.56,117.21,22.419,13.249
211.43,116.39,23.067,13.371
211,116.07,23.859,12.899
214.29,115.07,20.505,13.484
212.38,114.02,23.212,13.733
214.07,112.93,22.465,13.496
214.33,112.47,23.445,13.305
215.54,111.42,23.313,13.067
215.83,110.42,23.94,13.996
216.63,109.18,23.648,13.96
218.1,108.48,23.746,13.922
218.56,108.33,24.335,13.755
218.61,108.11,25.073,13.428
220.56,107.77,23.577,13.543
222.1,107.23,23.187,13.608
221.99,106.94,23.684,14.019
221.74,107.41,24.322,13.937
221.76,108.1,23.995,13.984
223.03,107.33,24.136,14.228
223.34,107.1,23.286,14.32
222.62,107.72,23.976,13.897
222.79,107.51,23.697,14.278
222.68,107.46,24,13.992
222.45,107.3,23.489,13.825
221.77,106.31,24.384,14.238
221.47,106.52,23.778,13.926
223.69,105.81,21.216,14.484
221.09,105.64,23.193,14.049
219.93,105.44,23.059,14.543
218.24,104.88,24.064,14.331
217.32,104.65,23.832,14.232
216.42,104.78,24.264,14.327
216.7,104.84,24.036,14.049
216.62,104.72,24.343,14.052
216.1,105.02,24.413,13.889
215.92,104.66,24.895,13.769
215.9,105.69,26.165,14.334
216.28,105.7,24.302,14.201
216.58,106.48,23.873,14.379
215.82,106.17,24.593,14.119
215.11,107.21,24.829,14.153
214.9,107.03,25.012,14.535
214.5,107.27,25.859,14.46
213.82,107.69,25.663,14.465
213.16,108.85,25.202,14.118
212.67,109.72,25.084,14.604
211.32,111.2,26.151,13.595
210.07,111.95,27.61,14.427
210.38,112.68,26.187,14.492
209.57,113.42,26.157,14.444
208.7,113.54,26.787,14.215
209.37,113.86,25.872,13.786
209.5,113.59,25.746,13.96
209.68,113.21,25.998,14.392
209.19,113.12,25.128,14.342
209.21,113.32,25.207,14.189
209.19,113.27,25.684,14.425
209.35,113.32,26.167,14.303
209.4,112.93,26.691,14.457
208.94,113.43,25.642,14.463
208.99,113.46,26.449,14.748
208.48,113.27,27.082,14.745
208.8,113.03,26.02,14.564
208.59,113.7,26.158,14.572
208.49,113.03,26.255,14.846
207.73,112.78,26.63,14.979
208.28,111.97,26.831,15.202
208.64,111.79,26.455,14.574
208.44,111.58,26.879,14.791
207.49,111.78,27.711,14.873
207.56,111.6,27.298,15.231
207.04,111.76,27.864,15.073
206.96,111.43,27.618,15.029
205.9,111.32,28.469,15.157
205.89,111.81,28.763,15.116
205.55,111.82,29.091,15.291
205.47,111.5,29.204,15.173
205.28,111.96,28.64,15.151
204.9,111.75,28.056,15.661
205.29,111.45,28.058,15.68
204.39,111.17,28.233,15.811
206.89,111.42,25.862,15.181
206.23,110.71,26.391,15.442
205.54,110.42,27.697,15.734
205.06,109.4,27.73,15.925
207.11,109.36,26.066,15.246
207.5,108.74,25.327,15.619
207.63,108.6,25.723,15.675
203.72,108.39,29.766,15.888
203.6,107.62,29.545,16.076
205.63,107.9,28.268,15.791
206.12,108.29,27.417,15.517
205.52,108,27.694,15.414
205.77,107.23,27.475,15.932
204.85,107.53,28.579,16.231
206.21,106.6,26.875,15.692
206.75,105.6,27.428,15.901
204.94,106.12,29.146,15.741
203.59,104.99,29.916,15.948
204.71,105.12,29.855,16.283
204.34,104.88,30.14,16.48
203.85,105.41,30.011,16.088
204.2,105.57,29.402,15.925
204.69,106.2,29.218,15.497
203.83,106.33,29.691,15.469
203.05,106.82,29.852,15.303
203.03,106.95,29.221,16.469
202.77,108.36,29.599,15.746
202.24,108.84,29.847,16.042
202.03,109.52,29.789,15.802
202.96,109.73,28.732,15.591
201.2,110.42,30.088,15.644
200.28,111,30.79,15.83
200.9,111.08,30.22,15.51
199.65,111.96,30.858,15.863
197.97,111.52,32.995,15.847
196.42,112.4,34.849,16.431
195.32,112.31,35.633,16.694
193.89,112.41,36.157,16.987
195.67,112.1,34.743,16.833
196.02,112.46,34.761,16.771
195.46,112.6,34.983,16.779
196.35,112.69,34.331,17.056
197.79,112.78,33.073,16.722
196.9,113.08,33.848,16.932
196.73,113.02,34.023,17.574
195.56,113.55,34.567,16.844
195.19,113.22,35.161,17.019
195.55,113.64,35.153,17.058
195.46,113.9,35.253,17.324
195.29,113.27,36.026,17.44
194.61,113.1,36.784,16.899
195.46,112.01,36.846,17.354
196.67,111.91,35.554,17.074
196.68,111.98,36.224,17.057
197.08,111.6,36.371,16.735
196.47,110.35,37.659,17.122
197.78,109.53,36.133,17.286
198.21,109.85,36.252,17.153
197.47,109.52,36.499,17.378
198.5,108.92,34.838,17.332
199.32,107.62,34.831,17.28
202.66,107.66,31.657,18.067
205.48,107.98,29.018,18.123
199.16,108.2,35.493,18.359
197.51,108.05,36.786,18.687
197.89,109.18,33.647,17.658
199.53,110.07,35.344,18.664
199.47,110.97,38.061,18.042
200.89,111.27,37.672,17.779
201.5,111.34,38.272,18.18
202.47,110.86,38.189,18.953
204.21,110.91,38.127,18.275
204.96,111.2,37.718,19.34
205.4,111.92,39.241,19.384
206.71,111.78,39.133,19.418
207.86,112.16,39.7,19.708
208.34,112.91,40.783,19.931
208.97,113.21,40.856,20.035
209.74,113.63,40.699,20.448
210.81,114.02,40.495,20.635
210.57,114.21,41.923,21.577
209.36,115.09,42.575,19.997
209.55,115.62,42.793,20.623
210.95,115.16,40.815,20.831
209.94,114.98,42.415,20.357
209.11,113.6,43.458,21.274
208.49,113.37,42.043,21.654
207.3,114.08,43.161,20.942
206.95,113.56,43.678,21.061
207.07,112.77,43.143,21.702
208.63,113.34,40.878,20.562
208.02,112.65,41.929,20.812
207.84,112.02,43.692,20.978
209.28,112.08,42.334,20.527
209.65,110.99,42.139,20.821
209.92,111.18,42.229,20.861
208.47,112.07,44.042,21.058
208.8,112.28,43.643,21.034
208.95,111.57,44.063,21.622
208.52,111.7,45.298,21.779
208.91,111.97,43.87,21.977
208.92,112.97,44.437,22.366
209.16,113.4,44.078,22.034
209.52,114.51,44.877,21.519
209.13,116,45.402,22.076
209.58,117.27,45.161,22.394
208.73,118.43,45.048,22.22
208.62,118.39,45.274,22.687
208.84,119.75,45.181,22.326
208.04,119.95,46.153,22.7
206.89,119.67,47.125,23.254
206.93,119.81,47.223,22.888
206.83,120.11,47.003,23.128
207.38,120.31,47.468,23.347
208.36,119.3,46.914,23.832
208.7,119.85,46.214,23.855
208.63,119.69,46.728,23.864
209.31,120.4,47.407,23.584
209.05,119.17,46.979,23.342
207.96,118.88,47.55,23.785
207.38,118.33,47.686,24.729
207.48,117.62,47.49,24.323
207.46,117.34,47.827,24.799
207.9,117,47.264,24.547
208.3,116.69,47.308,24.878
208.01,116.33,47.962,25.239
208.19,115.71,47.406,24.817
207.29,114.39,48.819,25.085
206.39,113.87,49.241,25.359
207.59,113.72,48.501,26.31
207.38,113.59,48.798,26.344
206.8,114.02,49.089,26.139
206.94,113.57,49.268,26.632
206.37,114.58,50.017,26.525
206.98,115.09,49.845,27.104
208.22,114.79,49.894,27.16
208.89,114.53,49.799,28.019
208.26,114.49,51.259,27.976
208.7,114.54,51.39,27.509
209.62,114.47,51.12,27.895
210.06,114.57,51.177,27.602
209.83,115.24,53.099,27.503
210.52,114.81,53.263,28.793
212.38,115.35,50.95,28.38
211.67,115.05,52.885,28.432
211.41,114.22,53.405,28.955
211.35,113.99,54.357,28.781
213.12,113.19,52.657,29.361
211.57,112.13,54.125,29.369
211.88,112.35,56.237,29.488
212.22,111.65,56.561,28.676
213.26,112.49,57.235,28.791
212.96,111.84,57.367,29.249
213.01,110.96,58.03,29.814
213.89,110.01,57.414,29.934
214.5,108.47,58.49,30.599
215.95,108.1,57.685,30.64
216.75,108.17,59.677,30.412
217.87,107.91,59.219,30.835
219.71,107.72,61.424,30.422
221.11,106.59,58.888,30.31
221.91,106.61,59.698,30.1
222.21,105.79,61.989,30.971
222.48,105.81,61.736,31.887
223.43,104.89,61.991,31.723
223.18,104.49,61.753,32.381
222.93,103.71,63.004,32.994
223.17,103.75,61.902,33.124
222.41,103.04,63.695,32.355
222.08,101.84,64.065,33.903
221.73,101.7,64.047,34.426
222.34,101.55,62.771,34.171
223.34,100.55,62.493,34.563
223.6,99.243,64.103,34.704
224.44,98.909,64.702,34.441
224.54,98.547,64.653,35.616
224.15,98.614,66.794,34.478
224.29,99.256,65.125,34.474
224.01,98.368,65.263,35.089
224.1,98.881,64.782,35.578
225.2,99.188,63.77,35.529
225.99,99.379,63.528,34.975
225.85,99.625,64.54,34.734
224.99,100.24,63.622,35.537
224.84,101.2,65.111,35.342
224.9,101.55,62.922,36.947
225.25,103.13,63.414,35.157
226.21,103.61,63.404,34.206
226.38,103.59,64.55,34.705
226.39,103.61,64.962,34.553
226.03,104.01,65.091,34.695
227.03,102.47,63.531,35.961
226.89,102.35,63.892,34.544
226.48,101.82,64.309,35.373
226.17,102.03,63.018,35.853
225.4,101.74,63.371,34.961
225.62,101.03,63.723,36.224
225.69,100.93,63.445,35.887
225.76,100.63,64.457,36.354
225.35,100.88,65.982,35.038
225.72,101,63.853,35.175
225.76,102.08,63.149,34.516
225.63,102.03,64.16,34.939
225.21,104.07,63.838,34.877
224.39,106.21,63.972,34.567
221.41,107.47,64.934,35.141
219.28,107.81,64.974,34.976
214.54,108.16,64.313,34.537
211.48,108.07,65.324,33.928
208.73,107.74,65.688,34.204
206.86,107.31,64.528,35.027
205.22,107.34,65.615,34.589
204.37,106.71,64.464,34.199
204.41,106.97,62.08,34.641
203.74,107.43,63.767,34.761
203.18,107.85,64.004,35.833
202.55,107.59,63.106,34.623
202.86,108.08,63.751,34.351
200.73,108.06,64.371,35.033
199.98,108.35,63.312,34.662
197.49,107.01,64.485,35.189
196.98,107.43,63.043,33.655
194.34,107.92,63.938,34.433
192.53,109.97,65.419,33.501
191.14,110.02,64.292,34.483
189.03,109.95,65.436,33.275
188.75,110.8,64.344,33.905
187.88,110.76,63.398,33.998
187.54,112.42,64.303,33.851
186.74,112.41,64.034,33.584
187.58,111.29,62.897,34.148
186.86,109.65,64.082,34.38
186.81,107.01,65.004,34.407
186.32,103.41,66.288,34.201
185.46,98.408,63.658,34.651
185.83,94.954,63.116,34.432
184.23,91.731,65.413,34.255
181.27,88.898,63.249,34.432
180.15,85.045,64.174,34.159
179.65,82.446,63.513,34.69
179.24,81.681,63.055,33.658
179.92,80.193,63.595,34.807
180.81,80.522,62.923,33.055
181.89,79.656,63.212,33.669
183.4,79.213,63.655,33.552
184.67,79.766,62.934,34.15
186.5,81.645,63.662,34.322
189.79,83.891,61.894,34.282
192.93,86.031,61.937,34.672
194.57,87.837,61.954,34.751
196.73,88.783,61.131,34.266
197.26,90.583,62.548,34.946
198.12,91.241,62.225,35.156
198.51,89.76,61.718,35.678
199.15,87.778,60.787,34.863
198.88,85.648,61.838,35.349
198.78,84.333,61.908,34.474
199.29,82.445,61.499,33.799
199.61,80.411,62.582,34.219
200.26,79.428,61.83,34.653
202.09,78.886,61.994,34.063
204.61,78.715,61.548,33.629
206.23,78.364,60.99,33.046
206.68,78.838,59.67,34.419
207.28,80.623,59.992,34.169
205.86,81.876,59.455,35.657
204.37,83.913,59.378,35.399
201.54,85.875,58.834,34.79
196.63,88.909,60.216,34.465
195.38,91.222,60.668,34.143
194.55,93.113,59.765,33.303
194.85,94.508,61.281,33.142
194.96,94.318,60.72,34.366
196.83,94.348,60.308,34.037
198,92.832,60.684,34.53
200.36,91.716,60.647,33.9
200.36,89.453,59.85,34.432
200.64,86.929,59.667,33.485
199.65,85.082,59.633,33.966
198.05,84.492,57.844,33.255
196.18,85.182,59.376,32.123
194.79,84.62,60.64,32.094
195.04,84.172,59.489,33.39
194.75,84.384,59.235,32.837
195.26,84.979,59.503,33.761
195.53,85.199,58.268,32.814
195.17,85.049,57.937,33.096
194.22,86.029,60.027,32.94
194.98,87.117,58.241,33.67
196.23,88.352,58.946,33.022
196.94,89.872,57.93,32.497
198.12,91.333,56.969,31.995
199.95,91.296,55.89,32.105
200.55,91.257,55.824,32.017
200.53,92,56.171,31.884
201.17,93.127,55.923,31.36
202.13,93.338,54.572,32.45
203.38,92.281,55.867,31.422
204.22,93.456,55.359,30.879
205.27,95.277,54.264,31.384
204.81,96.698,55.623,32.173
205.93,97.544,54.644,30.813
206.09,97.533,53.061,31.218
205.95,97.611,52.697,30.931
204.37,97.987,53.971,30.751
204.79,97.461,52.1,31.111
204.71,97.499,52.247,30.973
205.91,96.958,50.789,31.04
206.46,97.182,50.871,30.647
207.75,95.459,50.042,30.828
210.79,94.362,48.907,30.905
215.7,94.005,48.562,30.888
218.72,93.053,49.162,30.667
223.26,91.744,48.958,30.329
226.4,91.046,49.146,30.7
229.82,90.013,49.108,31.356
232.9,90.225,49.823,30.409
236.25,89.881,46.831,30.056
236.69,90.621,46.982,29.44
239.11,89.545,45.17,30.245
240.31,90.823,45.217,29.238
239.37,91.938,46.209,29.13
239.2,93.661,45.981,29.09
240,95.821,44.836,28.98
239.43,96.497,46.041,29.533
239.94,97.106,45.937,29.083
239.72,97.188,46.133,29.166
242.07,97.052,44.286,29.26
243.34,97.183,46.09,28.994
244.94,96.201,43.899,29.856
246.21,95.939,42.934,29.725
246.26,96.045,43.194,29.551
246.25,96.513,42.945,29.15
244.63,96.25,43.529,29.102
245.49,95.939,42.019,29.389
243.8,95.767,41.78,29.26
241.52,96.759,43.268,29.764
240.58,96.99,42.504,29.545
240.64,97.477,42.74,29.412
240.08,97.144,41.891,29.592
240.21,96.979,40.503,29.62
240.63,96.816,40.468,29.524
240.64,96.834,40.077,29.598
240.61,96.395,40.373,28.892
241.7,95.203,39.932,28.378
242.72,94.155,39.127,28.206
244.98,92.938,38.72,28.658
246.05,92.143,37.364,27.713
248.08,90.902,38.091,27.794
248.42,90.363,38.364,27.84
250.26,90.158,37.514,26.963
251.87,89.269,35.792,27.675
252.16,88.669,35.37,27.412
250.14,88.385,36.94,26.873
250.33,87.438,36.077,27
252.25,87.296,35.56,26.543
252.7,87.117,35.5,25.924
252.61,86.673,35.783,25.571
255.52,86.919,34.1,24.946
254.85,87.636,34.308,24.727
253.53,86.732,35.543,25.891
254.33,87.469,35.295,24.97
257.32,87.102,32.957,24.469
257.8,86.135,34.6,24.299
260.23,84.983,32.755,24.903
261.41,85.142,31.847,24.668
261.51,85.498,32.601,24.719
260.26,85.332,33.014,24.177
259.52,85.202,33.801,24.234
259.01,86.026,33.493,23.137
257.32,84.018,32.122,25.113
258.91,84.857,29.867,23.684
256.63,86.16,32.067,22.909
256.47,86.769,31.436,22.697
255.33,86.739,31.412,24.027
254.67,86.435,31.998,23.851
254.82,86.261,31.351,23.78
256.41,86.279,29.347,23.295
256.17,85.787,29.809,24.113
258.49,87.155,27.962,22.309
257,87.442,29.961,21.915
261.53,89.498,27.753,20.531
261.88,89.928,30.041,19.989
264.1,89.426,28.881,21.307
268.24,88.943,27.149,21.014
271.75,88.56,27.213,21.206
274.4,89.58,26.683,20.968
276.78,91.005,26.681,19.12
278.32,91.145,27.53,18.795
279.96,90.458,26.761,18.592
281.79,87.627,26.094,20.585
284.21,86.211,25.593,19.958
287.83,86.621,23.646,18.045
288.25,83.843,23.788,19.92
289.26,84.268,24.103,18.023
289.74,83.3,24.288,19.44
290.86,83.064,23.537,19.159
291.59,82.901,23.063,19.198
292.46,83.692,21.863,18.384
292.73,83.232,21.34,18.726
293.59,82.925,20.901,19.005
294.22,83.702,21.074,18.721
294.51,83.617,21.343,18.404
296.2,84.471,21.357,17.032
296.93,84.283,21.837,17.042
298.47,84.039,20.585,18.171
297.19,84.815,21.3,17.248
296.27,85.646,20.404,16.978
297.9,87.979,16.465,16.419
295.07,88.601,16.578,15.556
292.31,88.797,17.479,15.749
287.07,88.959,19.278,15.61
285.21,89.631,19.503,15.296
283.47,89.562,18.769,14.922
281.3,90.199,19.284,14.479
282.16,91.313,18.762,14.426
280.04,92.83,19.346,13.58
282.57,93.428,17.032,14.005
281.44,94.375,18.418,13.41
281.43,95.228,18.825,13.43
282.13,95.871,18.963,14.749
283.99,96.865,18.608,13.282
285.11,98.096,18.795,13.73
285.08,99.337,18.449,13.252
285.53,100.5,18.177,14.371
286.13,101.67,17.882,14.274
285.38,104.25,17.575,12.673
285.56,105.06,18.111,12.648
286.25,104.12,17.206,14.531
286.2,106.59,16.667,11.815
287.9,105.88,15.623,12.085
288.62,105.39,15.207,12.82
287.48,105.27,15.742,12.228
288.28,104.42,15.195,11.691
287.52,103.77,15.774,11.529
287.67,101.77,15.476,11.138
287.39,100.89,15.124,11.204
287.34,99.067,15.372,11.95
286.58,97.048,15.389,12.12
285.77,96.428,14.942,11.772
285.53,95.269,14.622,11.509
286.24,93.641,14.655,11.947
285.76,91.224,14.562,12
286.7,90.34,14.502,11.381
286.78,89.839,13.654,11.142
286.73,88.995,14.452,10.084
287.52,88.249,13.672,11.042
286.88,87.117,14.204,10.164
286.67,87.163,13.891,10.489
287.48,87.529,13.441,9.9271
287.14,86.841,13.261,9.9495
287.03,87.358,13.031,9.5494
287.24,86.98,12.452,9.6943
287.22,86.833,12.75,10.125
286.99,86.041,12.753,10.464
286.32,85.238,12.695,9.8367
286.4,85.074,12.342,9.647
286.68,85.165,12.79,9.696
