275.87,160.87,72.866,73.866
278.73,161.46,72.135,72.408
281.57,161.09,72.167,72.153
284.28,161.65,72.536,70.89
287.33,160.15,73.034,72.004
290.58,160.95,73.75,71.428
293.89,160.27,73.886,71.607
297.88,160.46,73.494,71.48
300.48,161.84,73.583,70.731
304.04,162.1,72.847,70.857
306.72,161.45,73.291,71.263
309.4,160.46,72.708,72.248
310.93,158.38,72.264,71.828
311.98,153.04,72.229,71.921
313.11,147.57,71.363,70.714
313.21,143.69,72.293,72.377
314.21,142.02,72.068,72.838
314.57,142.34,71.645,72.606
314.2,145.44,70.661,73.138
313.96,149.03,70.777,72.452
313.1,152.24,70.03,71.787
311.74,153.62,70.701,71.941
313.15,153.28,69.514,71.968
311.2,154.49,71.096,69.556
311.79,156.13,70.175,68.247
311.85,155.73,69.292,67.69
310.88,157.33,70.331,68.63
310.7,159.07,69.839,68.512
309.75,159.73,70.597,69.662
309.1,163.83,70.456,68.205
309.44,164.49,69.706,69.055
308.81,164.53,70.146,69.587
307.94,165.33,70.434,71.537
307.14,165.44,71.251,69.087
307.25,165.59,71.21,69.029
306.24,164.83,71.473,69.53
305.17,164.18,71.806,69.915
303.57,165.26,71.961,69.464
304.25,166.15,71.124,71.216
302.76,167.69,71.541,70.957
302.08,170.58,71.364,69.801
301.33,171.16,71.185,71.002
301.14,172.61,71.473,69.857
301.71,173.58,71.18,71.199
302.93,174.37,71.079,71.399
303.42,174.98,70.96,71.492
302.59,175.55,72.561,70.093
302.71,174.21,71.614,70.866
303.96,175.27,70.871,70.842
303.47,174.69,70.434,69.747
303.07,174.2,70.736,71.014
303.35,176.24,68.775,71.393
302.44,176.93,70.811,70.174
302.43,177.51,70.028,69.724
302.01,177.25,69.881,68.611
301.55,177.75,69.953,68.634
301.21,177.76,70.89,69.782
301.96,179.02,69.796,70.668
301.74,179.98,70.74,70.533
300.71,180.83,71.762,70.525
301.33,181.2,71.791,70.577
301.35,182.26,72.291,70.985
301.79,181.88,71.882,70.481
303.65,181.27,71.171,71.126
304.33,178.84,72.101,70.671
305.16,176.09,71.981,70.968
304.95,173.87,72.966,70.857
306.03,172.84,72.39,71.676
305.74,172.9,74.094,72.608
305.27,176.66,74.109,72.355
305.51,178.56,74.814,74.156
304.83,187.31,74.944,74.677
304.03,193.14,76.276,73.356
305.23,198.24,75.357,72.398
305.43,198.39,74.689,72.738
303.62,197.73,74.861,72.406
303.23,196.64,74.587,72.35
300.91,197.06,75.008,72.633
299.42,198.97,75.215,73.186
297.79,202.57,76.184,74.109
295.19,204.3,77.596,74.96
294.19,206.14,77.904,76.572
292.47,207.8,79.347,77.066
291.33,210.03,78.598,77.328
290.51,211.73,79.905,77.026
290.02,212.17,79.373,80.058
289.78,211.29,78.984,79.337
289.35,208.92,79.363,78.979
287.77,205.23,79.656,79.869
288.07,203.36,79.108,77.952
287.38,200.99,79.934,79.432
287.23,200.64,79.342,78.3
287.25,199.71,78.597,77.776
287.32,197.44,79.115,79.14
286.7,196.76,79.328,79.56
286.42,195.86,79.001,79.126
286.84,195.31,79.925,78.816
286.73,193.22,79.568,79.686
288.76,194.44,78.349,78.297
289.24,194.24,79.577,78.688
290.62,193.86,78.755,79.704
289.81,195.22,80.45,78.913
291.13,194.53,79.235,78.944
290.71,195.02,80.356,79.222
292.26,195,78.612,77.963
293.08,194.06,78.753,79.061
293.19,193.18,79.367,78.275
294.11,193.12,79.325,77.528
294.41,192.64,79.262,78.493
293.68,192.29,79.737,77.559
294.69,191.88,79.467,77.778
294.35,190.6,79.71,78.433
294.31,190.9,79.37,78.548
293.84,191.09,80.081,77.508
293.74,190.1,79.183,77.858
294.16,189.18,78.929,78.391
294.27,189.98,79.267,77.789
294.09,190.56,79.538,78.317
294.08,190.87,79.554,77.395
294.76,190.77,79.676,77.806
294.39,190.68,79.981,77.753
294.72,190.26,80.962,77.88
295.21,190,79.37,77.545
294.71,189.19,80.119,78.331
295.17,189.41,79.213,77.07
294.6,189.03,79.758,77.998
294.39,189.38,79.146,78.015
293.47,189.25,79.436,78.413
293.67,189.72,79.51,78.025
294.37,189.72,79.075,78.213
294.55,190.36,79.202,77.276
294.76,189.21,79.452,78.033
294.57,188.84,79.374,77.572
294.51,188.63,79.125,76.674
295.12,187.11,78.992,76.909
294.43,186.3,79.572,77.648
294.48,185.34,79.406,78.514
294.15,184.45,79.499,78.62
294.58,183.48,79.551,78.098
294.23,183.2,78.766,77.627
294.35,182.96,78.951,77.861
294.37,181.79,78.797,78.742
294.44,181.48,78.925,77.295
293.7,179.39,79.66,78.954
292.23,178.75,79.968,78.706
292.5,177.35,79.461,78.371
291.89,177.02,79.769,77.655
292.31,175.12,79.317,78.822
292.4,175.1,79.281,78.102
292.44,174.23,80.405,78.554
292.89,173.78,79.999,78.877
292.22,172.85,80.028,79.729
292.7,173.93,79.491,79.053
291.97,172.35,80.369,81.108
292.7,172.73,79.914,81.529
293.25,173.15,79.403,81.825
294.12,172.46,78.661,82.352
293.24,174.15,79.376,82.52
292.87,174.41,79.183,82.894
292.79,172.86,80.604,84.914
293.32,173.84,80.103,84.41
293.69,172.98,78.988,86.031
292.85,172.06,80.502,88.039
292.71,171.12,80.185,87.797
294.27,172.13,79.09,86.966
293.12,169.48,80.378,89.317
293.44,168,79.399,89.569
292.31,168.62,79.707,87.313
292.92,166.57,80.017,89.213
291.73,165.44,81.268,90.562
290.52,163.95,79.435,88.169
290.14,163.33,82.119,88.819
288.97,162.95,82.156,88.166
289.55,163.36,81.73,89.561
288.08,163.46,82.704,89.679
288.64,164.27,80.665,89.096
287.78,165.11,81.288,89.377
288.34,165.59,80.231,88.791
287.87,166.61,81.397,90.304
287.77,167.42,80.515,88.455
287.29,169.76,81.212,87.925
287.71,170.21,81.195,88.264
287.75,172.81,81.483,86.3
287.88,172.25,81.094,88.347
287.46,174.3,80.923,85.629
288.92,175.24,81.273,85.9
287.8,176.18,81.284,84.681
288.04,174.33,80.144,85.496
288.18,175.96,81.274,84.75
288.63,173.94,81.077,86.011
288.24,174.52,81.141,84.554
288.6,174.32,80.152,84.741
288.56,171.27,80.976,85.555
290.47,170.42,78.538,84.723
290.12,170.65,79.253,83.206
291.92,170.79,78.778,83.407
292.51,169.31,78.499,84.152
292.17,168.51,79.669,87.299
292.86,169.72,79.739,86.183
294.53,169.21,80.177,88.45
294.17,169.88,81.622,89.074
296.25,170.6,80.44,88.967
296.27,170.05,82.674,91.214
297.02,170.34,82.807,92.023
298.09,172.15,81.773,91.646
298.16,173.32,83.389,92.039
297.75,172.53,84.004,93.472
298.08,171.66,82.505,93.175
296.09,170.25,84.697,95.227
295.74,169.68,83.799,94.619
293.42,168.84,87.488,96.189
292.85,169.21,86.03,96.639
291.09,167.71,88.589,97.423
290.67,165.98,87.72,98.85
289.8,165.78,88.969,98.298
288.04,164.25,89.479,99.49
287.74,162.44,89.798,99.91
287.05,161.94,89.601,99.652
285.39,159.72,91.204,99.382
284.43,156.28,93.101,100.81
285.38,155.56,92.481,98.573
282.83,149.54,93.663,104.27
282.27,145.51,94.68,104.88
281.19,142.21,96.664,107.7
280.45,139.47,96.979,109.87
279.83,139.23,96.751,108.04
278.65,140.14,100.02,108.48
278.67,140.19,100.72,108.35
278.51,139.09,101.33,108.49
278.05,140.27,103.81,105.61
278.85,138.21,104.34,110.02
277.52,138.35,106.51,107.85
277.85,136.96,106.36,107.81
279.55,137.38,105.56,102.95
277.41,136.23,106.52,102.84
279.42,131.78,105.52,105.62
277.99,129.64,106.79,106.26
276.36,126.04,107.78,107.13
275.61,122.96,107.37,108.89
274.84,121.8,110.36,108.64
275.2,120.67,107.51,106.97
274.83,119.99,107.85,110.86
273.06,119.79,108.53,110.25
273.7,118.91,108.85,108.36
272.6,119.22,109.77,111.73
270.18,119.04,108.99,108.24
270.82,119.09,109.47,109.85
269.38,116.47,111.74,113.09
273.95,118.97,109.08,110.46
271.38,118.78,110.56,111.57
272.45,120.18,108.51,109.85
271.47,119.86,110.79,111.02
273.4,120.42,108.99,111.61
272.51,120.91,111.13,110.64
275.37,121.86,109.16,107.52
277.05,121.4,107.78,110.65
278.6,123.2,103.69,106.89
278.04,124.84,105.97,106.66
277.85,127.48,104.68,104.28
278.55,128.03,105.07,103.85
280.79,131.16,101.67,102.97
280.18,133.11,99.912,98.122
281.46,137.04,97.167,97.306
282.84,140.25,96.091,93.727
285.8,141.57,92.125,92.87
285.08,146.23,91.194,89.994
286.12,149.17,89.918,88.844
286.08,151.47,90.918,89.163
286.8,153.29,91.955,88.882
288.13,158.35,90.106,86.969
291.14,161.66,86.985,86.447
290.7,164.01,86.991,83.644
291.97,163.78,85.502,84.441
291.8,163.99,83.276,85.225
291.98,164.75,82.762,84.487
290.98,164.28,82.798,86.628
290.67,165.95,81.439,86.44
291.84,166.84,80.862,87.747
290.93,168.11,80.508,88.077
290.24,167.19,79.488,91.869
289.82,168.05,80.351,89.077
289.56,167.06,79.851,92.907
290.8,168.99,79.137,90.59
290.19,168.57,80.779,91.874
290.27,167.64,80.785,91.7
290.3,167.43,79.418,90.289
291.27,167.87,80.241,88.657
291.68,166.6,79.589,88.414
291.47,167.31,79,87.477
291.78,166.05,79.662,88.485
292.67,167.61,79.003,86.191
291.98,165.81,78.579,88.038
292.01,164.82,79.164,89.653
290.32,163.28,79.982,88.557
291.26,161.27,80.872,92.249
290.23,160.42,80.974,92.852
289.47,160.21,82.982,90.388
289.11,155.73,83.448,94.657
288.64,155.94,84.668,94.582
285.72,154.65,88.045,96.248
283.66,152.48,89.248,97.837
281.57,151.16,91.221,99.954
280.6,149.28,92.183,102
279,148.5,95.289,103.03
276.53,146.87,94.095,105.21
276.62,146.72,95.147,104.98
275.67,146.47,96.085,108.69
273.02,146.29,98.596,108.19
274.31,144.01,97.322,110.77
272.24,143.3,99.884,109.22
271.43,141.56,100.82,108.65
271.05,141.18,100.8,111.56
272.5,140.99,100.05,103.71
270.96,139.6,100.23,102.22
268.31,136.15,101.95,107.39
266.91,134.55,105.08,106.54
266.46,131.51,101.86,104.99
265.38,128.72,99.786,104.6
264.32,127.63,101.93,102.53
262.1,124.6,103.38,104.06
262.83,127.01,102.27,102.01
263.41,122.98,100.93,98.89
264.98,123.64,99.354,98.55
265.41,121.71,99.162,97.924
265.38,122.76,99.463,98.225
265.53,121.79,97.48,97.832
266.79,122.83,97.286,95.778
267.85,120.6,97.276,97.655
271.06,122.36,93.277,94.838
272.58,120.79,92.082,95.527
273.16,123.11,94.038,94.733
273.7,123.89,92.562,93.516
273.67,124.45,91.95,92.761
273.47,125.14,90.998,90.366
276.54,127.25,88.132,88.73
276.58,128.2,88.613,89.707
278.81,132.06,85.785,86.873
279.89,133.8,86.486,85.434
279.73,135.63,85.938,85.139
280.36,138.04,85.632,85.255
281.65,140.2,83.999,84.275
280.83,141.92,84.549,84.306
281.45,142.03,84.787,85.336
281.53,143.32,85.675,86.474
280.09,141.11,86.23,88.816
280.29,141.22,86.835,91.252
281.01,142.94,85.92,89.94
281.4,142.66,87.378,91.006
282.8,144.3,86.392,90.481
283.23,144.07,87.023,90.56
283.4,144.54,86.828,92.507
283.49,145.83,87.967,91.502
283.02,146.82,89.006,92.699
284.34,146.52,89.102,95.388
283.74,147.86,88.812,95.082
284.68,148.31,88.66,95.392
285.63,148.68,89.04,96.128
285.8,149.24,86.668,94.548
286.53,148.7,87.917,95.742
287.3,147.64,85.181,96.42
284.79,146.61,88.87,97.43
284.92,146.6,88.418,97.421
283.62,147.08,89.186,95.689
284.53,148.13,88.413,95.61
284.83,146.99,87.856,96.102
285.67,148.69,87.492,95.939
284.71,148.5,87.503,96.325
285.27,149.9,88.256,95.242
284.83,151.32,87.662,95.828
286.21,153.44,86.465,94.328
286.75,155.83,86.265,92.622
285.92,156.37,86.37,95.563
286.95,156.9,86.252,96.33
286.64,159.14,84.622,96.131
285.72,162.75,86.348,95.982
284.85,164.02,86.917,95.432
286.64,166.4,85.138,95.141
285.4,167.85,85.808,96.684
285.92,170.22,85.983,96.668
285.73,173.31,85.969,95.919
285.74,174.38,86.038,97.049
285.34,175.74,85.739,97.149
285.69,177.62,86.009,97.543
286.13,180.01,85.593,96.072
285.65,181.16,85.578,96.105
285.8,182.56,85.781,93.501
283.68,181,86.726,97.451
283.68,181.86,86.469,95.29
283.83,181.67,86.958,95.083
282.8,179,87.553,97.914
282.48,179.66,89.645,95.826
282.32,178.78,90.317,97.976
281.48,177.29,92.642,99.81
283.15,177.49,90.769,98.694
282.9,178.6,92.255,97.755
283.16,179.73,92.843,97.553
283.9,178.44,91.512,99.137
282.51,180.11,92.793,101.42
284.57,182.56,89.408,98.884
284.32,181.64,89.391,98.792
283.76,182.06,88.184,99.227
282.91,180.78,90.523,98.105
283.81,178.23,90.945,101.84
282.44,176.8,93.533,100.37
278.3,171.72,95.932,102.47
276.73,172.01,96.797,106.52
274.41,169.56,99.029,109.41
272.76,167.06,99.304,109.39
270.25,168.25,102.3,106.66
268.38,167.32,104.85,107.71
268.3,167.23,103.46,107.81
268.56,165.58,104.41,107.21
266.63,163.77,107.33,111
266.29,162.39,106.12,110.32
265.61,161.32,107.86,109.42
263.48,158.32,106.54,111.72
263.76,156.89,106.6,109.82
262.77,153.9,108.59,108.67
263.51,148.56,108.15,111.15
261.16,148.38,109.89,110.23
260.91,145.65,108.95,110.1
259.33,142.37,110.13,109.19
259.05,140.21,110.17,106.37
259,136.44,109.28,107.03
257.33,132.66,108.98,105.65
257.18,129.65,108.78,107.45
255.67,127.51,110.3,104.67
258.51,124.56,105.94,104.34
258.62,123.61,104.85,100.74
258.72,123.48,103.23,98.383
259.57,120.5,101.48,98.074
258.85,118.64,100.93,93.785
258.58,120,100.69,92.868
258.45,119.86,99.052,92.283
260.64,119.52,97.379,92.636
259.89,121.94,96.521,91.88
259.44,121.79,98.585,92.843
260.26,127,95.012,88.219
260.33,127.71,94.444,90.098
262.02,132.79,91.923,87.467
262.44,135.2,94.249,85.912
263.27,138.47,92.933,86.507
264.86,141.2,92.336,85.682
267.23,142.81,88.185,83.942
269.73,145.38,87,86.165
270.9,150.02,85.115,83.75
271.57,152.07,85.611,83.249
273.92,154.4,83.805,83.768
273.71,157.3,85.511,82.719
275.63,159.11,83.759,83.731
277.78,165.29,82.219,79.795
278.56,168.5,84.229,81.467
279.84,172.71,83.388,80.163
281.72,175.53,82.888,81.093
283.83,181.63,81.476,80.487
282.81,183.3,84.269,79.371
283.19,183.75,84.8,81.129
283.76,186.99,84.525,80.487
283.79,187.21,84.859,80.9
284.74,187.56,84.987,84.19
285.76,188.37,85.929,87.15
285.35,188.83,86.437,86.15
285.6,187.98,86.157,93.538
285.62,187.13,88.282,93.238
284.84,187.91,90.92,95.435
285.22,187.52,89.391,100.18
284.69,186.65,92.653,97.039
286.43,186.57,91.475,98.48
286.29,186.35,92.615,99.246
287.07,185.86,93.979,99.711
287.33,186.24,94.314,98.473
288.02,185.58,94.02,101.38
289.26,184.77,95.455,106.11
289.08,184.11,95.689,106.91
289.43,183.08,97.349,108.83
289.64,180.91,95.855,113.73
288.1,180.91,98.924,112.86
287.92,180.08,98.028,113.38
288.08,179.61,98.883,115.8
285.12,180.38,100.85,119.49
284.81,179.23,101.9,120.1
282.3,181.09,101.8,117.05
281.8,180.76,103.97,120.23
281.5,181.26,103.65,119.14
280.38,182.4,105.88,120.58
280.85,182.77,106.19,119.8
281.83,181.88,107.14,119.85
282.26,181.97,106.47,119.37
281.45,180.96,106.41,120.67
283.2,178.84,108.13,121.99
281.43,177.67,108.26,119.85
281.79,175.51,110.55,121.42
281.08,171.87,109.94,120.41
282.22,173,110.96,121.39
278.68,174.3,116.54,119.2
276.26,173.6,118.05,118.75
277.02,174.08,117.49,119.09
276.8,173.71,117.3,119.49
273.79,173.18,116.02,118.79
272.21,172.93,117.14,116.76
273.99,170.02,116.89,116.78
272.96,168.56,115.03,115.49
274.78,166.45,115.63,116.77
275.07,166.74,112.05,114.29
275.57,162.94,112.33,113.59
275.2,163.85,110.94,115.03
278.91,165.66,107.61,109.75
277.38,166.4,109.86,111.41
276.97,166.17,111.54,108.73
279.71,168.69,106.54,106.73
279.19,168.43,106.28,107.14
282.12,169.02,105.84,106.69
281.48,167.12,105.5,106.57
279.77,166.71,108.51,109.69
280.57,162.75,107.11,113.37
280.85,159.37,107.02,117.56
280.31,161.46,106.23,114.8
282.57,161.31,105.18,113.05
278.97,157.32,108.08,119.49
278.04,157.08,107.47,118.21
275.86,157.43,108.33,116.41
275.16,155.54,109.34,119.49
276.4,156.48,106.4,117.17
274.47,156.69,106.97,115.28
274.77,155.07,104.54,114.1
271.01,153.88,108.22,114.33
271.44,152.55,105.34,114.45
269.62,151.8,106.51,113.47
270.68,151.65,106.27,111.59
271.24,149.25,103.22,112.96
268.83,146.15,106.33,113.77
269.7,144.66,103.95,110.51
270.16,143.99,103.91,108.47
268.58,141.31,103.42,110.16
268.14,140.75,106.83,110.56
267.68,139.69,106.62,109.6
267.93,138.4,106.24,111.28
268.22,138.97,105.01,108.79
269.14,137.36,106.27,110.88
270.33,137.63,102.89,108.89
269.13,135.92,105.95,107.84
269.26,136.49,105.54,107.85
267.69,134.82,107.39,108.5
271.69,134.28,105.36,109.7
271.89,134.86,103.68,109.72
270.32,133.28,106.2,108.81
271.92,133.9,104.8,107.22
272.89,133.13,102.99,106.12
274.46,134.32,102.42,104.27
273.83,134.12,101.91,102.62
273.33,135.16,102.59,103.32
275.25,136.44,98.001,101.31
275.06,138.08,96.47,100.11
275.97,140.4,97.693,100.55
276.69,142.09,95.81,99.042
277.87,142.7,95.271,101.53
278.06,146.66,93.177,97.204
278.63,145.39,91.825,98.73
278.54,147.39,92.889,96.815
278.66,146.98,92.079,98.859
275.93,145.81,94.387,98.434
275.01,145.74,92.956,99.986
273.84,144.48,94.186,100.83
273.92,144.17,96.608,101.99
272.38,141.54,96.682,104.44
272.91,143.55,98.124,103.57
271.74,143.3,98.257,101.24
272,142.66,96.897,102.33
271.78,143,98.693,101.26
272.37,141.81,98.975,102.17
273.03,142.11,99.382,101.66
271.84,142.07,98.973,102.56
272.73,143.36,99.1,101.92
273.41,141.63,98.148,102.88
273.98,138.19,99.129,106.14
274.8,139.35,98.881,105.2
275.73,140.75,99.412,104.08
277.33,140.99,102.13,105.53
278.22,141.89,103.45,104.13
278.9,140.64,105.57,105.44
281.85,139.04,106.2,106.59
284.12,139.81,104.72,105.91
288.78,139.28,104.73,106.97
290.01,139.66,106.51,107.98
293.08,140.63,106.59,105.8
294.06,138.32,107.17,108.24
294.34,137.66,108.13,109.94
297.33,135.53,108.07,110.28
298.8,137.23,105.55,108.88
299.11,135.74,107.24,108.28
300.37,134.07,107.07,109.75
299.52,136.11,107.7,109.59
299.91,135.28,106.43,108.88
301.3,135.43,106.85,107.03
302.15,133.84,105.69,106.71
300.91,132.47,106.69,107.84
300.17,133.89,107.76,106.71
300.07,132.87,109.03,110.97
298.19,131.6,112.75,111.23
300.39,133.96,111.71,109.9
300.86,132.57,111.46,109.36
300.92,133.54,109.76,109.07
300.45,133.6,111.23,107.54
299.69,133,111.38,107.53
299.57,133.9,111.49,107.33
299,134.09,112.51,108.18
298.13,132.49,112,109.8
296.65,131.68,114.25,110.21
297.88,132.25,112.33,108.78
296.17,132.83,114.66,108.09
293.99,130.14,117.12,110.08
293.02,131.26,116.95,107.45
290.47,130.46,116.91,108.85
291,130.15,116.44,108.8
287.92,127.79,118.7,109.31
285.07,131.04,120.27,108.32
285.59,131.9,117.96,108.54
283.33,132.96,116.39,106.89
280.24,135.54,118,106.94
278.78,138.22,117.57,102.9
276.96,139.8,116.35,103.08
276.72,140.27,113.32,103.15
273.06,141.72,114.16,102.28
268.78,142.82,116.27,100.85
268.28,142.61,114.02,103.4
264.63,144.25,112.4,102.27
263.81,147.51,109.71,101.33
262.41,149.63,106.36,98.571
262.15,149.46,105.11,98.791
260.48,150.41,103.09,100.72
259.69,151.71,99.88,99.501
260.86,152.09,96.07,99.532
260.36,152.2,94.135,99.171
259.12,152.28,95.283,100.53
259.53,151.11,94.908,102.23
259.57,151.07,92.949,100.77
259.78,151.3,92.139,100.18
259.12,148.43,92.636,102.12
257.98,145.47,93.027,105
257.31,144.55,91.657,103.22
255.7,145.28,94.071,102.97
257.32,146.57,93.553,101.63
257.45,144.79,91.925,105.27
255.37,145.96,95.748,105.47
256.54,148.88,94.084,102.94
255.61,148.47,96.3,104.43
256.73,149.78,96.158,102.28
257.81,146.08,94.722,105.91
258.85,144.71,93.999,103.69
260.92,144.53,95.147,104.48
263.71,143.13,94.023,105.68
266.23,142.56,97.144,106.38
269.06,142.64,97.395,106.55
272.05,144.54,98.588,104.56
274.34,143.86,99.005,109.63
278.57,145.56,98.802,109.66
281.5,147.67,99.654,110.06
284.15,149.55,100.59,108.62
286.94,152.71,102.71,110.51
286.62,152.41,104.4,111.57
292.23,153.96,99.886,112.38
293.54,155.59,103.6,112.45
292.21,154.61,107.65,114.16
296.47,159.04,106.05,109.41
297.98,156.48,105.72,111.19
299.02,156.18,105.53,111.26
298.47,155.33,106.58,109.55
298.65,154.08,106.43,110.12
296.65,154.2,108.95,110.9
297.31,151.87,109.66,111.26
291.44,149.88,114.11,110.96
289.54,147.56,116.69,110.79
288,145.42,116.73,113.39
288.28,145.64,117.31,114.44
287.74,146.02,118.39,113.1
290.41,147.34,114.8,111.23
291.93,147.23,113.33,111.8
294.39,147.92,111.56,112.52
294.15,148.15,112.34,115.02
293.35,146.23,111.06,114
290.49,145.52,114.29,113.25
287.87,142.73,115.81,112.54
287.71,140.2,111.3,113.92
286.45,138.47,109.48,111.14
282.89,135.97,111.53,108.79
286.7,135.92,106.57,105.03
287.87,134.88,104.17,103.26
288.32,132.45,101.81,99.133
290.01,131.46,101.05,97.808
286.14,129.92,104.32,96.636
285.9,129.86,103.11,94.249
286.03,129.33,101.82,93.402
290.41,130.64,98.474,89.727
289.28,129.12,100.39,90.271
291.05,129.33,99.563,88.865
292.22,128.63,98.513,89.489
291.03,129.94,100.18,88.683
288.13,128.78,101.7,89.007
290.57,127.79,100.35,90.513
290.52,126.95,100.41,90.974
290.27,127.18,100.18,92.415
290.27,127.14,99.958,91.513
290.73,127.81,99.971,93.978
290.18,128.45,100.35,91.691
289.89,130.22,100.27,90.869
291.36,128.44,99.148,94.519
290.57,129.91,100.45,93.399
290.73,128.48,102.34,96.868
291.89,131.5,102.95,93.5
295.5,132.52,100.43,97.297
293.81,133.23,105.82,97.134
296.27,132.45,102.25,99.994
296.16,136.19,104.72,97.377
298.37,138.71,101.68,99.413
298.82,140.28,103.27,99.472
298.59,141.76,103.3,101.72
298.51,144.19,104.91,98.711
296.77,141.95,104.52,99.707
298.05,141.22,103.99,101.29
297.49,140.31,102.39,101.12
297.79,140.92,101.54,100.9
297.04,139.34,101.49,101.79
296.99,140.83,99.301,101.39
295.19,139.52,101.46,103.11
294.33,140.94,103.14,104.25
294.34,139.39,103.02,108.3
295.07,141.63,104.59,106.87
291.71,143.02,110.7,109.31
295.27,142.24,106.15,111.8
293.93,138.92,108.4,116.86
291.51,139.61,110.31,115.32
288.89,138.71,110.56,117.44
289.73,140.49,110.33,114.31
291.98,140.38,106.78,116.68
290.57,139.42,106.12,117.79
288.13,140.32,108.49,118.91
288.61,141.73,106.21,115.29
286.25,141.01,105.8,117.03
286.66,141.24,110.66,116.92
283.73,138.6,111.28,118.97
285.04,140.6,108.58,114.9
282.77,137.33,111.92,118.88
282.85,134.34,110.2,120.42
279.59,134.03,112.23,117.62
277.61,131.33,112.98,118.8
278.39,131.71,112.27,118.81
275.19,129.74,115.14,119.77
275.05,130.88,113.66,116.85
275.03,128.62,113.25,115.28
274.15,127.41,111.29,117.75
275.08,128.42,111.3,116.32
271.56,127.72,113.4,116.17
272.95,127.99,112.65,117.62
272.63,127.96,110.33,115.54
271.89,126.86,112.21,114.26
272.39,124.7,111.11,115.91
271.49,122.72,113.11,117.88
273.33,122.32,109.23,116.51
271.67,121.21,111.62,116.14
271.89,120.46,111.44,116.46
269.83,120.61,113.71,116.39
272.07,119.64,111.23,117.41
271.22,120.15,113.29,116.69
270.99,119.47,114.28,118.42
270.79,120.73,114.47,115.88
272.25,121.98,116.41,114.73
269.93,124.35,116.13,113.75
270.86,123.37,117.95,115.68
271.12,123.64,116.52,116.2
271.93,124.35,114.23,115.46
273.85,129.04,111.61,110.09
272.65,128.71,111.14,107.79
272.24,130.47,110.22,107.48
273.11,135.18,110.86,103.85
271.9,133.87,109.58,105.1
270.79,133.75,110.55,105.25
271.87,135.28,107.46,102.34
269.88,138.48,108.09,101.64
272.13,140,102.08,98.262
271.96,142.67,101.96,97.383
273.09,144.28,97.834,93.834
273.44,146.83,98.107,91.565
274.71,146.71,96.411,93.57
274.34,150.48,94.638,90.558
273.96,150.34,94.164,90.636
274.22,153.4,94.262,89.084
274.41,156.12,92.676,87.316
273.85,158.21,93.299,89.69
273.52,158.15,92.996,91.379
274.89,159.41,91.304,92.392
274.32,159.66,90.286,93.328
274.42,160.93,90.701,91.79
273.52,160.95,91.26,92.558
271.88,159.1,90.783,92.78
271.18,157.4,92.721,94.307
270.51,156.54,90.02,95.035
270.16,155.54,92.312,96.67
270.53,153.62,91.56,99.918
269.33,152.9,93.822,98.113
270.25,152.18,93.121,98.444
270.19,148.74,96.326,102.55
270.22,146.03,96.074,104.91
269.94,144.92,98.153,105.04
270.95,140.04,97.251,109.88
269.7,139.07,99.656,108.8
270.57,136.96,101.36,108.47
268.58,133.2,104.31,112.85
268.69,131.74,108.25,112.01
267.77,130.27,110.92,112.66
269.76,126.68,108.14,113.62
267.8,126.58,108.96,114.71
269.97,126.2,107.71,113.85
268.34,124.05,109.83,117.64
268.47,124.57,110.28,117.22
267.06,123.45,110.03,113.93
268.03,122.38,109.16,117.54
267.76,121.09,107.79,119.43
268.05,121.5,108.39,116.65
268.92,120.19,108.18,117.05
268.34,120.56,107.87,115.65
266.31,119.16,112.43,116.89
266.6,119.66,110.37,117.08
268.23,119.47,109.8,115.84
268.97,116.69,109.34,114.44
267.25,115.22,110.15,114.53
269.18,116.21,109.73,116.09
265.55,115.07,113.07,113.9
263.01,115.97,115.67,113.05
260.73,114.79,115.52,113.31
259.87,113.68,116.42,116.63
258.55,114.43,117.41,115.19
258.04,115.93,115.6,114.64
255.93,117.7,119.39,112.72
254.97,115.94,121.45,116.27
258.37,116.5,117.73,116.07
255.96,118.9,120.84,115.56
260.28,120.42,117,113.59
261.13,117.51,117.48,113.99
261.25,116.87,116.27,115.99
261.63,117.53,117.15,114.54
262.57,119.45,115.31,112.51
262.44,116.75,116.55,114.84
262.61,117.36,117.96,114.48
263.88,117.07,113.78,112.3
263.68,116.02,114.48,113.65
262.2,115.44,116.31,116.53
260.77,115.59,117.5,112.2
262.19,112.33,116.3,117.43
261.41,110.97,115.82,117.47
260.38,109.41,113.39,118.32
259.93,106.48,114.46,116.27
258.52,104.91,115.06,113.87
260.36,102.52,113.85,115.71
261.33,100.2,111.86,115.71
261.85,99.901,109.52,114.09
263.47,97.505,107.77,113.97
263.43,95.046,110.32,113.07
262.15,93.133,113.17,113.08
264.98,94.818,110.5,111.7
262.43,95.301,112.14,111.65
263.46,93.174,110.48,113.57
268.07,96.541,107.47,109.7
268.47,98.815,106.19,106.42
270.15,99.562,104.39,105.4
270.65,99.752,103.67,103.07
270.59,102.44,102.2,100.47
271.39,102.4,99.747,100.93
270.31,104.1,98.794,99.013
271.46,105.76,96.614,96.835
270.29,106.51,96.529,95.73
272.17,108.01,95.224,95.069
271.76,109.12,95.395,93.384
271.52,111.25,95.626,93.226
270.73,110.66,96.14,95.954
269.75,113.08,97.209,95.639
267.96,114.45,101.57,96.983
267.01,115.13,101.94,98.918
267.69,115.33,101.69,103
266.97,116.18,104.96,105.93
265.41,116.36,106.62,110.37
263.35,121,111.84,109.13
264.15,118.26,111.11,108.97
263.71,120.64,111.12,107.31
264.51,118.37,110.45,111.65
264.19,122.39,111.36,111.1
263.69,119.48,112.08,111.81
261.25,119.34,113.71,115.25
262.86,119.91,110.83,115.01
258.94,122.7,113.67,113.6
259.13,121.23,113.71,117.47
256.72,122.71,116.29,117.63
254.31,120.19,116.46,120.61
256.96,122.32,113.85,117.36
258.03,122.26,111.08,119.63
258.56,121.24,110.83,121.86
260.19,122.11,108.59,118.33
260.58,122.42,106.58,120.26
261.52,121.28,107.65,118.39
262.62,124.31,101.57,116.63
264.35,124.88,102.52,116.47
265.93,126.87,97.297,113.45
267.22,128.53,98.574,110
269.56,132.64,94.04,104.86
270.59,132.6,93.82,106.7
271.68,134.91,93.919,105.38
272.2,140.43,92.984,100.03
270.83,142.7,93.149,102.36
270.66,146.16,92.844,97.376
272.03,148.73,89.215,96.525
271.59,150.33,88.979,96.57
269.86,152.59,90.765,96.492
270.52,153.45,89.115,96.467
271.02,155.24,88.033,95.631
270.96,157.47,87.93,95.665
270.46,158.24,87.86,96.079
271.17,160.29,87.795,95.09
271.13,161.28,87.153,95.011
270.61,162.95,86.198,93.777
271.74,163.49,85.055,93.593
272.22,165.65,86.476,94.052
272,166.21,86.3,94.727
272.22,167.31,85.242,93.803
271.99,165.63,86.458,94.852
271.59,166.78,86.132,94.427
271.6,165.77,86.611,94.77
271.91,167.57,86.813,94.249
272.59,166.74,86.372,94.008
276.23,169.18,84.449,92.725
275.43,170.28,86.918,93.857
276.12,169.93,86.983,93.218
277.45,169.65,87.445,93.851
277.42,171.03,89.194,93.197
279.06,171.18,89.38,96.694
278.5,172.41,90.116,94.133
278.75,171.66,91.115,95.5
278.42,171.24,94.992,97.818
279.06,172.96,94.355,99.813
279.6,174.65,95.754,102.15
279.69,177.46,98.951,99.104
281.21,178.06,97.163,100.39
280.83,180.07,98.989,100.79
280.65,181.7,101.22,98.817
282.07,179.6,102.4,103.1
283.49,177.75,102.51,102.8
284.26,176.34,103.16,103.08
284.5,176.15,102.22,103.46
285.71,175.75,105.14,104.04
284.67,173.18,104.83,104.17
285.47,172.41,105.68,105.54
285.83,170.59,106.67,104.3
284.95,167.43,108.48,107.61
286.38,163.36,108.77,108.59
286.76,161.9,107.75,107.47
287.29,161.05,107.62,107.49
285.88,159.24,108.35,106.05
285.34,157.48,107.29,108.87
285.03,153.1,109.35,110.97
286,152.84,106.58,107.29
283.77,151.19,108.77,110.22
284.13,148.48,107.02,111.03
283.2,147,107.45,110.71
281.39,145.91,110.17,109.1
282.35,143.4,108.47,113.95
280.78,142.14,111.21,111.45
281.73,140.15,111.01,117.19
282.28,139.04,108.96,115.36
281.66,139.09,110.65,116.4
281.8,139.74,110.99,115.12
280.61,138.04,111.12,118.89
281.63,138.12,110.66,116.04
279.01,137.48,113.13,118.05
279.16,136.6,111.96,119.65
279,136.41,111.06,124.28
279.41,135.57,109.54,118.42
281.83,137.18,106.68,119.08
279.92,136.34,109.09,117.9
279.61,137.61,108.07,119.85
279.15,136.15,108.9,119.67
280.44,136.64,106.8,118.7
280.83,137.82,107.9,122.39
277.88,137.52,107.69,115.94
280.24,140.51,105.46,113.92
277.52,138.34,104.8,114.96
277.54,139.22,107.07,113.31
278.08,138.26,101.56,115.03
275.65,136.15,104.23,115
276.24,136.29,102.09,113.93
274.91,134.92,101.3,112.56
275.14,134.36,101.13,111.78
276.21,133.94,99.718,113.32
276.12,133.51,96.689,109.7
275.41,134.33,97.266,108.4
277.84,138.37,92.99,106.91
277.59,138.41,90.701,108.31
276.26,142.09,90.676,106.12
276.17,143.07,89.451,104.35
273.48,144.1,89.798,106.33
272.53,145.65,89.761,100.44
271.09,144.98,90.155,102.19
270.74,144.46,90.263,100.76
270.52,143.52,90.435,101.78
268.87,143.73,94.775,98.394
267.73,140.44,98.333,97.873
271.67,137.75,97.523,102.7
272.51,136.03,97.755,107.31
270.94,133.1,101.85,109.08
270.03,130.46,104.87,110.41
269.75,127.36,103.65,111.98
269.45,125.27,105.85,112.04
269.28,123.06,105.57,111.24
269.71,120.95,107.57,113.34
270.63,118.58,107.34,115.06
270.03,116.52,108.46,113.38
270.25,113.78,111.98,114.21
270.3,110.24,111.65,117.47
270.82,109.53,112.07,115.9
269.68,107.93,113.55,116.05
271.27,105.23,115.72,117.91
272.99,105.67,115.24,114.92
273.73,103.13,114.84,117.79
273.56,102.67,117.28,116.11
275.35,101.38,114.94,115.43
276.01,101.43,115.13,116.34
274.39,100.64,115.48,114.96
275.23,98.983,116.88,115.04
276.9,100.59,114.3,115.19
276.5,98.389,113.92,114.52
277.51,99.02,115.01,113.91
277.67,98.565,115.57,115.27
277.31,96.884,113.75,113.96
275.7,96.662,116.35,115.81
275.97,96.823,117.27,113.95
275.42,95.78,117.44,114.57
275.77,98.662,117.64,113.28
275.12,100.31,114.97,113.04
274.15,101.09,115.12,114.74
275.34,99.875,110.32,115.08
274.12,98.656,109.43,114.6
274.44,99.636,105.23,112.34
274.93,99.727,102.07,111.46
274.02,99.26,104.8,113.91
275.34,102.01,101.72,110.29
274.5,102.63,101.59,110.33
274.07,100.6,102.94,114.28
274.24,102.17,101.61,111.35
273.5,101.99,102.23,110.84
272.1,104.56,104.09,111.59
270.75,104.21,100.8,112.42
269.98,106.61,102.53,113.08
268.04,108.53,103.58,113.2
268.05,109.53,104.2,111.36
267.66,111.93,106.46,114.79
266.35,116.08,105.74,109.63
265.5,115.14,105.35,111.61
263.37,114.45,108.46,111.45
261.68,113.27,109.1,116.38
260.99,113.96,107.77,113.83
260.17,115.17,108.84,115.84
258.81,116.39,110.72,117.1
259.19,117.74,110.31,117.29
257.63,118.98,111.93,115.82
259.03,122.22,109.74,114.24
255.46,122.34,112.94,115.52
255.48,123.15,114.74,114.56
255.44,122.95,111.41,116.59
255.09,121.64,114.43,118.43
255.47,121.89,111.89,115.41
255.91,121.72,111.78,113.97
256.59,121.59,112.2,116.99
255.42,122.28,115.84,118.63
257.83,121.2,114.07,119.27
258.01,122.7,113.22,115.24
258.79,123.28,114.68,116.91
260.49,122.91,114.97,118.55
262.72,124.59,115.03,115.99
262.59,124.04,118.2,120.26
265.74,123.86,116.51,120.98
266.7,125.29,115.21,118.54
268.96,127.23,114.58,118.57
270.65,126.07,113.16,116.23
270.47,125.67,116.38,119.2
272.45,122.43,113.92,122.51
272.77,124.8,113.34,119.81
277.48,126.19,107.38,118.9
279.26,124.67,110.32,123.17
281.34,125.97,107.01,119.03
282.11,128.37,108.36,117.95
284.79,130.5,107.1,115.23
287.54,133.25,103.85,116.04
289.52,137.01,102.29,113.74
292.9,136.2,99.36,112.89
296.71,139.71,94.778,109.67
298.58,140.55,92.183,107.82
297.94,141.36,92.749,104.84
298.67,142.91,91.447,101.67
299.36,146.37,90.894,95.288
297.62,143.98,92.87,98.28
298.07,145.3,93.054,96.262
298.55,146.7,95.421,97.273
296.21,147.25,97.881,98.192
296.34,147.71,98.424,98.888
297,146.79,98.34,100.75
296.2,147.87,99.028,101.2
297.01,149.95,99.302,102.56
297,149.17,99.565,102.94
296.67,149.56,101.16,103.75
296.57,149.9,101.5,105.26
297.08,149.01,101.13,106.57
297.05,149.96,101.9,107.73
296.79,149.06,102.92,107.13
299.16,150.27,99.989,107.63
296.38,149.26,103.33,109.38
296.26,149.28,103.8,108.24
295.27,149.76,104.05,109.09
296,151.24,103.74,106.95
295.03,148.65,104.76,110.46
295.17,150.1,104.92,110.15
294.23,148.3,106.1,112.52
294.27,148.99,107.28,112.29
293.1,149.64,108.7,111.85
291.5,150.04,109.83,113.41
291.06,147.23,110.05,118.21
289.52,146.52,109.26,117.65
289.69,144.44,109.11,118.88
288.68,143.16,111.29,120.16
287.32,142.31,113.62,120.52
287.24,143.24,114.2,119.69
286.55,139.85,114.49,123.56
286.6,139.56,117.23,125.16
285.87,139.38,118.3,124.09
285.08,139.02,120.32,124.3
284.97,137.28,117.71,123.29
283.77,136.08,117.16,123.56
281.98,134.01,119.11,122.13
284.03,134.27,117.12,122.72
283.5,135.2,118.49,119.84
282.92,132.45,118.2,118.52
285.91,129.44,114.23,120.97
281.59,125.45,117.59,120.39
284.57,124.29,116.34,119.53
283.98,122.41,115.63,117.63
283.26,119.55,116.98,122.95
286.04,119.04,113.73,117.88
282.95,117.48,118.1,120.57
283.64,118.29,116.98,117.08
285.86,115.78,113.89,119.87
286.19,115.78,111.65,117.72
282.13,113.52,114.31,120.16
280.98,113.39,115.88,118.06
283.89,113.43,112.36,117.74
279.92,112.39,115.15,118.61
281.02,111.23,111.36,116.05
281.08,110.81,112.61,119.93
277.15,107.43,112.77,114.65
278.84,104.23,110.27,116.55
276.79,101.91,112.49,115.29
277.72,98.815,111.65,116.69
275.94,95.169,113.17,116.58
278.29,94.83,110.31,112.57
275.57,91.716,112.52,114.49
277.42,91.258,106.82,113.94
275.9,92.651,110.14,111.36
279.57,91.886,108.03,113.82
280.49,90.684,106.76,113.82
283.74,91.748,104.27,111.39
283.32,92.334,107.01,110.45
285.89,91.828,104.31,109.26
282.97,90.958,106.68,108.83
280.2,89.83,108.16,110.39
283.82,89.538,104.2,109.71
287.2,92.178,103.13,109.71
288.97,88.886,99.631,105.91
287.52,88.084,102.37,105.07
287.48,85.632,103.27,106.21
288.2,87.857,103.22,104.23
290.26,86.673,101.91,108.45
289.23,89.13,103.6,106.1
290.89,86.586,100.27,107.01
292.28,87.414,99.775,107.51
290,87.141,101.28,107.01
291.25,85.302,99.882,107.07
289.31,85.151,101.49,105.71
287.54,85.187,104.55,108.29
293.84,84.383,98.628,105.61
293.26,83.374,98.762,108.51
295.23,83.892,96.262,107.44
291.51,85.192,100.82,107.31
290.63,85.088,103.05,105.86
292.16,87.526,100.89,106.55
290.19,88.435,102.46,105.87
294.74,87.398,99.857,106.87
291.85,86.507,101.21,106.45
293.21,86.195,96.935,107.33
289.26,82.673,100.55,108.96
290.52,82.177,98.849,107.25
291.98,81.894,96.482,104.41
291.18,79.965,96.876,103.84
292.45,79.587,95.761,105.04
293.56,79.947,93.781,106.8
292.49,80.526,95.482,105.12
293.48,81.651,93.267,105.63
293.96,80.572,93.565,108.43
293.71,81.454,95.861,106.42
293.82,81.731,93.876,105.53
294.04,80.597,94.914,109.68
293.74,80.814,95.53,106.84
294.97,79.435,95.451,108.8
296.69,78.12,95.583,109.58
298.42,77.346,96.437,107.31
300.17,76.576,94.983,105.48
301.17,74.194,98.325,107.09
304.23,73.171,93.176,106.12
305.23,71.373,96.168,106.77
309.1,71.672,91.69,107.12
311.45,70.101,90.309,110.12
313.06,69.897,88.229,110.29
316.12,69.941,86.839,107.3
315.86,69.814,88.011,108.16
316.72,70.238,84.864,105.82
315.33,68.745,87.566,106.55
316.69,68.676,84.092,108.52
313.57,69.633,86.958,107.69
313.8,70.831,87.297,106.78
313.66,71.704,87.921,107.93
314.97,73.296,86.639,106.63
313.67,71.746,87.191,109.75
312.83,73.602,88.736,108.51
313.57,73.365,89.103,109.82
312.17,75.362,92.494,109.02
312.57,74.661,91.779,109.14
312.14,75.229,92.934,107.73
311.06,73.07,98.629,110.73
312.72,72.306,97.112,110.39
312.75,71.451,99.041,111.83
315.71,71.115,97.173,110.56
312.89,69.266,101.84,110.39
313.89,68.412,101.37,111.63
312.46,67.649,104.14,111.02
313.14,67.961,102.8,107.84
311.11,67.818,106.1,108.36
312.22,66.836,105.98,111.58
313.17,67.273,105.16,108.05
312.58,67.992,105.53,109.37
312.46,67.633,104.56,106.37
310.02,68.09,107.47,107.76
310.49,68.069,106.71,107.61
311,68.186,102.39,106.63
308.74,67.076,103.58,105.89
309.36,66.623,101.77,104.96
307.5,66.114,101.65,105.77
307.63,67.92,101.84,105.75
305.04,66.378,103.69,104.07
305.35,68.11,102.09,103.41
303.86,68.977,102.32,104.88
302.22,71.221,103.42,104.38
299.56,72.013,105.3,104.67
299.42,72.444,107.47,105.9
298.09,73.832,108.46,107.57
297.39,76.501,112.34,105.35
295.79,76.072,111.58,106.63
294.03,77.053,112.79,107.55
295.85,79.008,110.12,107.29
294.37,79.652,111.9,107.17
294.22,81.227,110.97,106.58
291.91,81.145,111.51,108.5
291.32,81.927,111.15,108.14
292.2,81.406,109.95,109.26
291.09,81.818,111.52,112.54
291.16,82.418,110.58,109.78
292.51,83.379,109.49,110.17
293.99,84.576,107.53,111.71
292.97,84.122,109.7,111.65
293.65,83.519,105.06,111.83
292.93,84.384,108.9,110.95
292.53,86.288,106.93,108.93
291.17,86.471,109.11,112.58
291.71,87.244,108.32,112.85
290.53,87.666,107.85,110.73
290.92,88.118,107.59,112.32
288.7,88.845,107.5,110.83
290.35,89.715,106.22,109.86
289.55,90.222,103.87,109.41
289.16,89.244,105.07,111.01
287.84,92.043,101.16,112.09
289.41,94.814,99.841,108.62
287.11,93.307,101.37,111.19
286.34,96.201,104.62,111.69
287.08,99.022,101.47,113.17
284.76,98.919,107.63,116.93
283.83,101.21,108.46,116.73
285.38,103.92,107.54,115.91
283.59,104.82,109.22,114.25
284.32,106.29,108.06,113.81
280.94,106.45,111.9,115.95
281.01,107.1,111.15,114.89
280.42,105.75,110.77,114.75
279.98,105.53,111,114.47
278.42,105.26,112.6,112.83
279.06,102.18,110.68,117.19
279.04,103.13,109.25,114.56
278.74,102.23,107.99,112.98
279.45,101.73,106,113.63
278.69,101.65,107.96,113.59
282.47,99.735,99.95,112.83
281.55,100.76,102.93,112.9
279.72,102.57,104.79,108.17
279.13,102.54,106.22,114.76
277.73,103.66,106.4,110.33
279.25,104.43,107.31,113.28
276.43,105.77,110.03,111.97
278.99,108.61,107.03,111.79
276.62,107.23,108.06,109.57
276.93,108.68,108.63,110.42
277.96,106.59,105.24,110.57
273.01,104.01,109.13,111.94
274.31,104.42,108.13,108.3
270.24,102.88,113.79,110.67
271.97,100.06,107.31,111.63
269.96,99.829,115.71,109.89
268.46,97.144,112.61,110.42
266.83,98.052,116.64,112.35
265.66,98.127,115.96,109.84
266.89,97.391,114.29,109.66
267.3,98.134,114.36,107.97
265.81,98.72,114.97,108.76
266.16,97.181,113.89,111.3
266.92,96.684,110.3,107.87
266.29,96.606,110.46,108.06
266.04,94.584,109.57,107.84
268.36,93.696,109.45,108.34
270.09,95.693,108.38,107.14
267.49,90.797,110.07,109.65
270.21,91.661,107.05,107.66
270.55,88.354,104.34,108.69
274.69,87.714,101.83,110.28
272.57,86.116,105.28,113.21
271.4,86.69,104.88,111.65
272.39,87.776,106.25,112.49
273.54,87.72,103.62,110.01
272.1,88.488,106.4,114.5
272.79,88.069,106.81,110.9
273.24,90.392,105.95,111.27
271.99,88.346,108.57,111.92
272.98,90.677,106.01,109.04
273.62,86.392,107.11,115.16
273.69,87.858,107.69,109.62
274.45,85.161,105.89,113.8
273.01,85.488,107.83,112.28
272.2,84.39,109.37,112.1
271.79,82.627,111.47,113.01
270.99,83.983,110.98,111.01
270.92,80.663,112.07,115.49
269.66,81.238,112.85,112.25
270.83,80.568,112.02,112.58
267.14,78.525,115.86,113.74
267.16,79.409,115.82,113.88
268.82,79.345,112.32,111.16
267.29,77.562,114.63,111.58
267.86,75.033,114.71,113.34
267.99,74.827,113.83,111.7
267.54,72.611,114.95,113.62
266.92,70.821,116.03,116.66
268.09,71.058,116.37,116.47
267.45,70.5,118.73,114.71
269.07,70.189,117.97,115.66
270.2,69.72,116.42,116.22
269.91,68.374,115.91,115.46
269.67,67.97,115.71,115.35
270.18,68.242,115.97,113.16
269.75,69.065,116.57,111.49
273.46,68.836,112.04,110.4
274.47,69.7,112.18,109.18
275.23,71.219,110.77,106.41
276.7,71.07,109.7,108.51
279.61,71.594,107.27,104.45
281.57,72.584,106.8,103.53
282.41,72.87,106.19,103.65
281.7,71.941,106.64,102.5
283.07,72.396,103.44,99.572
284.74,74.091,102.51,99.375
282.83,74.531,103.28,98.641
285.56,74.469,100.79,98.187
287.33,76.934,100.51,94.727
288.74,79.103,99.023,91.326
290.5,78.527,97.755,92.726
293.11,82.67,95.976,88.567
295.91,86.276,92.991,86.365
296.24,88.613,94.652,84.021
298.45,91.826,91.541,82.387
298.95,92.28,92.571,83.145
298.45,94.138,94.088,81.597
299.26,93.813,95.489,84.491
298.44,96.802,97.241,83.449
298.44,97.45,96.351,86.395
296.91,96.113,98.073,87.031
296.87,98.737,99.163,86.483
296.66,98.667,99.562,88.836
296.5,98.701,99.794,87.938
296.48,98.46,99.296,89.241
294.81,98.682,103.03,89.381
294.44,97.227,100.52,91.045
291.69,97.117,104.61,91.807
288.33,95.895,104.89,95.073
287.64,95.417,106.27,95.227
285.69,95.036,106.47,96.197
283.85,94.365,107.53,96.944
285.78,94.69,105.11,98.099
282.45,94.406,108.75,98.901
282.34,92.229,106.98,98.559
281.35,90.609,108.72,101.35
279.88,89.837,109.64,101.3
280.1,90.201,108.68,103.37
278.1,87.513,109.07,103.95
278.23,85.711,110.25,103.93
278.04,85.518,108.99,105.13
277.71,83.961,110.5,106.31
275.06,84.737,112.85,108.02
275.34,85.382,112.09,107.92
273.94,85.007,113.69,108.66
274.4,87.58,112.54,107.6
274.57,88.204,113.5,108.52
275.01,87.857,112.71,111.72
274.9,88.653,112.05,109.96
273.1,88.586,114.46,109.26
275.64,89.92,110.48,110.34
273.78,89.757,111.93,110.41
274.57,89.681,110.13,110
273.97,89.703,113.56,111.12
273.01,90.388,114.71,110.82
273.94,90.763,113.51,108.16
275.13,90.491,112.33,109.03
277.32,92.707,108.63,110.27
277.53,94.033,106.37,110.39
278.2,96.611,110.11,106.42
275.06,95.898,111.12,108.76
277.64,95.122,109.11,108.36
275.22,95.9,110.44,106.78
276.69,94.878,110.45,108.29
277.25,95.636,109.79,107.27
276.65,95.379,111.92,109
278.19,96.842,109.19,107.62
280.32,97.281,108.42,107.85
278.28,96.294,110.4,109.58
278.08,96.955,111.82,109.83
279.32,98.698,110.65,108.43
281.39,98.926,109.91,108.88
278.09,100.61,111.19,106.97
278.54,98.59,111.8,108.85
280.41,99.827,111.16,106.74
279.71,98.825,112.34,106.62
280.23,99.815,110.84,107.97
282.57,100.84,108.73,107.08
276.77,100.2,112.94,108.31
278.95,100.73,109.99,104.31
280.23,101.61,109.53,106.68
281.52,102.13,108.87,105.08
280.46,102.48,109.86,104.81
279.81,100.73,109.92,107.75
282.14,101.09,107.48,106.56
280.8,101.53,109.94,107.44
280.29,100.56,109.65,107.1
279,100.97,109.7,106.45
282.02,100.35,107.34,106.78
282.44,101.97,108.59,107.5
282.03,101.98,110.21,106.49
283.14,101.81,109.14,108.62
283.2,103.08,110.09,108.88
279.87,102.91,114.9,111.4
280.23,103.81,115.51,112.87
280.42,105.76,114.65,110.44
278.48,105.1,114.18,112.28
277.98,105.56,115.56,113.97
275.34,106.62,119.08,113.37
279.81,107.58,113.23,110.93
275.21,106.33,116.53,112.15
274.42,107.15,119.14,112.05
276.84,108.41,116.72,112.47
279.38,110.3,114.76,111.5
277.66,109.16,115.1,113.57
277.99,109.91,112.73,112.64
280.15,109.58,109.4,110.65
277.85,108.94,113.61,112.75
276.54,108.81,114.35,111.91
276.51,108.57,115.33,114.22
277.89,109.88,113.37,110.84
277.01,109.62,112.82,112.25
281.12,109.8,108.34,111.65
276.71,110.2,114.53,112.59
282.85,112.69,107.64,108.59
276.61,113.13,114.88,112.75
279.01,114.94,112.21,111.03
279.85,116.91,113.37,112.97
277.24,118.17,115.5,113.16
280.83,118.52,111.13,113.26
281.17,119.61,110.9,113.43
281.62,122.89,112.59,111.27
282.86,125.06,112.82,111.03
283.71,125.56,111.16,111.36
283.08,125.09,112.17,111.97
286.75,127.31,109.53,110.85
289.02,126.41,108.52,109.87
289.97,127.56,108.88,106.78
290.28,127.55,107.49,108.97
290.45,128.4,107.29,105.33
291.37,130.25,106.83,104.18
289.61,131.35,108.06,102.2
290.68,129.47,101.32,101.87
291.07,130.94,100.19,100.71
291.68,132.69,99.25,101.94
290.16,132.55,100.65,102.01
290.07,134.3,98.612,100.63
289.74,136.49,98.278,101.26
289.4,140.96,99.829,100.85
290.91,144.55,98.725,102.13
289.53,144.33,100.77,101.29
291.06,146.34,98.667,101.8
290.53,147.73,100.47,101.35
291.28,147.82,100.01,100.63
291.09,147.58,99.974,103.52
290.76,148.48,101.1,102.21
290.58,147.41,101.03,103.08
292.03,146.93,99.578,103.01
292.63,145.94,97.983,103.51
292.61,145.64,99.295,101.55
291.25,144.3,101.17,104.41
291.73,143.44,101.77,102.59
291.51,144.38,102.06,102.49
291.33,141.07,101.68,103.44
292.07,139.88,103.23,103.56
292.42,138.22,102.47,103.37
291.86,135.22,103.34,103.94
291.01,131.43,103.52,102.2
291.91,129.86,105.78,106.14
291.75,127.34,106.73,104.6
292.28,122.77,108.42,105.57
293.3,120.67,107.89,107.25
291.64,119.25,110.8,103.9
290.13,114.55,111.16,106.74
286.25,109.83,114.15,109.24
283.93,110.21,113.58,107.83
281.13,107.01,113.98,109.33
281.5,106.24,111.33,110.51
277.89,106.12,113.03,110.26
276.83,106.01,111.83,109.31
275.72,106.82,112.35,110.74
272.86,105.8,113.54,110.32
271.41,105.35,113.08,110.81
269.16,106.63,114.33,111.86
269.1,107.29,113.95,109.84
269.02,107.88,114,111.65
270.78,108.54,110.78,108.28
268.78,110.26,111.32,107.73
269.39,108.59,111.62,110.15
268.87,110.06,112,109
266.99,110.11,111.7,110.92
267.09,110.36,112.31,109.63
267.13,109.83,112.7,112.45
267.59,108.86,112.02,111.15
268.3,109.81,112.36,110.95
268.63,109.69,113.28,108.94
269.6,110.21,113.14,110.49
269.87,109.92,112.77,108.86
269.83,108.87,113.19,109.22
269.96,107.84,112.08,109.08
270.29,107.27,113.03,108.51
271.55,106.94,112.15,109.52
271.54,105.62,114.66,111.91
271.97,105.13,113.1,109.42
272.16,104.16,114.74,109.77
271.73,104.39,114.57,110.57
271.65,105.2,116.18,109.65
270.99,104.6,116.4,110.79
272.24,106.09,115.31,110.87
271.98,105.2,116.07,110.23
271.74,104.48,115.58,110.43
272.09,104.95,115.53,110.58
272.09,103.84,116.8,110.9
271.63,102.05,116.99,110.9
272.38,103.21,116.31,111.69
272.28,101.86,116.97,111.69
273.2,101.9,116.72,110.74
274.48,101.81,114.39,110.38
273.91,102.37,117.4,112.46
273.8,103.81,118.68,110.78
273.75,105.01,117.57,108.84
274.01,105.47,115.75,110.69
273.11,105.93,118.37,113.01
272.35,106.35,118.35,112.89
272.76,106.95,117.72,113.07
272.08,110.36,117.91,110.88
270.73,111.31,118.22,111.16
272.34,112.48,117.61,114.2
271.22,113.99,117.58,112.29
271.14,114.81,117.45,113.64
271.16,115.68,117.34,110.76
271.03,116.02,118.76,111.54
272.07,114.84,118.27,113.74
271.86,115.18,117,112.86
272.12,115.89,117.22,112.86
272.86,114.69,117.76,114.39
272.17,116.02,118.17,111.56
273.76,115.56,117.45,108.17
276.43,115.06,116.45,110.62
277.77,114.98,116.85,109.96
278.34,115.29,115.37,103.72
271.47,114.54,123.98,112.09
287.38,115.29,108.91,110.3
279.99,112.45,114.61,114.44
280.01,105.34,117.97,119.75
281.39,121.6,117.91,104.69
281,117.45,115.93,108.58
281.31,115.18,116.19,110.68
281.48,113.9,116.01,110.57
281.74,112.35,115.23,112.28
281.8,111.06,116.77,112.72
282.35,111.59,117.68,110.36
283.07,110.18,117.44,112.75
283.92,111.94,117.74,112.66
284.67,112.34,118.78,112.93
285.55,112.76,119.94,114.37
286.63,113.59,121.14,113.17
288.01,114.31,122.51,113.65
289.49,114.64,120.38,112.76
290.47,114.51,120.98,113.43
292.73,116.06,123.33,114.05
294.4,115.88,122.09,113.18
295.44,116.13,123.5,113.98
296.26,115.18,123.26,115.8
298.02,113.05,122.75,117.33
298.37,112.33,121.89,116.51
297.15,110.53,125.26,116.67
296.69,107.76,124.43,117.29
295.88,107.81,125.88,116.42
295.06,106.67,125.56,118.51
295.49,106.55,122.12,115.49
294.6,105.18,121.56,115.09
293.67,103.61,122.66,114.27
292.35,102.54,122.67,115.66
289.02,100.58,122.48,112.81
287.61,99.386,123.26,113.77
286.31,96.917,122.6,115.3
285.32,95.072,121.91,113.76
283.62,93.826,122.05,114.5
282.64,92.667,122.12,114.82
281.43,91.912,120.94,113.11
280.77,91.286,120.91,114.74
279.64,92.489,119.57,114.95
277.31,93.567,119.23,114.67
276.49,94.593,118.47,112.17
275.5,95.545,118.01,115.64
275.22,97.254,118.18,115.59
275.33,97.672,117.31,113.87
274.71,98.788,116.54,115.01
273.35,100.12,118.14,115.04
272.24,102.11,116.81,112.86
273.18,102.04,115.33,113.45
273.73,102.51,114.14,113.05
273.37,104.59,115.02,113.92
275.39,104.88,113.62,112.31
275.42,106.46,115.82,109.76
275.48,107.42,113.9,111.78
276.83,107.15,116.11,116.01
281.94,108.05,111.53,111.72
278.18,109.82,118.32,113.18
280.86,108.59,117.93,113.97
281.25,109.65,117.91,115.29
281.1,109.37,120.31,117.29
281.46,110.18,120.41,116.45
282.04,111.57,122.71,118.11
282.88,112.6,121.88,116.28
283.89,112.48,120.25,114.8
283.85,112.92,121.21,117.38
284.05,112.23,120.58,117.48
284.49,113.67,120.69,116.27
285.14,113.1,118.39,114.01
285.44,112.38,120.87,116.59
285.65,112.49,119.87,116.25
284.83,112.24,121.82,114.88
286.15,112.36,119.12,114.03
286.31,113.38,121.02,114.63
286.67,112.85,120.12,114.04
287.5,112.42,118.64,116.27
286.06,112.54,120.25,115.74
284.99,113.95,121.26,116.28
283.77,113.12,121.18,116.2
282.4,115.01,120.43,114.25
282.54,114.26,119.16,113.35
280.97,113.71,120.23,116.2
280.32,113.25,119.11,115.11
279.54,113.28,118.94,115.05
279.05,112.58,120.47,115.13
279.26,113.61,119.32,115.29
279.61,112.76,119.29,113.37
280.24,112.79,119.14,114.78
280.95,113.65,119.97,115.4
281.07,113.87,120.1,115.55
281.68,114.01,121.2,116.46
281.75,113.94,120.99,118.41
281.71,114.34,120.86,115.59
281.86,113.96,120.56,116.06
282.1,114.02,119.91,117.15
282.08,114.52,121.41,118.49
282.38,115.12,119.65,115.31
282.04,115.34,119.16,115.19
281.93,115.37,118.46,117.05
281.59,115.45,120.6,118.64
280.54,115.6,120.69,117.28
281.34,116.36,121.79,119.5
281.52,115.95,120.57,116.97
280.98,115.95,120.55,115.75
281.64,116.17,119.16,114.18
281.19,116.34,118.89,116.64
280.54,116.48,121.33,118.2
280.67,116.37,120.06,116.57
280.52,116.76,120.85,115.98
280.34,115.36,119.91,118.62
280.21,116.25,121.64,118.97
280.47,116.01,119.58,116.55
279.52,116.83,123.21,117.75
279.39,116.82,123.44,118.25
277.72,115.6,124.58,119.62
277.82,116.75,125.65,118.77
276.78,117.12,123.71,116.88
276.3,117.6,124.9,120.7
274.52,120.91,121.11,117.87
272.34,122.41,123.12,118.92
271.81,124.01,120.22,116.46
270.63,124.98,120.55,119.74
270.2,127.49,121.64,118.47
269.39,129.99,122.69,119.67
267.16,131.2,125.01,120.42
269.1,133.39,121.63,116.68
267.92,132.23,124.51,121.94
268.85,132.71,122.59,120.59
268.73,132.3,124.92,123.12
268.77,132.75,126.6,120.1
268.73,133.42,127.17,124.22
268.52,132.82,125.1,123.15
268.62,133.19,125.96,123.81
268.12,133.4,125.67,120.14
269.18,132.16,124.61,123.64
268.03,132.07,123,121.12
266.96,132.78,122.84,119.36
267.18,133.04,122.15,118.67
266.19,131.25,122.58,122.49
265.64,131.8,119.68,120.08
265.72,131.36,118.63,120.55
265.7,132.06,116.71,117.37
264.73,132.15,115.58,117
264.77,134.51,115.61,118.83
264.19,134.93,115.47,117.54
265.35,135.26,114.71,115.1
266.72,136.39,111.83,113.33
267.04,137.63,110.99,114.58
266.94,140.68,109.34,110.12
267.18,139.69,110.03,111.16
267.36,141.8,109.85,107.24
268.69,141.73,109.21,106.6
270.58,142.19,105.94,102.99
273.72,142.26,102.88,102.47
275.22,141.64,99.11,100.3
276.27,141.89,96.867,97.038
279.54,140.34,92.534,95.456
280.13,141.34,92.389,93.387
281.43,143.78,90.705,89.668
282.39,143.45,90.291,90.322
281.61,142.5,93.155,92.603
280.44,139.89,94.252,96.313
277.67,140.15,99.518,99.291
277.56,136.26,101.63,101.02
274.62,134.48,106.5,107.23
273.93,128.8,107.15,110.8
274.29,129.29,105.89,111.15
272.89,128.93,107.18,109.94
271.66,127.7,109.5,109.82
270.73,125.26,110.14,112.45
269.15,124.24,110.55,115.64
267.2,123.26,112.62,114.07
268.02,121.8,114.7,114.9
268.2,123.04,113.58,114.98
267.86,121.73,112.78,114.21
268.14,120.76,113.88,115.66
267.75,119.58,112.94,113.61
267.62,119.53,113.46,112.26
266.81,118.06,115.74,115.34
266.63,116.66,116.71,115.8
266.59,116.11,115.29,115.88
267.64,116.48,114.93,116.37
266.97,117.38,117.07,118.68
266.71,117.07,116.53,125.13
268.78,117.7,116.01,125.45
270.49,118.9,117.37,127.14
272.73,121.74,115.97,126.49
273.36,123.7,116.82,124.78
274.57,124.05,116.31,124.08
275.17,124.13,116.12,124.55
275.11,123.13,118.29,126.94
274.91,121.7,119.52,129.41
274.69,121.57,121.24,126.65
273.92,120.79,119.97,126.16
275.25,120.9,122.93,126.02
273.96,119.05,122.49,122.56
274.55,116.2,120.04,123.38
275.03,115.47,120.5,123.2
274.55,113.78,121.15,120.34
276.03,114.45,118.92,122.02
277.86,112.21,117.54,125.19
277.81,112.43,118.71,123.46
275.52,112.56,118.26,124.04
275.08,110.84,117.74,125.64
274.02,111.8,119.15,125.47
273.11,111.22,119.82,127.31
273.21,111.52,118.92,125.19
273.48,112.32,117.62,125.8
274.07,113.3,119.37,124.36
274.75,113.77,119.13,122.38
274.68,115.7,118.72,122.81
274.73,115.62,118.1,123.28
274.45,117.02,117.73,122.3
273.86,119.67,117.11,119.78
273.9,120.56,114.03,119.12
272.64,121.63,110.07,118.66
270.46,123.95,110.86,116.79
269.88,122.79,110.16,114.96
268.83,125.29,106.48,114.38
266.73,124.31,108.31,112.32
265.71,124.21,110.07,116.43
266.13,123.8,109.35,114.94
264.95,124.62,112.79,114.49
265.02,123.86,111.66,116.14
265.86,127.17,110.49,115.93
265.78,123.17,114.39,118.95
267.06,125.4,114.39,119.53
268.8,124.94,115.37,119.23
271.08,125.42,114.44,119.55
273.72,126.73,115.96,121.69
276.99,128.78,113.41,120.7
277.43,128.37,115.53,121.83
282.1,129.02,112.57,119.23
285.37,128.35,111.75,123.71
289.55,128.79,109.39,120.02
289.74,129.71,112.41,121.09
290.02,130.93,110.16,119.09
293,130.32,105.81,119.95
295.56,131.31,107.84,118.71
294.23,132.36,110.75,120.63
293.71,133.38,109.55,117.79
295.01,132.9,107.39,116.92
297.21,134.92,106.99,116.1
296.86,134.69,105.52,114.89
296.45,133.92,106.64,114.75
295.43,135.27,106.64,113.01
296.07,135.45,105.82,112.73
295.64,135.76,104.44,113.46
295.82,137.74,102.95,110.69
294.9,138.48,100.53,107.98
294.66,139.79,99.018,106.94
294.13,140.27,97.499,104.9
292.26,142.39,99.892,102.79
292.11,143.69,97.883,103.23
291.15,144.87,100.67,101.04
292.79,145.58,98.36,100.19
291.21,145.29,98.975,101.32
291.79,145.61,98.794,100.51
291.19,148.41,99.095,98.541
291.8,147.63,98.221,100.38
291.75,148.31,95.518,96.045
292.31,149.81,97.759,95.18
293.2,149.17,97.24,93.738
291.86,148.56,97.98,93.201
290.56,148.53,95.986,89.359
289.61,148.91,97.083,89.924
289.49,146.31,96.539,89.242
289.61,145.19,96.888,89.186
287.88,143.87,99.592,92.045
288.7,141.9,97.951,92.456
287.99,139.45,101.77,94.474
289.37,137.28,100.03,93.65
288.47,135.4,100.36,93.792
288.35,134.54,98.811,93.822
287.48,132.73,100.38,95.054
285.41,131.84,105.34,94.547
283.4,127.63,104.89,96.921
283.16,126.52,104.13,95.739
281.33,124.3,106.95,97.428
280.05,119.43,106.36,99.499
279.3,115.99,107.85,101.04
278.63,115.03,107.03,102.53
277.52,113.94,107.81,101.42
276.54,111.54,109.06,105.9
275.3,111.37,108.6,104.41
274.73,111.39,108.9,105.97
273.31,110.45,107.65,107.42
274.23,109.55,107.35,106.2
272.78,109.61,108.85,107.54
271.9,109.14,108.27,109.1
271.89,107.22,108.6,109.15
271.9,106.5,108.59,107.44
270.87,102.44,107.77,113.86
266.78,100.88,114.11,116.07
265.91,98.873,116.93,118.72
263.52,97.378,118.63,116.54
267.24,95.283,112.25,119.57
266.52,95.7,116.67,119.95
266.89,93.682,113.83,121.97
265.82,94.669,114.25,122.48
265.46,95.167,114.53,122.05
265.96,95.579,115.3,123.66
265.81,96.401,117.28,124.92
265.11,98.824,116.51,124.94
266.02,100.5,117.37,125.32
267.22,102.05,115.94,124.19
268.25,104.17,114.65,123.4
269.38,105.84,115.94,121.19
271.7,109.25,112.27,119.16
272.19,112.64,110.67,115.57
273.32,116.09,107.8,112.78
275.78,117.86,106.69,113.79
276.71,119.48,102.83,106.91
277.54,120.71,101.07,104.58
279.21,120.7,96.437,98.406
282.03,122.88,94.058,97.543
282.63,122.69,93.714,95.528
283.1,123.4,92.999,94.889
284.71,124.95,92.144,93.1
285.87,125.81,91.516,92.904
286.03,129.34,92.837,92.597
287.23,130.7,93.476,92.011
287.39,131.39,95.887,94.066
287.82,131.38,96.026,93.371
286.19,131.1,98.129,95.958
286.26,129.58,96.756,95.985
283.05,127.34,99.637,99.073
281.59,126.04,99.552,98.097
279.74,123.44,100.12,99.584
276.96,119.82,102.1,99.904
276.73,118.35,100.81,101.5
273.84,115.56,103.67,102.22
272.61,113.31,103.25,103.18
271.18,111.95,105.51,105.64
268.52,110.28,108.14,107.47
267.7,109.4,109.06,106.94
266.08,107.25,109.92,110.27
262.78,105.88,110.45,111.93
258.59,106.08,113.01,113.37
251.77,104.6,116.37,114.39
245.06,101.75,120.94,118.08
237.48,99.057,122.72,118.99
230,96.624,124.8,120.46
222.76,93.238,128.43,124.36
217.35,89.665,129.14,125.4
213.91,85.86,129.96,125.68
210.7,81.116,128.93,128.68
208.12,76.525,130.47,127.6
203.96,68.702,132.96,131.37
202.74,65.332,133.52,131.55
204.75,61.489,134.28,131.19
205.49,58.636,134.39,130.98
207.85,55.199,134.96,132.05
210.1,51.759,134.16,132.88
212.53,49.738,133.43,132.81
213.18,46.602,132.62,131.43
215,45.946,133.64,129.58
216.88,46.931,133.06,130.05
217.71,49.039,129.71,130.28
218.24,56.282,129.61,126.69
220.09,63.869,130.87,124.78
223.89,72.822,129.94,123.62
224.03,76.052,131.24,126.44
224.09,79.874,133.07,125.61
223.95,81.51,134.03,123.71
224.18,76.962,134.88,128.66
222.47,73.694,136.13,131.63
223.36,67.144,133.98,133.99
224.85,56.709,133.92,137.19
229.83,48.838,133.85,138.99
234,45.576,133.47,137.08
237.06,38.14,134.33,141.44
240.57,34.347,137.17,141.04
244.59,29.637,137.27,142.18
248.54,26.741,138.67,141.99
250.94,23.59,141.53,142.29
253.18,21.843,142.14,141.63
256.26,18.498,143.5,143.41
259.5,18.963,143.73,143.63
260.56,17.711,145.1,147
261.7,17.825,145.33,149.71
260.12,18.528,148.58,149.18
259.46,16.619,152.11,154.05
261.28,17.486,151.24,152.46
261.44,16.313,152.16,154.65
261.25,14.458,154.18,153.71
261.82,9.8066,151.99,156.04
261.5,8.0978,153.47,159.2
260.24,5.8674,155.77,159.45
261.61,4.5436,155.62,161.37
261.32,5.2282,157.14,162.9
