225.81,135.81,61.808,71.808
226.07,138.96,59.75,69.878
226.61,137.47,56.787,71.253
219.62,139.71,60.509,76.207
217.87,133.99,60.806,74.548
217.11,131.11,59.899,70.663
215.38,127.85,58.618,72.793
213.55,123.92,59.811,73.096
212.92,118.06,59,76.577
209.55,113.66,61.729,75.682
207.14,108.44,60.74,72.874
203.28,105.83,62.064,73.58
199.43,102.41,63.616,68.774
197.84,97.868,63.47,71.049
193.63,93.768,66.655,72.838
189.44,91.17,70.292,80.775
190.9,89.906,65.698,78.523
190.6,89.988,64.506,75.441
190.46,88.831,65.269,74.326
189.85,88.422,66.391,72.536
190.24,88.14,65.565,69.733
189.9,87.661,69.944,70.814
190.53,90.155,65.804,70.78
190.6,93.264,65.354,70.332
191.51,96.465,64.957,71.22
193.57,100.06,63.073,69.75
196.28,103.62,61.988,70.195
197.46,106.25,65.77,71.803
198.57,108.64,64.938,71.432
201.52,107.13,61.826,73.413
203.53,107.78,61.856,71.558
203.47,103.13,62.164,73.166
206.17,97.964,59.21,74.45
205.24,91.163,61.262,76.49
205.5,84.383,62.305,76.36
207,80.048,62.702,75.549
208.15,76.032,63.042,75.138
210.02,73.404,63.101,74.289
211.75,71.864,64.597,75.927
212.88,72.137,65.847,76.304
213.63,73.791,67.917,74.164
214.84,75.868,67.531,73.031
214.29,79.935,68.347,73.601
214.1,84.343,68.06,71.027
214.9,88.756,68.34,74.74
215.13,93.967,65.48,75.192
214.69,99.702,67.933,73.443
215.94,105.94,67.646,74.382
216.4,112.04,67.792,74.835
218.87,116.69,65.424,75.365
220.05,120.5,66.635,76.736
223.52,122.73,66.499,78.048
224.69,122.3,66.675,78.255
226.1,117.79,67.743,79.234
229.08,112.61,67.621,79.836
229.8,105.58,69.48,79.947
234.48,97.96,66.503,76.425
235.92,92.679,62.744,71.582
239.84,86.492,58.994,70.978
240,83.12,59.094,70.039
239.43,83.684,58.238,67.555
239.3,88.599,61.677,70.219
240.5,92.658,62.379,68.436
240.18,97.021,63.235,70.409
240.93,99.169,65.123,66.141
240.38,101.43,67.855,67.771
241.01,101.45,67.014,69.62
242.67,102.71,66.716,71.009
242.77,101.41,66.123,72.35
243.63,102.38,65.989,71.046
243.93,103.83,66.915,69.263
244.99,106.36,64.397,69.28
247.12,110.08,62.325,67.819
247.09,113.54,63.546,69.515
245.23,114.77,67.998,72.472
246.86,114.13,66.523,71.52
247.02,113.54,67.068,73.733
246.77,110.01,67.013,74.987
248.89,104.46,65.247,76.173
251.18,95.963,62.983,74.871
252.15,85.97,62.467,74.038
253.73,76.818,63.004,71.244
253.66,69.087,64.111,72.074
254.27,63.814,65.261,73.883
256.06,61.949,63.5,74.33
256.19,59.317,65.387,75.837
256.07,58.104,67.468,78.795
257.49,59.189,65.959,76.55
258.62,60.958,66.024,75.475
258.15,62.047,67.876,77.972
260.56,62.827,68.173,78.156
259.53,69.056,66.094,72.477
259.62,73.188,67.513,70.833
259.42,76.995,68.057,71.888
257.28,80.272,68.653,76.07
256.39,82.726,66.471,74.765
254.43,87.91,66.355,74.68
251.22,94.246,68.573,73.772
247.35,96.008,70.718,78.242
242.38,94.079,70.244,87.805
241.41,92.244,68.371,85.015
237.63,88.85,66.921,85.761
236.33,81.757,67.821,84.086
237.41,71.746,67.046,85.017
240.93,62.385,64.443,79.949
243.78,57.952,62.799,74.669
243.38,54.938,65.397,71.71
244.83,56.152,66.581,72.875
248.78,65.676,68.081,69.638
253.07,73.704,66.881,65.783
253.97,78.81,69.091,69.422
255.61,84.344,68.943,65.425
254.51,86.362,70.591,65.507
254.44,89.941,70.412,66.196
251.75,90.333,69.609,65.801
251.66,87.995,71.302,69.882
250.09,86.238,71.068,71.573
247.95,82.817,70.261,77.522
246.02,82.672,70.813,74.658
242.92,86.296,70.43,75.601
241.6,90.277,67.715,77.068
236.59,93.331,74.483,85.249
236.24,91.8,72.472,86.918
234.6,92.016,74.859,89.064
254.78,108.07,80.786,81.35
254.15,92.67,79.29,89.536
240.73,78.854,74.323,88.745
247.64,69.693,69.804,84.196
251.88,66.007,68.016,80.749
255.56,64.134,68.122,76.15
258.72,65.013,67.636,76.92
259.54,68.922,71.323,78.915
263.39,78.061,69.712,74.777
268.06,87.002,72.835,69.906
267.25,93.838,79.97,68.26
264.55,99.392,78.961,65.462
266.18,100.67,71.827,67.924
265.38,100.17,73.789,70.771
263.86,101.6,71.872,71.966
263.72,100.07,69.261,72.379
261.01,98.641,65.697,75.457
257.57,99.58,68.085,78.388
254.52,100.73,70.042,78.628
249.36,103.6,71.651,81.663
246.77,104.49,70.427,81.67
240.72,107.9,70.188,83.628
237.65,108.02,69.08,83.174
234.7,105.23,70.452,85.125
234.38,98.146,69.407,88.21
238.64,90.554,66.343,89.431
242.55,84.033,64.033,92.664
247.23,75.39,62.065,83.511
246.59,69.567,66.353,76.979
248.96,63.877,69.848,79.719
252.05,68.091,72.917,72.298
254.29,77.535,72.057,68.89
256,86.386,69.762,63.86
255.11,94.748,71.332,63.02
255.74,101.99,67.517,66.048
254.11,106.57,71.708,64.26
250.87,109.2,74.87,66.204
249.13,107.96,73.964,69.99
247.71,103.3,71.503,68.325
244.82,98.747,72.03,72.028
240.22,94.589,73.362,77.683
236.66,93.265,71.893,76.833
233.6,93.878,71.826,77.401
231.81,97.371,71.537,80.288
228.59,98.845,72.052,82.623
224.65,103.18,73.085,86.466
222.89,104.65,72.087,85.908
222.58,102.33,70.373,90.615
223.39,95.278,71.293,89.638
227.46,87.359,68.602,87.313
229.44,79.665,67.439,88.815
231.04,72.579,69.826,83.998
233.91,66.991,69.288,81.73
236.56,63.718,71.018,79.979
239.43,66.712,72.836,75.664
240.04,73.072,74.475,74.117
242.15,80.492,78.236,71.808
243.78,85.246,72.574,66.522
242.73,91.086,74.629,67.607
242.55,95.192,73.65,71.831
241.57,97.13,74.475,73.155
240.42,97.317,74.065,77.297
238.31,96.483,73.595,73.452
236.88,99.292,74.69,73.412
233.98,99.149,75.405,75.847
233.58,100.58,73.571,77.309
231.11,102.69,74.853,77.245
226.28,102.99,74.976,81.037
223.02,105.74,77.637,80.614
219.21,104.14,76.941,84.078
216.02,100.11,78.394,88.916
216.86,94.37,75.396,88.933
216.4,90.979,76.003,87.335
217.29,82.403,73.204,88.04
218.62,74.747,70.68,85.987
219.2,64.447,68.848,85.478
219.87,57.988,67.371,83.097
217.53,50.914,68.187,85.086
215.28,47.898,70.378,84.049
214.39,47.312,70.798,81.129
212.88,47.711,72.231,80.862
214.57,49.595,72.13,81.383
215.63,53.07,70.688,80.368
214.97,56.972,73.149,77.779
215.92,61.942,71.041,77.621
215.5,66.011,72.735,76.617
215.46,71.05,72.696,76.875
214.09,75.987,74.512,76.661
215.41,82.516,73.312,78.043
215.32,88.478,74.309,76.671
216.63,94.646,72.789,78.271
216.9,99.625,74.571,78.837
218.53,104.88,74.649,78.512
219.28,107.02,74.952,79.974
220.58,108.63,76.037,77.144
223.77,104.55,72.812,78.316
224.88,99.396,74.329,78.928
227.59,92.356,74.06,80.904
229.65,83.639,73.391,82.687
227.55,78.622,76.434,82.425
229.21,70.804,74.988,84.606
230.51,64.222,73.587,83.27
232.51,55.237,72.239,85.802
234.41,47.279,73.352,88.028
236.5,41.148,73.611,88.64
238.29,33.157,73.178,87.309
239.23,28.216,74.235,87.506
245.16,26.719,73.225,88.566
302.46,82.689,85.998,101.01
306.85,83.484,83.3,110.03
312.31,85.073,78.929,117.57
314.5,103.69,94.602,99.925
320.06,105.68,90.153,102.88
325.84,122.36,94.328,89.2
319.12,122.13,99.384,77.768
318.07,111.66,96.505,82.208
329.93,127.7,89.673,75.004
316.27,116.94,74.647,79.599
315.44,119.33,68.993,75.658
314.33,119.54,67.41,71.011
311.75,115.64,69.784,74.406
306.47,109.51,71.233,76.178
319.76,119.18,85.123,68.917
335.95,116.73,84.518,65.812
335.61,116.84,82.944,68.508
338.68,118.95,78.536,64.505
338.33,119.76,75.397,67.792
340.5,121.91,75.142,64.933
340.55,121.73,74.651,67.762
335.7,120.8,76.612,69.928
273.81,100.08,79.905,68.595
263.71,101.73,84.212,74.738
257.6,94.233,94.2,88.565
249.7,108.82,86.713,91.401
248.92,106.65,83.262,96.896
244.05,107.9,86.823,95.048
245.13,106.31,87.521,97.468
240.11,102.45,104.47,94.637
230.06,111.17,98.333,117.56
238.46,107.87,101.7,124.45
237.96,111.17,126.34,106.2
248.56,120.31,124.93,114.76
289.57,121.3,109.33,103.81
294.22,122.05,107.15,88.483
297.07,116.13,101.76,88.572
304.14,113.47,103.57,87.76
301.39,106.2,101.67,88.37
304.99,108.25,104.85,92.789
291.75,99.544,115.34,94.433
300.06,100.98,112.8,93.185
276.83,93.713,108.4,100.04
255.68,94.71,102.88,110.2
267.52,86.484,96.18,117.08
200.22,91.33,112.08,105.69
228.92,88.132,84.562,118.15
247.24,87.233,66.449,104.14
238.35,97.285,76.767,96.156
224.92,87.51,81.279,90.048
238.3,77.358,78.118,93.678
235.11,69.98,78.82,99.286
231.36,68.055,80.778,103.47
233.79,60.356,78.772,107.74
229.85,65.368,85.308,102.15
229.64,75.283,83.755,99.43
298.37,118.02,92.3,85.072
303.58,125.99,97.826,79.883
302.38,128.77,107.91,81.013
307.3,127.5,103.89,77.74
298,120.52,107.82,73.407
300.43,113.86,107.68,76.252
291.26,100.62,108.89,88.763
264.31,89.72,96.562,91.225
249.44,83.218,95.806,90.881
239.34,80.808,104.46,97.003
236.28,79.724,105.03,99.181
238.23,74.79,92.104,99.486
235.75,74.758,96.353,99.466
233.71,73.975,89.361,101.44
231.2,71.788,87.075,102.98
230.34,72.607,87.458,99.467
166.04,37.81,77.457,88.359
162.51,42.34,81.99,85.363
161.77,43.95,78.536,85.073
159.25,52.721,76.64,82.648
156.8,57.517,77.469,84.085
153.77,63.693,76.884,84.436
154.16,71.719,74.056,84.23
151.15,77.685,75.416,85.982
149,78.237,75.928,87.997
147.58,76.278,76.971,91.572
151.36,73.211,75.137,88.097
153.58,63.33,76.65,90.58
156.8,49.754,77.221,93.276
159.94,39.334,77.897,93.853
163.33,29.663,78.226,93.42
168.93,23.511,76.002,92.169
170.59,18.177,77.724,95.51
171.72,12.621,79.252,100.34
174.32,12.122,79.291,97.998
177.78,14.482,79.874,97.671
180.9,13.006,79.205,95.437
182.77,15.909,78.154,92.91
187.2,17.036,74.909,85.997
189.49,20.092,74.22,88.579
189.53,20.277,75.37,92.77
189.81,23.01,76.669,91.273
189.89,28.218,75.347,91.967
189.96,33.874,75.96,88.352
190.47,40.063,75.927,89.65
191.07,48.047,74.356,86.411
190.05,51.972,75.344,89.267
192.49,53.352,73.324,88.472
191.84,56.144,75.072,85.736
194.55,58.246,73.612,86.024
193.36,56.802,73.477,87.562
188.33,48.321,76.341,90.281
187.65,43.948,76.669,95.411
187,38.782,77.813,91.6
186.94,32.632,81.033,98.573
189.9,29.335,77.218,97.303
185.57,28.422,81.041,101.42
186.2,27.653,77.804,102.26
183.74,30.375,81.045,103.2
183.69,29.7,76.876,97.272
184.6,30.568,76.414,95.068
183.22,30.885,76.721,95.309
182.72,31.323,75.687,92.384
179.79,32.785,76.619,101.22
176.81,34.235,78.702,109.49
175.29,36.57,76.516,111.56
173.27,41.381,75.599,108.43
169.08,44.483,76.788,92.945
166.69,53.442,75.657,93.98
165.02,62.893,73.54,90.273
160.94,73.287,71.926,93.828
156.83,81.321,69.989,92.608
153.23,89.378,73.237,85.04
151.66,96.86,72.113,81.39
146.9,102.56,73.061,81.994
143.88,106.67,73.275,82.414
141.77,108.2,72.248,83.365
