51.213,53.213,87.213,290.21
49.605,54.257,91.183,285.61
53.01,53.838,90.668,287.32
56.248,53.618,90.787,285.85
62.055,55.014,85.988,284.07
66.035,55.463,83.621,282.48
70.015,54.681,84.486,283.37
73.021,55.361,82.859,281.46
74.86,57.563,84.312,279.34
80.163,56.745,81.35,279.14
81.594,57.17,84.27,276.71
85.363,58.322,81.563,274.76
89.029,58.207,81.317,274.71
92.385,58.153,80.494,273.35
96.185,59.8,78.64,271.3
96.998,59.878,80.817,271.36
101.07,60.642,79.813,271.17
102.63,61.792,79.743,270.11
106.07,62.528,79.19,268.1
108.37,62.841,80.431,266.71
109.52,63.561,82.038,268.05
113.96,65.625,80.18,264.15
116.51,66.731,80.381,263.62
119,67.415,81.171,261.75
119.15,67.288,84.315,261.35
124.02,67.897,80.773,259.55
125.83,68.275,81.269,258.32
127.73,69.269,84.262,258.4
128.25,69.917,84.71,255.83
131.15,71.1,85.151,253.84
131.72,69.529,86.534,257.68
135.5,68.622,85.492,257.68
138.31,69.634,82.936,254.57
135.32,69.511,91.843,253.97
138.4,70.563,94.313,251.47
136.98,69.788,96.688,251.79
137.26,69.76,102.57,252.95
138.94,68.529,100.23,254.7
144.25,69.507,100.07,252.75
148.06,70.697,94.595,249.53
151.32,70.852,92.119,249.86
156.04,71.506,86.048,246.8
164.56,72.737,79.703,245.26
169.95,72.056,75.702,245.44
170.22,73.551,75.442,243.74
174.54,75.273,71.329,240.69
179.7,74.334,67.787,238.35
179.07,73.817,69.866,241.89
180.51,75.113,71.745,234.93
182.11,75.249,70.651,237.74
184.95,75.422,70.286,232.46
184.34,76.052,74.114,232
183.52,77.242,75.939,229.34
187.22,76.527,77.925,230.76
181.68,74.69,87.407,231.87
184.89,76.347,86.555,227.37
183.3,76.715,88.847,228.13
187.33,75.919,86.834,229.31
188.69,75.489,88.433,230.49
191.73,75.241,89.487,231.26
193.37,74.511,88.451,232.08
198.54,76.268,83.122,231.47
201.08,77.999,80.249,226.98
203.4,77.666,79.143,228.81
205.77,77.884,76.522,227.44
209.01,78.738,75.507,228.05
210.06,80.007,71.28,225.55
213.3,80.461,71.181,227.81
210.2,80.642,73.831,222.15
217.43,82.261,67.56,221.84
217.73,81.74,68.312,218.82
219.14,81.099,67.133,220.85
221.38,81.889,65.341,221.46
220.95,81.774,66.595,220.31
224,81.636,65.04,219.21
221.38,82.653,69.963,218.28
223.24,82.246,74.015,218.26
224.42,83.437,69.268,217.51
222.97,81.731,75.095,218.4
225.88,82.111,71.691,220.65
230.82,85.698,64.442,214.73
232.75,86.874,64.487,212.08
234.52,88.723,63.055,209.2
235.24,88.525,62.222,209.41
238.24,83.238,60.401,214.8
239.1,89.486,61.891,211.27
238.57,85.454,62.389,215.32
239.73,84.803,65.7,210.03
241.1,84.611,63.337,211.51
242.53,88.333,62.529,209.76
244.7,83.374,63.563,212.53
241.84,84.312,66.094,213.23
240.9,81.776,70.66,218.26
242.58,83.146,73.803,212.56
244.52,84.319,70.149,209.2
246.83,83.176,67.947,209.5
248.5,84.559,65.321,207.41
249.02,85.451,67.253,207.9
250.73,86.115,63.328,204.21
253.75,87.687,61.657,201.89
254.72,86.869,61.787,202.59
256.64,87.295,60.472,200.18
256.61,86.641,62.735,202.01
257.09,82.009,64.817,205.08
256.8,86.805,66.436,198.54
260.8,87.733,61.211,198.68
262.23,85.236,61.758,201.58
265.36,86.661,61.427,199.18
264.98,84.548,61.022,199.85
265.01,88.161,63.055,197.9
264.7,86.208,61.578,199.94
269.13,86.82,60.908,198.11
266.85,88.98,61.227,197.87
266.28,90.7,63.634,192.72
268.13,90.857,61.315,191.44
267.7,89.723,62.975,193.98
267.65,91.179,64.21,190.45
269.31,91.357,61.6,191.17
269.66,91.81,61.229,188.16
271.14,90.999,60.927,187
271.13,91.253,62.986,187.27
271.47,89.874,61.597,187.28
271.49,91.051,63.142,186.6
270.41,91.268,63.148,185.3
270.67,91.424,62.773,184.03
269.39,92.184,63.019,180.68
269.6,89.147,60.798,180.33
270.94,88.746,57.723,179.39
272.26,88.099,57.386,180.67
271.73,88.02,61.43,180.06
272.09,88.087,59.586,177.55
273,88.938,59.702,178.53
273.22,89.475,57.079,177.57
272.57,87.627,57.375,176.29
274.91,87.403,56.142,177.06
275.31,87.22,54.072,177.85
276.97,87.288,54.845,176.04
278.06,87.781,52.486,175.82
278.25,88.372,53.218,174.83
281.09,88.919,51.645,172.53
282.38,89.501,51.604,169.7
283.24,89.221,51.429,172.62
285.36,90.681,50.981,169.93
285.19,91.092,51.89,169.31
285.9,91.231,52.948,170.19
288.59,91.375,53.116,170.42
290.89,92.522,49.992,168.08
291.74,92.535,52.677,167.03
292.28,93.46,53.37,168.4
294.74,93.44,52.001,165.92
296.38,93.421,50.91,166.67
297.75,92.716,50.632,165.65
295.93,93.923,55.44,165.22
298.43,94.362,51.912,164.07
298.51,93.772,53.063,165.63
300.16,94.708,52.872,164.13
301.51,95.668,52.565,162.77
303.67,95.731,51.069,160.22
301.99,96.342,53.363,161.96
300.57,95.809,57.411,161.76
300.59,95.588,59.697,161.16
298.37,96.282,67.97,160.94
299.84,95.284,67.998,159.66
302.25,95.129,62.928,159.99
293.75,95.056,71.621,159.23
297.25,95.532,71.945,158.8
298.03,95.029,73.219,160.49
299.82,95.429,67.688,155.71
302.94,95.798,62.453,156.17
306.06,95.047,56.414,156.4
305.74,96.759,54.419,157.61
305.24,95.151,52.94,155.04
303.92,95.98,54.989,153.24
305.46,95.466,54.12,152.65
306.79,96.46,56.821,151.08
308,96.746,52.831,150.59
307.99,95.891,53.327,151.98
309.24,95.411,52.953,152.17
311.29,95.404,49.712,150.46
313.31,94.674,49.512,151.07
314.57,96.459,49.253,150.4
313.69,95.576,51.564,150.6
316.2,96.212,50.297,150.05
317.12,96.028,49.154,149.11
316.43,96.269,49.363,148.15
318.61,96.86,48.481,146.86
318.15,96.469,49.079,146.76
318.35,96.747,49.134,147.32
319.28,97.486,48.434,145.95
318.97,98.202,49.875,144.26
319.52,98.053,49.099,145.87
320.54,98.47,48.399,144.02
322.52,98.799,47.934,143.28
323.74,98.706,47.793,144.43
325.17,99.528,46.828,142.01
324.08,100.43,48.189,141.51
324.43,100.41,48.843,140.22
324.02,100.67,50.148,141.32
325.48,100.55,48.219,138.23
324.58,101.59,49.465,138.08
326.91,101.02,47.003,139.42
327.39,100.93,46.766,139.5
329.64,101.65,44.537,137.41
329.75,101.49,45.869,137.33
331.09,101.69,48.23,136.96
329.4,102.24,49.84,135.1
329.18,102.29,51.523,133.91
328.39,101.31,52.944,133.9
323.7,102.53,57.958,132.88
323.8,101.7,59.531,132.94
325.96,103.14,58.528,130.64
327.15,101.1,57.861,132.41
329.9,101.32,52.972,131.22
332.26,101.56,46.084,131.63
332.2,102.66,44.119,129.96
333.59,100.66,42.257,132.03
333.18,102.07,43.402,131.03
330.12,103.14,45.563,128.64
330.85,103.25,50.856,127.88
331.67,102.83,47.654,128.08
331.18,102.08,50.396,127.68
333,101.9,49.836,127.17
333.06,102.48,49.679,126.44
334.69,103.19,46.192,125.78
335.15,103.78,43.19,123.95
335.83,104,42.005,124.57
335.44,102.59,42.042,125.02
334.75,103.7,43.282,122
333.8,104.44,47.446,121.7
331.92,102.71,51.711,123.77
333.11,102.54,51.723,122.53
335.05,102.38,46.383,121.82
335.17,102.87,44.827,121.22
338.02,102.87,41.455,120.99
338.58,104.01,39.122,120.82
337.24,104.62,41.037,119.46
340.09,104.61,39.464,120.08
338.56,104.15,42.712,119.92
336.12,103.99,45.894,119.75
336.19,103.92,47.46,118.9
334.96,104.31,50.553,119.9
337.11,104.18,47.13,118.8
335.82,105.6,45.227,116.04
337.23,106.15,42.313,114.17
337.48,105.97,41.567,115.65
338.29,106.82,41.238,114.18
337.88,107.18,41.121,114.46
337.84,107.26,40.587,114.46
337.15,107.57,41.837,113.1
335.92,108.02,42.637,112.78
336.34,108.74,42.435,112.97
337.25,108.24,40.703,112.21
337.72,109.09,40.12,111.33
338.29,108.25,39.787,111.5
337.44,109.59,39.991,110.32
336.63,110,43.122,110.91
334.82,110.16,44.327,109.51
334.92,109.86,43.857,109.01
332.88,110.07,45.411,108.1
335.21,109.77,43.921,109.53
335.2,110.88,42.822,108.68
334.89,111.08,43.962,106.78
334.7,110.99,43.821,106.84
332.62,110.75,45.512,106.3
335.79,110.65,43.006,106.52
334.79,110.35,43.222,106.77
334.67,110.99,42.696,105
336.03,110.96,42.179,105.09
334.48,112.39,43.466,103.39
335.24,111.65,44.233,104.62
334.91,112.15,43.365,104.09
335.91,112.63,42.62,102.78
334.63,112.5,43.888,104.05
336.34,112.26,42.19,101.62
335.89,112.05,42.209,103.25
337.42,111.32,42.374,102.68
338.68,112.9,40.235,100.46
340.16,112.73,38.913,100.05
339.83,112.58,38.985,99.742
338.68,111.49,40.376,100.92
340.25,112.48,37.45,99.2
342.29,112.9,35.712,97.891
341.04,112.82,37.833,99.555
340.55,112.98,37.939,97.857
337.48,112.82,41.76,96.864
339.71,113.13,39.532,96.008
338.99,112.77,39.199,95.516
339.07,112.81,39.925,95.915
340,113.54,39.587,93.937
342.11,113.67,38.239,95.633
341.32,113.5,37.605,94.049
341.6,114.09,37.055,94.495
341.29,113.97,37.535,94.278
341.81,113.17,38.296,94.55
341.83,114.55,37.451,92.609
342.37,114.29,37.816,92.646
342.65,114.02,37.304,93.669
342.2,114.34,37.753,93.348
343.24,114.96,36.722,92.506
342.2,113.68,37.744,93.891
343.56,114.02,36.458,92.98
343.22,114.79,36.82,92.126
341.13,115.21,39.349,91.162
342.38,115.07,38.112,91.167
342.49,115.23,37.441,90.717
342.76,114.67,35.902,90.027
343.84,114.86,36.039,90.206
344.09,116.33,35.98,89.045
342.56,115.94,38.414,88.869
342.34,115.76,37.807,89.678
341.12,114.87,40.172,89.349
341.51,116.35,40.045,87.646
340.71,115.86,39.586,88.554
340.33,115.92,40.483,87.965
340.68,115.56,39.394,87.525
341.47,115.01,38.125,88.685
341.63,115.86,37.692,87.159
340.51,115.43,38.469,87.643
340.95,115.3,38.319,88.381
340.14,115.41,40.171,87.665
339.12,115.57,39.582,86.229
340.53,115.64,39.45,85.686
339.51,115.37,38.685,86.167
339.91,115.46,38.981,85.345
341.14,116.43,36.831,84.986
339.89,115.94,38.523,84.745
338.15,115.36,39.104,84.818
339.57,115.98,38.779,84.55
338.32,115.95,39.936,85.409
339.89,116.14,37.449,82.749
339.85,116.53,37.756,83.889
339.13,115.97,37.517,84.676
338.86,116.43,38.679,83.203
339.88,117.55,37.04,81.379
339.33,116.26,37.44,82.886
339.34,116.89,37.277,81.868
339.86,117.09,36.123,81.39
339.94,117.95,36.01,79.721
340.18,116.96,35.321,81.276
340.58,118.14,34.906,80.3
340.33,117.35,34.982,80.955
340.57,118.25,36.163,80.139
340.7,118.71,35.999,79.962
340.19,118.98,35.705,78.843
340.47,118.1,35.547,79.061
341.47,118.39,35.177,79.521
341.73,118.47,34.035,78.542
341.62,118.95,34.088,79.126
341.51,118.62,35.604,78.101
340.48,120.32,35.772,77.092
340.11,120.32,36.512,75.177
