298.88,149.88,67.88,122.88
296.43,149.99,72.661,118.34
296.61,148.05,72.442,118.8
296.39,147.08,72.423,118.94
295.97,145.23,73.321,121.39
295.95,143.73,71.8,122.05
296.84,143.38,70.707,121.86
296.18,142.32,73.647,120.96
296.65,141.1,69.399,122.96
296.86,141.24,74.008,125.47
296.63,140.75,73.886,128.87
296.34,134.83,76.244,128.75
295.13,141.14,72.608,132.03
296.98,140.01,80.709,124.57
295.53,140.15,83.24,137.99
293.83,140.06,87.827,144.98
293.03,140.05,93.069,166.26
290.32,140.62,99.807,177.92
288.42,137.93,106.22,180.81
291.14,136.3,106.81,181.66
287.28,134.42,113.18,184.82
285.75,132.72,115.81,183.56
287.58,132.92,116.14,181.2
287.22,131.32,121.28,182.29
284.49,132.05,121.57,180.34
289.29,128.33,119.32,183.62
289.75,126.24,120.17,184.01
288.61,130.43,117.94,178.84
287.07,132.87,118.71,175.33
285.98,129.69,117.53,177.35
287.93,126.19,113.61,179.29
289.23,122.89,113.23,182.93
289.99,128.81,112,175.54
292.07,119.71,107.51,182.99
290.95,141.34,106.37,160.28
295.71,124.27,101.77,176.38
294.26,125.38,105.08,176.13
298.18,123.02,103.85,175.76
299.65,121.55,96.567,175.76
298.98,125.14,86.677,170.86
301.51,126.56,101.48,168.96
301.44,125.93,98.379,169.41
303.63,125.33,97.413,169.42
304.12,127.18,94.095,166.21
307.52,128.74,93.134,164.28
309.76,129.76,87.358,162.12
310.42,132.07,84.2,159.89
312.91,132.35,81.531,159.26
313.17,132.76,84.425,157.94
313.78,132.02,87.527,157.96
314.33,133.09,90.301,156.7
316.6,129.89,90.583,158.03
318.79,132.06,82.935,155.16
319.05,132.32,85.627,155.78
318.88,131.82,81.534,155.49
319.04,131.67,80.811,154.54
321.76,132.19,72.129,153.76
324.27,132.42,71.581,152.85
326.33,134.69,86.589,151.84
324.34,134.99,86.332,150.82
327.19,134.23,86.033,149.67
329.32,136.49,77.584,148.17
333.83,137.88,84.679,145.38
331.63,137.17,88.676,148.72
336.08,136.94,85.829,147.4
337.64,136.62,85.82,147
338.88,138.72,87.039,144.9
341.55,136.21,84.289,147.47
344.7,137.29,82.825,145.29
345.89,139.07,82.233,143.62
350.99,138.2,78.206,143.31
349.08,138.54,81.088,143.54
351.94,138.54,80.299,142.16
352.7,137.6,81.456,143.06
354.77,139.53,78.773,140.27
354.87,136.61,78.52,143.07
356.83,139.65,74.175,139.78
357.97,137.67,71.401,141.4
360.2,138.41,70.914,140.11
361.51,137.58,75.27,141.36
361.68,138.08,69.464,139.28
364.93,136.49,64.948,140.67
365.85,137.07,63.581,139.41
367.53,137.92,76.728,136.65
367.48,134.86,77.821,138.44
370.87,135.94,77.177,135.91
369.56,134.7,78.868,138.63
372.03,136.69,80.348,135.83
373.53,137.96,82.148,135.85
374.63,137.72,83.185,135.28
378.47,131.88,80.982,141.26
379.78,134.16,80.494,138.61
382.46,135.36,80.51,138.67
382.52,134.01,80.719,140.75
382.81,136.09,81.785,138.99
385.07,134.58,81.866,139.6
386.92,136.05,82.31,138.67
385.88,134.35,85.676,140.69
387.32,133.9,87.084,141.4
387.09,134.5,92.109,142.12
387.94,133.71,89.425,143.23
387.58,129.84,90.767,148.22
389.38,130.35,91.048,148.23
389.86,129.94,87.958,147.16
388.87,127,85.957,150.6
387.62,125.98,87.561,151.62
387.14,123.85,87.983,153.5
386.23,126.7,86.27,151.64
386.17,124.27,90.387,155.4
383.55,122.84,87.353,157.88
378.08,124.71,99.49,156.79
382.24,126.37,93.898,155.2
381.61,122.36,89.454,157.85
379.77,122.03,95.357,160.38
379.66,122.17,90.551,158.87
378.54,120.65,95.936,161.09
377.39,119.52,91.49,161.77
377.11,120.51,93.057,161.55
374.56,119.57,91.124,163.72
374.75,118.2,97.262,164.8
372.86,117.13,95.416,166.28
370.56,117.68,97.974,167.8
369.26,118.01,96.738,168.06
369.15,118.17,97.353,168.44
368.65,116.82,98.737,170.11
366.29,115.98,99.373,171.74
366.51,114.46,98.686,173.46
365.73,112.84,87.554,175.88
363.84,110.68,92.588,176.23
364.24,110.91,100.65,176.25
360.13,110.86,98.846,178.57
361.6,110.22,102.32,177.63
358.23,108.87,100.3,179.79
357.67,111.37,107.81,179.69
357.72,109.26,107.41,181.38
356.02,110.72,107.89,181.04
353.91,109.66,108.92,183.27
352.79,109.93,97.043,185.08
356.37,110.13,104.02,182.82
357.04,111.08,94.079,182.63
357.28,112.34,85.151,180.6
356.92,113.68,81.226,181.81
354.28,114.35,85.081,181.01
354.78,114.65,83.337,180.19
353.91,114.73,89.476,180.53
353.92,111.15,88.894,183.46
353.3,111.71,88.526,184.95
354.13,114.59,97.257,184.62
351.67,111.5,95.656,188.44
354.39,118.5,92.123,182.85
356.07,116.84,95.139,184.74
353.62,114.91,93.306,187.72
352.57,122.79,98.421,182.19
353.59,117.69,102.64,186.21
353.82,119.59,105,184.46
348.77,124.04,111.42,181.49
349.06,121.26,106.74,181.97
347.74,126.71,99.402,174.88
345.7,129.95,102.67,170.46
344.52,130.29,100.48,169.13
344.03,131.79,98.782,165.12
343.95,132.7,96.946,162.88
343.26,133.86,97.495,160.45
342.32,133.93,96.577,159.67
340.43,138,95.064,153.95
342.12,140.73,89.473,151.67
339.6,138.97,90.352,149.27
340.3,140.92,89.108,144.93
340.62,140.77,85.992,142.9
340.13,141.7,86.913,142.69
340.45,140.76,82.755,140.68
339.35,140.04,86.063,141.88
339.41,141.89,85.641,140.05
339.65,139.35,86.074,143.01
341.15,140.39,85.146,143.26
340.76,138.17,81.545,144.77
339.66,138.36,81.082,146.1
338.86,139.89,79.463,146.41
339.7,141.17,87.471,147.99
338.18,136.99,93.095,151.29
336.9,137.93,83.505,147.18
339.47,138.58,78.104,147.49
340.18,138.55,67.695,145.32
339.2,138.61,67.865,148.39
337.37,139.32,97.305,146.92
335.81,134.55,96.102,153.59
336.84,137.17,89.089,150.79
333.21,137.39,87.478,150.57
334.51,134.76,71.394,152.98
332.13,136.99,67.409,152.62
330.66,136.32,66.781,155.11
327.31,135.19,70.612,155.67
326.3,134.49,63.797,156.37
321.74,134.37,71.056,157.92
321.37,132.19,77.97,159.91
317.4,131.32,70.049,160.97
317.74,130.49,71.805,162.75
316.58,129.9,72.308,161.34
315.25,130.01,72.387,163.02
315.74,127.48,79.441,165.06
314.67,127.84,72.078,164.64
315.07,129.58,69.178,164.74
314.99,129.81,64.785,164.2
315.76,131.29,76.17,163.14
314.5,130.07,70.495,165.17
315.78,130.88,67.31,161.58
315,129.76,68.74,162.95
317.08,129.58,70.592,162.09
317.01,129.31,68.557,163.31
317.26,127.44,68.592,164.61
318.08,128.48,68.434,163.03
319.03,129.3,66.492,162.32
320.59,131.57,67.118,159.91
320.26,129.13,69.68,162.22
322.19,129.27,71.598,160.13
323.04,129.9,80.867,160.71
324.37,126.59,92.835,162.91
326.16,125.17,100.47,164.07
326.62,135.09,102.36,154.26
332.44,127.49,97.5,159.92
330.63,120.99,98.643,168.75
331.7,118.02,99.963,169.33
333.75,127.05,99.088,160.68
337.35,118.15,95.536,167.42
342.1,117.45,92.589,168.72
347,116.49,87.962,169.04
350.26,114.31,84.332,172.96
354.87,112.55,82.943,175.55
357.27,115.76,81.779,175.54
358.79,115.27,77.413,174.64
362.77,111.81,74.768,177.13
362.4,112.78,75.97,175.03
363,112.14,76.288,179.06
364.73,107.93,76.612,184.03
364.62,108.47,74.767,182.71
366.12,106.75,73.733,185
366.46,106.57,73.149,184.02
366.89,108.14,74.316,182.63
367.39,109.26,73.594,181.42
366.94,109.69,73.115,181.29
367.4,111.27,74.257,180.9
369.27,112.57,72.497,180.02
369.29,113.12,74.039,180.11
369.34,111.67,74.839,181.87
370.58,111.77,73.183,181.23
370.33,112.65,74.054,179.71
371.36,114.44,72.91,179.46
369.63,114.12,74.858,180
368.15,115.89,73.955,178.87
364.71,114.94,77.137,178.41
368.27,116.08,70.987,178.47
366.55,117.92,74.924,177.78
367.24,117.53,73.576,166.54
368.8,117.96,70.518,174.05
367.29,117.86,75.02,174.31
368.35,117.28,73.542,173.82
366.3,116.24,75.812,172.62
364.77,115.46,77.667,173.22
367.23,114.86,78.718,175.87
367.31,113.96,78.515,176.57
368.95,113.22,76.871,177.82
368.01,112.55,80.012,178.19
369.69,113.27,76.135,178.82
371.17,112.27,76.467,179.2
373.06,111.9,83.636,178.06
371.88,111.95,90.484,179.09
376.92,112.78,99.523,177.68
379.09,112.18,96.135,179.18
380.77,108.8,93.078,181.93
381.4,111.43,95.047,181.17
381.8,113.4,100.94,178.9
385.2,115.96,105.48,176.45
385.15,115.15,95.767,177.93
385.79,116.45,102.37,175.31
386.69,116.09,104.76,175.72
388.08,114.36,104.28,178.28
384.56,113.54,109.81,179.6
383.86,109.92,107.87,182.75
382.15,110.85,107.04,180.64
380.21,107.3,108.73,186.98
377.8,107.23,109.31,188.17
376.16,96.621,109.54,200.49
372.11,107.18,113.54,186.72
369.74,104.82,113.1,189.76
365.62,105.49,113.36,188.06
362.85,105.7,113.5,188.71
361.24,108.17,106.63,184.57
358.91,106.42,91.021,186.4
356.77,107.97,92.931,186.82
351.17,110.89,87.963,185.98
346.52,114.45,88.063,182.34
342.07,118.9,88.264,179.18
338.32,121.37,86.685,176.49
332.11,118.29,86.498,180.2
330.19,120.2,82.577,179.82
325.2,115,83.42,184.89
321.02,116.98,82.03,183.17
318.22,111.4,90.049,189.2
315.02,110.73,97.828,189.91
321.86,108.55,86.413,191.39
310.56,106.34,91.726,193.57
310.02,104.21,89.641,193.45
309.33,103.89,91.395,193.96
309.32,103.9,89.638,193.76
310.51,105.46,89.07,193.23
309.02,105.08,88.912,195.24
309.45,109.02,85.127,192.2
308.63,109.32,90.062,193.25
305.89,109.52,84.831,193.9
305.1,108.01,91.021,194.12
304.63,109.06,85.065,193.94
302.77,106.85,96.019,201.17
303.31,108.64,94.771,199.41
304.86,103.42,96.683,205.34
306.09,101.42,95.142,206.89
308.41,96.652,93.671,215.22
307.44,94.622,95.814,217.58
309.56,89.959,94.614,220.82
309.14,86.99,95.348,224.14
305.46,83.181,100.56,227.04
304.33,80.547,101.72,227.49
302.26,78.206,104.61,230.23
299.06,76.378,107.42,230.32
299.79,75.302,104.42,229.86
300.52,73.505,105.74,232.55
304.22,75.164,103.06,232.73
297.28,77.506,109.86,230.46
295.88,81.678,112.69,225.72
288.69,84.074,119.41,224.32
285.65,86.836,124.1,223.52
280.73,88.373,129.97,226.55
280.91,88.207,129.41,228.4
275.49,86.908,136.04,230.08
275.46,83.652,134.46,234.81
274.68,81.279,135.76,237.04
271.64,78.192,135.53,238.06
271.15,74.038,128.08,241.56
273.81,71.541,110.72,244.98
271.76,70.141,119.19,244.3
270.82,67.373,109.25,246.65
270.39,67.178,110.22,247.54
272.01,63.592,107.8,249.48
270.33,63.074,114.67,251.39
268.44,61.054,115.93,251.27
268.76,56.171,116.58,254.36
266.71,57.587,122.78,254.03
278.03,59.061,108.02,249.7
280.16,61.779,99.971,247.74
282.6,66.823,96.127,241.6
285.57,68.244,95.72,239.03
289.34,68.358,96.295,239.18
289.93,69.79,98.265,245.47
289.15,68.2,101.3,247.34
291.24,68.038,101.8,246.08
291.12,66.743,99.319,249.15
291.71,64.399,102.55,254.07
289.56,62.97,103.41,253.31
293.87,61.186,97.232,252.1
293.28,59.765,98.752,255.66
290.95,58.491,100.25,256.41
296.87,58.444,92.649,258.36
292.26,56.257,91.903,261.84
291.91,57.317,93.808,260.04
293.18,56.774,91.302,256.93
288.8,54.367,94.767,261.94
281.9,51.081,103.4,264.62
