162.24,188.24,34.244,84.244
158.31,189.95,41.956,78.954
157.91,188.95,42.213,79.419
157.82,188.93,41.76,79.359
157.99,187.6,41.377,82.33
158.04,185.13,41.585,83.586
157.39,173.41,42.04,96.656
155.57,173.3,45.85,96.039
154.28,173,45.351,95.986
150.32,173.82,54.241,95.844
147.35,175.68,56.754,94.18
143.99,177.51,61.887,92.823
144.41,180.9,61.822,88.108
145.12,181.03,60.823,88.186
146.99,181.94,52.341,88.483
148.43,183.24,50.645,86.933
150.25,183.19,50.678,87.259
152,185.52,42.676,84.798
155.05,187.36,39.065,83.548
156.66,189.73,33.734,81.489
158.64,191.89,30.466,79.097
158.84,193.15,30.474,79.395
158.6,195.58,31.669,77.741
158.21,195.65,31.647,77.27
158.71,195.88,32.735,77.189
158.02,195.56,34.884,77.237
160.19,195.81,38.323,77.486
159.99,195.87,39.388,77.083
162.51,195.43,37.259,77.881
164.65,195.39,35.575,79.045
166.95,195.88,34.599,78.203
164.78,195.98,36.565,79.544
165.27,197.25,36.129,77.227
165.01,195.5,38.414,80.109
164.2,194.99,41.24,80.235
162.54,194.58,41.922,80.417
163.38,194.85,40.87,78.736
163.01,195.92,39.43,77.477
161.64,196.76,38.212,75.775
160.2,198.15,37.85,74.936
157.89,197.15,38.684,77.294
154.02,196.41,41.483,77.776
153.03,196.62,42.494,76.431
152.05,196.05,44.568,76.509
148.38,196.38,48.567,79.264
147.36,197.4,51.505,78.821
146.78,195.8,54.483,81.297
144.11,195.64,49.766,80.772
143.68,194.78,55.047,81.077
146.06,195.11,48.245,81.301
144.7,194.57,50.257,80.949
144.89,193.4,47.332,82.873
145.34,192.52,46.97,83.668
147.51,193.42,43.678,80.473
145.62,191.7,41.303,81.861
145.83,189.24,39.925,83.74
145.25,188.96,43.195,84.906
143.03,187.14,48.869,86.676
140.22,186.66,45.384,87.423
138.74,185.17,53.989,88.74
135.26,184.62,58.374,89.707
133.07,184.44,53.829,88.85
132.48,184.85,48.86,88.899
133.24,184.93,45.203,88.085
135.66,185.85,43.157,89.323
135.58,186.09,42.698,90.6
135.64,186.18,44.925,90.743
134.95,186.97,48.603,90.236
135.92,187.08,50.744,90.699
136.71,186.37,50.219,91.286
136.01,185.87,47.819,91.559
138.12,185.73,45.45,92.532
138.4,184.43,44.264,94.63
137.36,183.74,45.985,96.409
138.14,183.26,45.831,99.093
141.41,183.21,46.322,98.694
145.24,183.32,44.846,98.373
146.84,183.56,45.078,102.17
153.94,181.97,40.728,100.84
158.6,182.17,40.1,99.533
160.83,182.11,40.998,100.3
164.28,181.7,41.82,103.02
167.19,181.14,42.464,103.76
171.65,180.32,43.153,106.29
174.62,178.81,39.577,105.4
179,178.91,42.804,104.2
182.82,177.38,43.006,107.86
185.79,177.06,43.118,107.26
187.35,177.43,46.104,107.86
189.06,177.62,47.93,108.16
191.31,177.28,46.43,106.25
191.57,177.67,47.519,107.63
193.12,177.32,49.785,104.4
193.59,177.83,49.565,106.41
193.67,177.91,53.848,105.36
193.65,177.39,54.606,108.13
195.32,177.57,51.766,105.39
194.65,177.21,52.879,107.38
194.34,177.6,50.47,108.56
194.64,177.15,53.398,106.99
193.68,175.25,56.15,110.09
193.62,174.86,58.921,110.48
194.88,173.74,60.004,111.47
195.34,171.87,60.911,114.98
196.53,170.71,57.46,114.92
198.38,170.57,55.766,116.28
198.92,169.48,55.33,116.64
198.48,167.46,55.953,118.74
200.16,166.63,56.317,118.75
201.61,164.13,56.88,121.65
202.62,161.09,55.726,123.97
203.43,160.57,56.452,124.7
205.01,158.73,57.896,125.42
205.73,157.31,60.039,126.85
207.14,155.74,58.101,127.36
208.27,154.95,57.017,128.88
210.42,154.7,58.919,129.37
212.41,153.34,59.255,129.31
212.3,152.53,58.596,130.5
214.39,151.54,56.79,129.67
215.57,150.7,56.699,130.85
216.15,150.16,57.117,131.42
217.34,150.46,56.565,129.41
217.34,150.41,58.568,129.8
217.26,150.17,58.465,129.51
219.72,150.58,56.141,129.82
216.73,150.08,57.376,130.24
218.98,150.3,57.663,129.64
218.12,150.73,58.403,128.87
218.39,150.48,58.447,128.77
217.78,150.59,58.544,129.58
218.23,150.11,57.724,127.58
218.34,149.73,58.586,128.79
218.3,150.35,57.818,129.34
218.39,150.34,56.229,128.41
219.12,149.69,58.054,129.56
218.22,149.89,57.707,129.55
218.93,150,58.486,127.84
216.56,148.62,59.813,129.92
218.56,149.4,56.423,130.02
218.8,149.37,57.875,129.68
216.19,149.14,60.847,129.95
216.03,149.29,60.672,131.46
216.03,148.89,60.414,130.2
216.96,149.49,59.443,130.8
216.22,149.49,60.78,129.91
216.29,148.84,61.186,130.89
216.79,148.99,57.839,130.36
217.72,149.78,59.356,129.03
217.15,148.48,59.03,131.44
217.28,148.91,58.154,130.64
217.36,148.49,58.512,130.63
218.12,149.78,57.69,128.44
219.34,149.46,56.984,127.82
220.66,150.39,52.373,127.19
222.04,152.87,52.255,124.21
222.93,158.03,54.268,117.71
221.77,157.71,53.109,119.2
224.26,156.97,56.754,120.71
226.85,152.1,58.531,125.39
228.24,150.49,59.149,126.78
228.09,147.87,57.939,129.65
229.51,149.52,56.595,129.44
229.71,146.02,57.024,133.12
228.61,146.73,57.833,133.22
225.75,146.01,58.05,131.62
227.48,146.52,55.655,133.61
225.05,145.06,49.905,135.21
222.91,147.07,48.873,133.84
218.2,146.66,53.005,134.77
219.72,145.63,51.589,138.15
225.18,144.85,52.511,138.46
224.88,144.41,52.793,137.6
222.65,144.32,52.571,138.12
307.13,140.12,65.25,163.33
308.54,135.16,66.993,168.43
312.48,137.18,62.989,165.62
313.7,145.55,61.628,158.37
314.31,151.81,58.836,153.59
315.97,150.88,57.92,154.03
316.79,154.2,59.517,151.67
317.87,150.29,60.807,156.31
318.37,162.68,60.5,143.18
319.67,156.36,61.314,148.47
320.51,146.15,64.76,159.42
322.88,148.59,65.159,158.2
323.69,148.47,66.515,156.59
325.78,140.13,67.397,168.34
326.53,141.77,68.407,164.71
326.38,138.87,73.22,171.63
324.85,140.14,75.388,168.98
329.78,140.36,72.55,168.3
332.61,141.94,71.217,169.93
337.01,140.48,71.244,169.8
346.62,141.83,62.424,166.13
354.23,140.67,56.22,164.22
358.06,141.34,55.683,163.22
360.13,141.02,55.171,163.58
362.02,140.2,56.814,161.86
362.63,140.43,58.964,160.78
367.87,138.82,57.511,159.31
372.11,138.18,56.21,154.59
373.31,138.26,59.179,159.71
379.95,137.59,58.136,156.34
382.9,137.6,62.322,159.96
384.14,133.33,64.747,162.71
390.62,145.22,64.11,149.72
393.65,153.68,66.004,147.26
399.7,134.04,63.6,164.49
405.44,128.34,63.925,176.52
408.53,133.83,67.261,171.02
413.9,127.24,67.783,176.2
419.95,126.62,67.036,175.97
424.02,127.15,68.25,175.26
431.37,126.39,65.383,177.08
434.64,126.89,66.815,176.15
439.58,122.89,69.399,179.99
446.11,126.52,65.637,174.81
456.02,126.22,59.708,177.46
460.04,129.86,58.285,173.18
463.52,149.24,54.771,155.13
467.5,145.67,50.24,159.53
476.3,152.5,43.501,154.55
484.42,164.71,37.236,140.89
486.67,178.4,34.622,128.23
485.2,186.35,35.123,119.82
484.92,195.44,34.794,110.91
487.91,195.64,32.584,108.78
490.93,160.99,30.043,135.95
484.8,157.07,37.802,138.89
485.46,150.94,38.481,123.53
482.99,150.83,39.665,120.32
481.66,152.65,38.835,126.2
486.46,155.25,37.496,124.35
404.58,159.37,48.689,98.58
400.76,159.65,39.74,93.209
397.53,160.07,37.576,90.879
392.9,159.81,37.869,90.652
389.95,158.65,37.368,91.424
384.76,158.36,37.578,91.9
382.76,158.11,37.149,90.232
378.87,159,37.704,89.176
375.35,158.92,36.987,89.449
370.76,158.55,37.594,89.568
364.22,159.78,38.821,88.995
363.11,158.85,37.206,90.256
362.23,155.12,37.86,100.22
347.88,151.8,43.482,111.36
311.03,128.29,60.439,163.75
311.53,127.54,65.108,166.21
312.83,124.85,64.573,169.48
315.17,124.46,61.827,170.85
313.74,122.1,61.023,176.21
315.68,124.6,62.915,172.45
319.14,123.83,60.474,171.22
314.01,125.86,65.481,171.88
316.99,126.66,63.368,171.35
317.39,128.67,66.018,171.95
316.42,130.28,66.363,173.07
315.96,127.21,67.493,173.23
320.48,126.4,64.427,173.59
326.89,126.85,65.014,175.95
325.43,126.99,71.31,176.34
327.52,125.88,70.496,180.36
337.44,125.87,66.543,176.11
339.52,130.61,60.238,164.93
342.09,127.66,60.215,169.72
342.28,125.23,64.906,172.11
342.7,129.61,68.445,168.86
348.17,126.04,76.051,178.49
347.83,125.89,78.338,177.61
356.96,132.05,78.188,173.85
363.05,142.11,78.419,164.37
365.61,136.68,79.569,170.04
369.21,140.4,79.876,164.8
375.32,141.44,77.183,165.26
376.72,139.38,74.932,169.56
381.01,134.62,72.694,172.04
384.44,126.04,71.492,180.61
390.97,126.6,66.592,173.86
396.69,130.79,66.083,169.56
397.93,123.67,64.203,177.16
401.73,124.47,68.567,175.25
402.89,125.36,70.435,174.79
404.76,125.46,76.173,175.79
409.89,125.76,78.161,175.56
410.31,126.33,80.766,176.32
413.31,126.83,75.904,175.75
420.58,127.32,69.747,175.66
421.61,126.19,68.323,178
425.32,126.81,70.096,178.53
432.34,131,63.428,172.66
433.61,126.62,65.577,176.83
439.21,128.02,62.062,176.95
439.6,124.34,59.761,179.9
441.67,127.12,59.135,178.39
442.39,124.77,56.359,180.38
443.02,124.57,60.688,180.34
439.7,126.44,67.423,177.25
437.67,123.48,72.652,180.97
435.8,125.62,77.059,177.33
432.03,124.25,82.165,179.01
432.85,123.95,79.083,184.4
436.89,125.72,70.768,179.21
437.33,126.37,67.601,179.02
441.2,127.92,60.475,175.23
440.08,126.65,56.309,178.15
444.35,126.31,54.502,175.26
443.03,125.75,57.013,176.81
443.03,126.32,58.716,176.07
442.14,126.59,61.404,175.62
441.11,127.16,65.745,173.13
435.92,127.93,72.101,168.11
427.93,127.92,82.407,170.43
416.12,126.66,95.11,174.41
432.2,129.29,80.175,169.48
437.05,129.91,72.651,169.35
434.69,126.58,72.794,171.95
438.22,126.32,68.547,171.53
437.73,129.8,69.383,168.67
438.2,129.79,63.085,168.35
436.49,126.85,60.246,171.2
364.78,137.41,51.583,155.6
354.41,139.69,53.973,157.48
357.59,138.13,51.489,159.15
355.05,140.04,53.48,146.15
351.73,136.88,56.602,152.63
351.5,139.32,56.116,148.31
354.13,140.31,51.859,148.53
353.15,140.36,53.051,154.72
352.64,140.33,53.686,160.27
351.63,140.15,54.597,158.54
355.79,140.91,49.691,154.47
355.2,141.25,48.538,149.34
358.39,142.69,47.335,145.18
356.53,143.34,49.417,145.68
357.86,144.72,51.936,151.2
355.5,144.96,54.411,148.17
355.87,145.97,54.099,146.96
357.13,145.92,53.083,147.43
358.93,145.55,54.83,145.85
360.46,145.63,52.145,144.82
363.36,146.51,51.259,142.17
365.81,145.18,48.496,143.87
368.45,144.5,50.97,142.94
367.65,145.66,49.036,142.16
369.09,144.64,44.132,142.29
370.01,145.32,42.583,143.11
367.82,145.33,44.98,142.95
371.82,147.17,47.444,143.05
371.77,144.54,51.438,146.84
371.18,148.11,48.474,141.16
375.18,149.1,45.519,143.75
375.78,148.79,44.76,143.86
377.45,150.15,44.489,141.64
378.2,148.88,45.42,142.23
381.22,149.21,43.99,143.93
381.25,149.85,44.17,141.41
381.46,149.49,43.677,144.38
380.86,149.89,44.639,142.01
379.5,150.42,45.886,143.88
378.82,150.44,50.009,143.41
378.55,150.62,49.11,144.94
377.64,151.28,48.939,144.5
377.58,150.98,48.668,145.2
377.32,151.9,51.964,144.64
379.25,150.78,51.898,143.43
371.1,151.37,59.425,146.31
283.01,141.68,60.425,169.56
283.65,137.44,56.374,166.27
286,141.07,54.459,160.81
290.42,141.53,52.057,160.03
294.27,140.15,49.712,159.47
295.41,140.05,52.344,159.95
297.75,138.23,51.545,163.85
301.39,141.57,53.526,160.9
299.15,141.09,55.161,157.99
304.87,140.95,54.611,161.97
306,137.66,55.188,169.76
310.25,139.54,53.275,173.4
311.27,140.64,54.992,174.25
315.67,140.08,51.272,169.85
318.45,139.23,48.247,176.16
322.03,140.16,47.24,174.19
322.85,139.97,47.906,172.99
325.3,137.96,46.982,174.82
326.01,136.24,49.464,179.05
328.42,136.42,48.405,178.85
329.22,136.51,51.247,180.52
329.54,135.4,53.405,181.78
330.41,135,55.506,181.43
330.66,134.23,57.322,182.28
329.22,134.65,57.796,183.24
328.53,135.55,54.107,180.38
330.65,135.23,49.296,183.25
329.22,134.39,50.389,183.51
330.22,133.16,50.803,185.36
331.39,133.51,51.036,186.99
329.7,132.57,52.702,185.01
332.27,130.15,53.16,187.99
