140.83,123.83,89.827,38.827
133.16,124.35,95.787,36.252
129.87,124.85,94.122,36.612
123.92,124.66,94.528,36.027
121.29,124.74,94.565,36.052
115.85,123.37,94.297,35.632
111.89,123.72,94.502,35.989
106.09,122.74,94.243,35.616
102.62,121.9,94.357,36.033
97.092,121.23,94.186,35.886
91.656,120.19,94.562,36.049
87.288,120.2,94.422,35.783
82.098,119.04,94.706,35.603
78.243,118.7,94.346,36.719
71.697,117.64,94.435,35.815
68.391,117.16,94.828,36.229
62.299,115.94,95.302,35.893
57.491,115.76,94.882,36.182
51.745,115.44,94.758,36.455
46.055,114.73,95.451,36.275
40.113,114.69,95.246,36.559
34.98,113.79,95.15,36.19
29.612,114.05,94.663,36.661
22.614,113,94.838,36.169
17.713,114.06,94.505,36.369
11.457,114.44,93.993,35.984
6.7606,115.52,94.707,36.236
0.91527,117.73,93.738,35.726
-0.89123,117.72,88.687,37.393
-0.73233,119.86,85.243,38.279
-0.69383,117.96,80.383,41.105
-1.0557,119.33,77.589,42.23
-0.77013,119.42,73.748,43.086
-1.5233,120.6,68.862,43.568
-1.4995,121.99,66.567,43.315
-0.92273,121.5,64.915,44.52
-1.174,122.38,65.671,44.041
-1.3175,121.88,65.033,44.569
-2.0448,121.68,65.022,44.831
-2.3059,121.52,65.57,44.739
-0.74983,120.24,62.948,45.786
-0.16603,120.96,63.514,44.774
-1.8194,119.24,66.824,44.979
-1.9356,118.45,67.496,45.023
-1.7375,117.02,68.485,45.752
-1.2734,115.69,69.873,45.29
-2.0399,116.17,72.047,43.529
-1.8495,115.1,73.646,42.436
-1.9265,114.42,75.436,42.839
-1.3028,114.03,75.871,41.087
-1.0109,113.37,77.224,42.133
-1.2041,111.18,77.471,41.449
-1.1663,110.82,79.862,40.387
-0.53843,110.13,80.91,40.158
-0.55803,109.51,82.805,39.166
-0.14643,108.69,87.629,38.507
-0.14503,107.7,90.09,37.687
3.9447,106.51,92.73,37.351
6.2993,104.48,93.428,38.642
11.219,104.43,95.363,37.37
17.203,103.53,94.952,37.498
20.883,102.16,94.375,38.357
27.12,101.33,95.58,38.294
32.399,101.29,94.805,39.12
36.232,101.04,95.456,38.789
42.902,100.9,95.67,39.152
47.664,101.57,94.729,39.241
51.51,101.85,94.618,39.681
50.942,105.01,95.526,38.693
51.866,106.27,94.99,38.557
52.197,106.97,95.229,38.787
51.873,109.89,95.647,38.139
52.06,110.72,95.384,37.699
53.71,111.27,94.728,38.461
54.27,114.04,94.973,38.49
54.3,114.56,94.847,37.978
54.65,116.01,94.571,37.635
54.49,117.69,94.907,37.024
53.914,118.78,95.095,36.983
53.666,118.75,95.526,36.299
54.449,120.34,95.255,36.614
55.247,120.35,94.88,37.547
54.853,120.63,95.475,38.032
54.709,123.03,95.769,37.869
54.318,121.94,96.09,38.527
54.698,123.86,95.786,37.706
53.106,125.13,96.147,37.794
53.308,124.13,95.444,39.082
53.175,126.13,95.356,38.145
53.201,125.82,95.262,39.211
52.297,128.01,95.817,38.225
52.301,129.06,96.126,38.056
51.603,128.64,95.848,38.842
52.063,130.66,95.419,38.532
50.465,130.57,96.019,39.289
51.028,131.98,95.673,40.093
50.235,131.66,96.617,40.031
54.853,133.82,93.967,39.635
55.35,133.87,94.94,40.786
59.118,133.93,94.036,40.787
60.188,136.25,93.854,40.525
62.468,135.96,94.154,41.32
63.521,137.1,94.809,42.037
65.273,137.28,94.624,41.161
67.008,138.26,95.014,41.344
69.894,141.82,96.186,39.351
74.091,141.89,96.637,38.849
78.592,143.79,97.33,39.683
81.096,143.76,96.284,39.469
86.74,144.14,97.465,40.199
89.712,145.82,96.431,40.174
94.762,146.29,96.28,39.197
99.266,147.08,95.6,39.578
102.58,148.41,94.978,39.372
106.94,149.75,96.089,39.433
111.97,149.62,95.599,40.996
114.91,151.29,95.798,39.017
119.01,154.06,96.736,37.956
123.01,153.11,96.31,38.438
127.56,154.22,95.595,39.543
132.22,155.59,95.467,37.466
134.88,157.43,95.271,37.335
139.25,156.65,96.81,38.028
143.3,158.13,94.79,37.876
148.36,158.09,95.306,38.709
152.17,158.7,95.767,38.084
156.24,161.5,95.606,36.997
160.2,160.66,95.925,37.119
163.87,161.63,95.324,38.702
168.76,162.02,95.497,38.55
170.45,162.92,95.825,37.97
176.49,164.1,95.651,37.506
179.18,164.99,96.188,37.725
183.56,167.12,95.362,36.49
187.5,166.52,96.535,37.233
190.67,168.94,96.283,36.823
193.85,168.31,95.52,36.812
198.45,168.87,95.884,36.712
198.14,171.21,96.344,35.204
200.61,170.38,96.045,36.491
200.23,173.37,96.327,35.575
202.34,170.08,95.876,37.157
204.66,173.01,95.156,36.295
205.16,173.54,95.157,36.241
207.1,174.23,95.114,36.014
207.82,176.26,95.025,35.752
209.21,175.99,94.94,36.004
209.7,176.26,95.266,36.35
209.37,177.3,94.765,36.447
208.82,178.85,94.583,36.493
207.51,181.07,94.789,35.682
206.49,180.55,95.037,36.329
204.89,180.38,95.093,38.047
204.48,182.6,95.163,37.188
203.3,183.65,94.693,37.671
204.13,184.05,92.591,38.583
205.48,186.31,91.413,38.682
202.28,185.85,92.739,41.854
200.73,187.81,94.863,41.816
197.28,188.1,96.756,41.682
199.28,189.89,93.573,41.593
196.66,191.21,95.746,42.143
195.24,190.74,95.752,42.585
194.18,192.62,96.255,40.774
191.81,192.98,97.965,40.879
192.46,193.57,97.114,40.614
191.02,194.07,96.838,40.401
190.64,193.89,96.481,40.663
188.72,193.38,96.114,39.721
188.25,193.4,95.056,39.96
188.08,191.01,95.635,41.355
185.43,192.49,96.149,38.939
186.15,191.65,94.955,39.269
184.14,189.74,94.077,40.356
183.73,188.17,94.109,40.533
181.77,185.85,93.242,42.334
180.97,185.81,94.91,40.475
180.01,184.89,94.348,40.03
178.6,183.11,95.83,39.653
178.75,182.11,95.708,40.335
176.22,180.11,95.202,40.229
176.67,179.74,95.585,39.781
174.11,178.51,96.447,38.507
173.4,176.91,95.96,39.212
172.43,176.25,96.179,38.624
170.53,175.44,95.972,37.78
169.94,174.02,95.682,38.531
167.71,173.52,97.359,37.52
166.6,172.36,97.361,38.181
168.05,169.49,95.022,39.339
166.81,168.44,94.018,40.519
165.12,166.48,95.106,41.083
164.16,165.54,95.483,41.695
163.61,164.5,92.84,43.001
162.37,163.07,94.025,41.803
162.18,162.41,93.901,42.204
159.92,161.94,93.416,41.526
158.74,158.61,93.498,43.97
157.41,157.08,92.744,44.095
153.94,156.48,92.56,43.438
151.77,156.36,94.666,42.779
148.3,155.04,94.998,42.848
147.48,154.3,95.395,42.047
143.61,153.5,97.812,41.68
141.72,153.38,96.207,40.339
142.16,152.88,95.658,40.045
142.47,150.77,93.574,39.889
142.69,150.16,91.542,40.187
139.75,148.55,90.236,41.052
140.26,147.18,89.48,42.959
140.3,147.22,86.597,42.751
137.78,145.91,88.824,42.981
135.02,145.06,91.531,42.862
133,144.04,94.619,41.945
131.09,143.87,97.168,42.567
127.46,142.9,93.942,41.139
126.16,142.07,93.211,41.11
123.82,142.39,91.634,40.99
122.28,142.29,93.228,39.59
122.76,142.28,93.343,38.821
119.08,142.23,95.307,37.718
119.45,142.93,93.81,36.721
119.82,141.93,91.015,37.793
119.14,141.74,90.386,38.748
117.27,140.82,93.035,39.102
114.09,140.52,94.135,39.886
115.08,140.56,92.02,39.445
111.72,140.32,95.115,38.494
110.25,140.38,96.855,37.972
107.55,140,95.725,36.905
106.98,139.98,95.669,36.889
103.94,140.66,94.652,36.981
102.25,139.64,94.437,37.368
99.681,141.25,95.304,36.573
97.389,140.62,94.898,36.559
96.878,140.25,94.666,36.953
93.207,140.69,94.711,36.972
91.46,139.55,93.851,38.625
89.693,139.41,93.139,38.912
90.326,140.39,93.415,37.779
91.31,137.39,96.229,39.463
92.877,139.29,94.915,39.31
93.935,137.84,94.855,38.883
96.123,138.71,94.951,38.085
98.871,136.88,95.289,37.997
103.44,135.96,94.711,38.724
107.07,135.57,94.827,38.537
110.11,134.34,95.74,37.925
114.01,134.4,94.598,37.359
117.91,132.75,95.205,38.514
120.99,132.34,95.673,37.126
125.69,131.26,95.52,37.213
129.48,129.76,94.673,37.767
131.52,129.1,94.633,38.006
135.31,128.07,95.744,37.143
138.76,126.63,95.614,38.314
139.91,126.03,96.176,37.574
146.36,124.97,95.643,37.543
146.94,124.98,95.354,37.716
152.62,124.2,95.856,37.394
155.12,123.52,95.58,38.016
157.64,122.34,96.407,38.073
163.41,121.77,94.938,37.883
163.5,121.09,95.556,37.84
168.91,120.11,95.933,38.094
169.98,119.41,95.954,37.814
171.86,118.63,96.348,37.944
172.55,118.44,96.465,38.218
173.78,118.73,95.811,38.136
175.12,119.28,95.147,37.979
175.56,119.63,95.702,38.423
177.87,119.68,95.165,38.042
177.94,121.76,95.744,37.422
175.49,120.75,95.055,38.467
173.94,123.09,96.005,38.045
171.02,123.35,94.957,38.671
168.9,124.84,95.636,38.855
165.96,127.89,96.864,38.831
163.43,128.54,96.138,38.325
161.79,132.46,97.443,37.772
157.72,132.55,95.002,39.657
158.15,134,95.625,39.285
153.38,137.21,96.082,39.055
152.42,138,96.114,38.558
146.19,142.13,96.3,38.281
146.42,143.52,95.946,37.527
142.92,144.52,95.263,38.592
140.6,145.66,95.593,38.222
138.25,146.13,96.168,37.543
136.63,147.66,95.656,37.488
136.03,147.05,95.261,37.379
134.86,146.36,95.425,37.079
131.3,145.59,95.912,37.233
128.96,144.51,95.851,36.591
127.73,144.11,95.626,36.454
124.66,141.66,95.602,37.079
123.26,140.11,95.712,37.324
121.57,138.7,95.733,37.319
117.89,137.56,96,37.153
117.62,135.47,95.269,37.288
112.8,134.4,95.577,37.9
112.65,132.66,95.602,37.859
110.4,131.35,96.03,37.632
107.78,128.92,95.92,38.239
107.7,128.22,95.047,38.092
105.04,128.41,95.959,37.462
102.91,127.76,96.104,37.387
101.69,127.78,95.901,37.498
102.59,127.92,96.086,38.253
102.67,127.89,96.035,38.745
103.9,128.98,96.051,37.896
104.69,129.55,96.108,37.442
105.64,129.23,96.06,38.482
104.92,130.38,96.121,37.714
105.64,130.49,95.864,37.986
106.68,129.96,95.739,38.203
111.31,129.72,96.079,37.735
113.6,129.97,95.152,37.616
116.95,128.96,95.786,38.262
120.56,127.61,96.555,39.532
122.29,127.24,96.312,38.656
127.44,126.24,96.256,38.503
129.25,125.04,96.525,39.265
132.06,124.55,96.142,39.352
135.71,122.44,96.944,38.894
138.29,119.91,96.156,39.665
142.11,116.97,95.514,38.999
144.67,114.82,95.864,39.427
145.74,112.74,95.845,39.594
148.35,109.12,95.332,39.343
150.71,107.93,95.716,39.466
149.68,106.8,97.047,38.951
151.31,104.38,96.567,40.925
151.57,104.54,96.87,40.073
152.4,104.12,96.865,40.522
152.76,104.63,97.025,41.956
153.07,105.91,97.3,42.929
154.78,106.74,96.294,40.769
155.29,107.22,95.89,41.394
155.79,109.07,95.851,41.966
155.7,109.08,96.047,41.251
156.48,109.46,95.971,42.806
158.03,109.69,93.763,42.726
161.83,110.58,90.642,43.129
158.93,113.73,93.483,40.949
162.13,112.93,91.496,42.754
161.44,113.03,93.211,43.724
158.46,113.16,97.409,44.865
160.02,115.1,96.859,42.244
158.3,116.2,97.497,42.611
159.61,116.87,96.172,43.407
160.46,118.42,96.354,41.396
161.96,119.47,95.172,39.652
161.9,120.27,95.806,39.312
161.94,119.92,95.888,39.927
163.21,119.51,95.366,41.661
162,120.37,95.127,42.086
164.58,120.42,95.229,41.751
163.38,121.27,95.518,41.022
163.4,120.97,96.508,41.395
164.7,121.73,96.205,41.748
164.58,122.08,97.333,41.188
164.99,123.03,96.528,40.003
166.45,123.43,95.974,40.324
165.63,122.06,96.844,41.127
166.14,123.92,96.919,40.694
166.57,123.72,97.038,40.285
166.17,124.6,96.825,39.041
166.85,124.63,96.914,40.017
164.18,124.9,96.378,38.555
163.35,125.48,95.479,38.361
161.92,124.97,95.731,39.205
158.53,126.33,96.482,38.276
156.19,125.35,96.963,39.212
153.88,127.2,96.107,37.868
150.74,126.6,97.222,38.294
148.82,126.44,96.68,38.831
146.86,126.89,95.91,38.968
146.29,127.03,96.074,38.109
143.95,126.77,96.054,38.386
141.24,126.46,96.931,38.662
138.83,127.01,97.068,38.768
136.9,126.55,97.843,38.822
135.42,127.24,96.693,38.128
133.38,128.16,97.411,37.228
131.67,126.75,96.32,38.354
129.48,127.47,96.965,39.49
126.11,127.24,97.169,38.451
123.07,128.14,97.502,37.193
120.35,128.52,98.386,37.627
119.58,128.41,97.518,38.043
117.56,130.23,96.582,36.124
116.02,129.27,95.774,37.788
113.23,128.18,96.01,38.57
110,129.43,95.631,38.619
108.07,128.77,96.486,39.291
106.09,131.03,96.145,37.705
103.25,129.06,96.501,38.969
102.22,129.73,96.308,38.787
97.031,129.82,96.7,39.174
95.195,128.87,96.718,39.73
91.232,131.77,97.473,38.232
88.025,129.42,97.441,40.393
86.821,130.39,97.9,40.401
82.834,130.05,97.834,40.605
82.148,131.19,97.428,38.892
78.314,130.51,97.47,40.292
76.03,129.01,98.098,41.165
72.75,132.53,98.502,38.728
69.889,130.8,97.392,39.805
68.676,133.08,97.33,38.36
66.048,131.85,96.53,39.491
64.003,130.86,96.41,39.979
61.035,133.16,96.699,37.796
57.797,131.76,96.708,38.617
57.392,132.76,96.656,38.745
50.986,132.95,96.526,39.303
49.43,132.13,96.82,40.087
48.318,132.66,96.905,39.433
45.204,132.26,97.133,39.732
43.321,131.87,96.739,39.87
39.336,131.84,98.167,40.451
36.854,131.95,98.264,39.51
35.349,133.83,97.72,39.065
31.839,132.31,97.551,39.9
30.983,132.83,97.425,38.946
29.189,131.88,97.053,40.112
27.22,130.57,97.301,40.892
24.486,131.98,97.733,39.66
22.29,130.33,98.347,41.314
19.825,132.09,97.81,39.43
18.997,130.65,98.196,40.339
16.313,131.08,97.336,39.268
14.64,129.9,97.743,39.431
12.352,129.42,97.284,39.214
10.151,128.68,97.294,40.084
8.625,127.83,97.507,39.369
7.0184,127.45,96.685,39.662
4.3215,127.19,96.237,38.026
3.7954,125.82,95.243,38.902
3.0236,123.55,95.696,40.081
3.1752,122.3,96.8,39.377
3.8875,119.88,97.196,40.871
3.8917,117.8,98.152,41.718
5.2883,116.24,98.382,40.621
6.1917,113.94,98.274,41.839
7.0426,112.19,98.72,42.208
7.75,110.7,98.076,41.183
9.3184,109.82,98.536,40.931
9.4409,107.81,98.409,41.76
10.61,105.05,99.286,42.186
9.9992,105.47,99.042,41.391
9.9247,103.94,99.964,42.29
11.801,103.67,99.302,42.573
10.128,105,100.35,42.176
11.936,103.69,99.439,42.007
12.208,104.85,99.473,41.384
11.565,104.15,99.504,42.321
13.483,104.59,99.861,42.349
13.763,106.06,99.622,41.23
13.217,106.13,99.985,41.806
15.84,109.18,99.245,40.811
14.64,109.06,98.672,40.399
17.003,109.47,98.18,41.384
16.182,110.49,100.13,41.773
16.326,111.11,99.705,42.194
19.909,114.12,98.953,41.67
19.032,114.76,98.335,40.71
22.082,116.32,98.136,40.835
21.518,117.53,99.256,41.258
22.494,118.56,98.897,40.557
24.129,120.28,97.878,40.983
24.045,121.25,97.719,40.647
27.737,122.4,98.011,41.011
27.238,123.66,98.333,39.929
28.584,124.13,99.471,41.583
29.899,126.11,97.772,40.434
30.319,127.42,98.037,39.618
31.086,128.64,99.112,39.364
32.17,130.08,98.503,40.031
31.468,129.79,101.58,41.113
34.149,128.73,100.15,43.793
33.323,133.63,100.63,41.068
35.283,133.38,99.462,41.813
36.798,133.72,98.854,43.426
39.025,133.77,99.378,42.917
41.108,135.29,98.641,43.547
41.546,135.92,98.622,43.286
43.554,137.94,97.348,42.859
45.291,138.52,97.131,41.723
45.743,139.88,97.54,42.042
46.594,140.19,97.665,42.775
47.367,140.88,98.641,42.707
49.075,141.32,98.304,43.85
53.034,142.21,94.935,43.617
60.168,143.09,89.499,44.72
62.356,144.39,88.586,40.794
60.438,147.03,92.495,37.91
59.867,148.04,92.957,38.456
61.524,148.2,93.232,37.976
62.051,151.77,91.337,40.045
60.773,152.13,94,39.596
60.742,153.99,96.765,39.32
62.386,153.45,94.544,41.807
61.736,154.37,97.033,42.412
64.954,156.58,95.05,42.128
70.502,157.69,90.73,41.466
73.847,157.71,87.991,42.367
77.389,159.73,84.502,41.078
84.219,160.79,77.223,38.706
89.396,160.74,73.994,39.485
96.595,159.51,70.298,42.91
100.82,162.96,67.513,40.686
108.82,160.44,62.868,38.047
117.36,162.1,56.027,36.265
119.97,163.45,52.116,30.877
128.94,165.22,47.28,31.409
114.42,162.53,55.437,26.551
96.625,161.55,59.393,28.895
78.971,165.22,62.181,32.504
78.795,165.22,65.212,34.317
83.044,165.35,70.895,32.039
86.179,165.87,70.953,33.248
91.172,165.21,71.939,30.653
95.321,165.15,71.927,30.274
98.886,166.74,70.219,35.337
103.18,168.66,80.956,34.211
103.12,172.38,84.83,33.145
99.152,171.22,89.788,36.036
98.645,165.77,92.127,38.507
98.76,169.95,89.122,40.266
98.903,164.18,86.356,42.147
95.085,156.8,88.432,40.433
93.482,156.23,87.574,40.644
90.49,153.36,93.363,37.416
93.436,152.7,94.35,42.899
105.68,148.57,88.499,43.939
100.86,150.35,85.642,45.402
86.456,148.15,67.929,46.79
101.61,148.39,53.505,55.467
94.774,148.65,68.707,43.567
113.34,159.19,63.402,40.761
121.57,154.23,54.859,45.751
124.56,158.83,58.691,40.616
132.19,156.53,58.152,39.678
134.03,158.53,61.807,34.824
137.28,152.88,70.421,37.276
128.39,151.27,84.265,36.052
125.97,146.72,87.357,40.789
124.73,141.44,85.919,44.242
127.19,140.14,79.555,45.211
129.49,145.63,81.742,38.582
152.17,137.03,74.014,41.817
161.73,138.06,66.033,42.8
173.11,133.42,60.402,39.991
181.16,133.87,59.994,36.442
186.19,132.66,57.089,34.666
192.34,132.48,55.857,33.65
195.78,133.29,56.837,33.821
197.76,131.09,61.599,34.451
197.22,128.56,64.501,34.779
178.63,130.39,66.534,37.536
158.83,129.75,71.357,34.932
122.46,131.5,84.426,37.011
102.28,137.81,97.269,44.112
95.437,141.25,103.79,43.13
90.24,141.73,101.52,42.009
85.982,142.24,101.1,41.998
82.35,142.84,95.34,40.293
81.453,144.44,92.918,39.143
79.512,142.53,98.842,40.061
79.773,143.13,98.956,38.968
77.446,141.7,99.073,39.634
76.155,140.32,100.64,39.364
76.084,140.65,99.236,39.302
72.392,140.07,98.298,39.137
71.439,138.46,100.56,39.84
72.31,138.53,99.563,39.639
67.103,138.1,100.9,38.63
65.441,136.62,101.86,39.772
63.225,134.7,101.1,39.466
62.952,133.92,100.27,40.702
59.91,134.44,101.18,40.455
59.616,132.56,101.06,39.478
59.852,131.82,100.81,40.344
56.144,130.99,100.41,39.94
55.724,129.74,100.48,42.269
53.148,129.88,100.27,41.361
53.274,129.69,99.923,41.245
51.04,129.99,99.918,40.816
49.102,128.74,100.41,41.04
50.457,128.98,99.13,41.067
47.761,129.45,100.62,39.707
46.072,128.83,101.15,38.811
46.457,127.85,100.78,40.015
43.622,127.51,99.131,40.206
44.789,126.75,98.889,40.88
40.358,126.57,99.176,40.683
39.67,124.77,100.82,42.466
37.048,125.12,100.82,41.326
35.397,124.85,100.57,41.28
36.498,123.46,100.4,42.238
33.981,123.61,98.473,41.759
31.158,122.22,100.9,40.963
30.86,121.76,98.658,42.802
26.959,120.24,100.14,43.291
28.509,118.96,101.19,44.768
29.401,118.04,98.051,45.419
33.194,118.04,100.01,44.224
34.169,118.62,101.97,44.351
37.356,117.38,103.21,45.346
41.537,117.8,102.9,44.625
44.646,118.16,103.31,43.596
49.417,117.66,101.76,44.687
52.564,118.36,101.68,43.208
57.627,117.88,100.67,43.196
61.867,117.61,101.6,42.828
66.3,117.98,101.34,42.834
69.434,117.84,100.52,42.19
74.366,116.34,101.58,42.968
78.724,116.28,100.67,42.818
83.683,115.35,101.78,42.565
85.704,114.88,101.01,43.393
88.071,113.42,100.74,42.772
90.551,111.78,100.33,44.369
91.48,111.3,101.55,44.25
93.48,110.83,101.06,43.854
94.279,110.9,101.98,43.991
96.738,110.3,101.6,44.28
99.392,110.83,101.11,43.552
101.34,110.73,101.02,43.9
104.13,111.24,100.68,43.864
104.95,111.1,99.98,43.445
108.28,110.99,100.04,43.218
109.14,111.77,100.52,43.178
112.84,111.79,100.62,42.528
116.19,113.1,100.6,41.944
114.66,112.88,101.73,41.745
118.28,112.83,101.51,41.867
118.12,113.59,100.87,42.806
122.04,112.19,99.907,41.863
122.87,112.35,100.84,42.703
123.91,111.83,100.94,42.71
126.99,111.31,99.735,43.568
129.38,111.63,99.805,42.839
133.54,111.03,100.18,41.856
136.55,110.32,98.567,43.106
136.74,110.16,98.352,43.358
136.23,110.74,98.578,42.417
134.74,110.96,95.423,41.594
129.62,110.97,96.754,40.183
123.71,109.73,95.364,42.397
113.54,109.42,98.764,41.95
108.78,110.24,98.954,40.79
102.77,109.75,97.743,41.34
95.333,111.53,100.63,39.877
89.736,111.2,99.528,38.461
84.066,110.16,101.01,40.023
78.881,110.37,101.28,39.463
78.722,108.5,101.3,40.659
81.372,108.93,101.18,41.432
89.152,107.93,100.61,40.54
104.86,105.56,99.943,42.275
118.48,104.73,100.95,43.354
132.32,103.19,100.12,42.837
147.66,100.56,99.345,43.626
161.97,99.561,100.35,44.681
175.16,97.756,100.03,45.496
184.64,98.384,98.242,44.294
191.34,98.414,95.848,43.955
204.52,97.368,87.486,43.235
212.24,96.608,82.734,44.248
220.25,96.322,78.669,43.502
226.92,95.811,73.213,44.325
231.24,94.514,69.334,44.659
238.35,94.199,65.225,44.593
244.5,95.048,57.228,44.23
249.13,94.67,52.903,42.214
245.52,93.603,54.402,38.946
248.36,89.537,58.66,37.623
262.11,100.59,51.382,54.337
264.05,109.01,59.258,57.274
259.9,102.24,70.725,53.767
223.93,88.689,89.598,47.175
196.14,93.919,87.936,45.882
194.49,96.123,79.657,42.316
193.39,98.682,75.831,40.343
193.57,98.318,81.443,41.084
194.71,96.846,89.676,42.802
193.89,97.834,94.858,41.004
194,96.297,97.163,43.095
193.61,94.593,101.43,44.789
191.36,93.358,104.1,45.269
192.25,93.697,101.58,45.625
191.22,92.63,100.95,45.896
190.09,93.791,101.44,45.854
190.38,93.672,101.76,45.261
190.71,93.426,101.59,45.291
189.95,92.485,101.36,45.724
190.04,93.447,101.35,44.91
189.03,94.117,101.8,45.29
189.77,92.991,101.61,44.589
189.11,93.602,101.07,45.101
186.83,92.674,101.65,45.627
186.58,92.603,101.63,45.136
185.41,93.164,101.55,45.268
184.82,91.822,101.95,45.485
186.16,93.018,101.27,44.526
185.15,91.285,101.31,45.285
185.28,91.537,100.99,44.86
185.07,91.689,101.61,45.144
184.47,91.263,101.33,45.133
181.21,91.4,100.99,45.081
177.96,91.481,101.6,45.16
175.47,91.904,101.42,45.171
172.01,92.395,101.11,44.717
168.84,92.012,102.07,45.6
166.37,93.656,101.19,44.406
161.95,93.785,101.56,44.337
160.01,93.745,101.22,45.37
155.56,93.949,101.69,45.303
155.47,94.823,101.49,44.797
147.84,96.654,101.7,44.33
143.05,96.055,101.24,45.056
138.24,97.429,101.57,44.284
128.71,100.49,101.64,42.711
123.34,98.734,101.47,44.258
116.08,102.02,102.37,43.235
108.15,102.5,101.17,43.868
105.39,101.07,101.12,45.506
95.287,104.56,102.07,43.531
89.631,103.39,101.84,44.899
84.885,104.74,101.99,44.738
73.967,107.14,101.04,44.983
69.731,105.73,101.4,46.103
64.322,108.55,101.82,45.826
63.076,107.87,101.03,46.423
61.993,109.42,101.87,45.852
61.937,110.7,101.61,45.346
64.356,110.08,102.38,45.889
66.66,110.42,101.67,45.645
66.129,110.18,102.18,45.823
70.133,111.05,101.85,44.625
70.031,111.91,100.63,44.037
71.916,110.94,100.92,44.629
72.931,109.54,101.99,45.164
73.975,111.1,101.34,44.764
76.335,111.12,101.94,44.574
78.796,109.86,102.06,45.376
80.523,111.03,101.04,44.64
82.875,112.16,101.83,43.784
84.444,111.26,101.59,45.394
86.482,113.19,101.19,44.499
88.024,112.37,102.74,45.033
89.316,115.6,102.6,43.336
89.808,114.13,102.17,44.373
92.966,115.13,101.92,43.626
92.915,116.33,102.2,43.894
96.642,115.55,102.58,44.677
98.252,117.89,102.95,43.978
99.491,117.62,101.86,43.639
102.16,116.9,101.87,44.403
103.24,118.18,102.22,44.081
105.9,119.19,101.2,43.284
109.36,117.88,99.933,43.605
111.25,120,100.38,42.108
114.77,118.52,99.707,43.302
120.77,119.78,96.227,42.088
125.2,119.23,94.165,42.654
129.18,120.63,92.211,40.543
137.92,120.04,86.755,40.754
143.57,120.58,81.605,40.089
151.57,121.68,75.411,39.373
158.33,121.28,71.102,39.761
160.98,119.09,70.132,41.596
172.47,117.23,62.956,38.649
179.34,116.7,55.677,38.407
181.16,115.5,53.548,38.042
182.36,114.83,48.645,34.949
174.64,116.8,53.724,33
162.08,107.97,58.879,30.918
145.71,115.46,63.456,33.213
120.36,120.13,62.939,40.417
116.55,120.82,65.046,40.843
114.41,119.47,68.443,42.082
111.72,119.13,77.165,41.729
109.96,121.52,90.205,39.66
106,117.58,93.524,42.93
102.35,118.12,90.665,41.46
101.21,117.83,97.428,41.699
97.349,115.11,103.52,43.583
95.515,113.98,102.15,44.387
92.515,113.43,100.81,44.597
89.106,114.58,100.12,41.756
86.172,114.93,100.16,42.096
82.991,114.64,100.43,42.724
78.855,112.8,102.03,43.762
75.61,111.77,101.79,45.636
75.106,111.41,101.22,44.866
70.863,112.41,100.45,44.219
69.124,112.32,101.15,44.184
65.672,112.38,101.17,43.869
65.3,111.67,100.1,44.245
65.031,111.23,100.85,44.271
63.587,110.55,102.18,45.251
63.855,111.24,101.78,44.563
64.89,112.49,99.789,42.154
63.082,111.83,101.06,43.057
64.511,111.8,101.48,43.197
64.184,112.03,99.247,43.93
64.716,111.79,98.687,42.553
68.219,112.31,94.393,43.351
65.474,113.22,95.128,42.161
61.174,112.52,98.401,41.812
61.375,111.42,98.612,43.526
63.73,113.54,97.421,41.133
60.868,113.11,99.821,41.455
60.188,112.03,100.65,42.692
58.031,111.32,100.38,42.752
54.454,112.25,100.64,42.164
50.352,112.55,101.36,42.054
45.608,113.87,101.06,40.988
45.694,113.5,100.84,41.109
43.878,112.47,98.474,42.715
40.426,111.62,100.48,43.321
38.004,112.6,100.62,42.589
33.973,112.29,101.55,42.729
29.877,112.58,100.93,42.008
29.973,111.67,101.78,42.807
30.665,111.73,100.85,43.22
28.195,111.71,101.71,43.606
29.078,111.93,101.31,43.115
28.756,110.9,102.03,44.101
29.53,110.11,101.96,44.758
29.308,109.47,102.31,45.689
29.423,110.6,101.91,44.266
29.124,110.9,102.2,44.583
28.76,111.89,101.79,42.951
28.773,110.42,101.74,44.339
27.823,110.65,101.24,45.346
28.316,111.39,102.32,43.366
27.054,110.88,102.78,45.158
27.345,110.64,102.54,45.11
28.714,110.8,102.26,44.664
27.432,111.03,101.74,45.544
27.405,111.82,102.15,43.48
27.845,113.3,102.36,43.123
26.637,112.52,101.89,43.179
28.154,112.11,103.15,43.621
26.26,112.82,102.57,43.528
26.398,110.53,102.47,44.814
27.672,110.63,102.05,45.181
26.337,110.23,101.43,45.211
27.943,111.6,101.39,43.539
25.821,111.08,101.86,44.135
27.546,110.94,101.84,44.457
25.764,110.23,100.98,45.401
25.624,109.83,100.68,45.324
25.977,111.48,100.73,44.576
22.51,111.91,99.842,43.619
25.146,111.69,100.41,43.509
22.421,110.44,100.79,45.113
24.458,109.99,100.54,45.644
22.063,110.99,100.97,45.043
22.226,111.02,99.993,44.92
21.638,110.91,100.73,44.884
19.764,111.74,99.84,45.09
19.109,110.43,100.37,46.093
19.53,111.32,99.859,45.444
18.443,112.83,99.246,45.214
18.29,112.02,99.633,44.03
16.627,112.91,99.721,44.994
16.646,111.25,99.685,45.15
19.445,112.69,97.822,45.363
16.035,113.29,96.255,45.41
19.606,111.87,96.71,45.503
17.833,112.42,99.114,46.033
20.468,111.8,97.853,46.334
21.9,112.85,98.686,46.027
23.264,113.21,98.508,45.625
23.558,114.39,99.314,45.615
27.742,114.28,97.483,45.165
27.96,113.89,98.378,45.609
30.313,114.43,97.968,45.406
32.981,113.64,98.424,45.431
34.148,112.45,98.588,46.396
36.558,113.43,99.207,45.745
39.21,113.31,99.186,45.998
38.412,114.21,99.57,45.168
42.974,113.64,98.992,44.919
43.184,116.38,98.988,43.391
44.318,115.95,98.067,43.516
46.723,115.54,98.57,43.464
47.851,115.69,97.417,44.23
49.637,113.6,98.059,45.426
51.629,115.28,98.239,45.267
51.24,115.85,98.409,43.895
53.215,114.72,98.39,45.08
54.013,114.76,98.978,45.132
56.02,115,98.706,44.643
59.947,114.93,97.993,44.736
59.624,115.4,97.989,44.2
62.312,115.08,97.916,44.82
61.617,115.07,98.24,44.984
65.213,115.07,98.322,44.881
64.733,114.81,98.679,44.951
67.503,114.9,97.989,44.808
68.018,117.13,98.682,44.627
69.317,115.09,97.991,44.769
72.83,116.6,97.759,43.774
70.187,117.74,99.233,43.424
74.811,116.77,98.587,44.397
73.155,117.66,99.428,43.989
76.896,117.34,97.996,43.754
78.019,116.9,98.821,44.613
77.237,118.42,98.783,43.275
80.725,117.89,98.322,43.967
80.704,118.51,98.87,44.002
81.179,117.52,98.959,44.694
83.666,117.86,99.282,44.468
83.749,119.79,100.6,43.677
85.57,119.03,99.904,44.627
87.179,119.62,100.17,44.225
89.219,120.15,99.061,44.038
89.223,121.42,99.732,43.127
91.569,121.71,99.683,42.347
91.362,122.49,99.594,42.314
93.606,123.02,100.52,42.404
95.685,123.44,98.978,41.397
97.467,124.26,99.25,41.82
98.825,123.64,98.916,42.472
99.922,124.84,99.348,41.379
101.4,125.15,99.167,41.358
102.99,125.99,99.223,41.618
102.46,127.17,98.751,40.114
104.06,126.58,98.843,40.748
105.24,127.55,98.941,40.852
108.13,127.09,97.797,40.912
109.88,126.95,98.639,41.033
109.51,128.56,99.753,40.776
111.96,128.08,98.917,40.677
112.02,129.87,99.272,40.36
113.08,129.72,99.328,40.365
116.79,129.51,98.507,40.137
115.57,130.32,99.76,41.163
