122.92,51.92,51.92,61.92
122.42,53.428,51.715,60.176
122.5,53.649,51.37,60.315
123.12,54.932,51.479,59.724
122.95,55.174,51.742,60.108
122.16,56.412,51.88,60.485
122.08,57.614,52.213,58.939
122.96,57.396,51.151,58.822
122.62,57.995,51.733,59.842
122.02,59.418,52.031,57.846
121.75,59.108,51.984,58.809
121.57,59.298,52.304,58.612
121.95,59.827,51.313,58.662
121.59,59.943,51.915,58.212
121.61,59.669,52.003,58.82
121.64,60.427,51.272,58.362
121.54,59.819,52.13,58.906
121.12,60.711,52.551,58.647
121.24,61.32,51.772,58.435
121.03,61.954,51.801,58.021
121.42,62.089,51.648,57.935
120.87,61.651,51.445,57.908
121.31,62.587,50.801,58.049
120.16,62.363,51.784,57.893
120.46,62.686,51.062,57.741
120.73,62.565,50.579,57.951
120.57,63.945,51.329,57.008
120.33,63.077,50.652,58.249
120.19,62.988,51.005,58.253
119.64,63.016,50.898,57.46
118.5,62.27,51.227,57.25
117.32,61.613,51.434,57.546
116.37,61.184,50.591,57.56
114.94,61.46,50.631,56.208
112.58,59.757,52.27,56.366
111.5,58.337,52.374,56.071
109.44,59.127,52.318,55.198
108.66,58.146,52.157,54.372
108.12,58.388,50.781,55.866
108.01,57.662,50.618,54.448
108.53,57.672,50.824,55.704
108.66,57.209,51.382,55.586
109.01,57.59,53.015,54.76
109.95,56.188,52.382,53.22
110.64,56.185,52.739,53.612
111.73,55.443,52.737,53.012
112.53,54.33,53.157,53.707
113.6,54.128,52.592,53.961
113.52,54.948,54.18,55.75
114.6,55.459,53.023,55.667
114.73,55.574,53.486,56.365
115.18,57.253,52.406,56.809
115.55,58.821,52.932,56.836
116.3,59.39,51.626,58.184
115.6,61.557,51.758,58.358
115.94,64.835,50.913,58.28
115.94,66.857,51.994,58.922
116.13,68.925,51.198,58.627
116.67,70.23,51.202,58.861
115.43,73.135,51.656,57.025
115.81,75.35,51.061,55.997
119.32,77.487,47.603,56.75
115.4,78.944,52.683,57.867
115.8,81.224,51.972,57.081
114.52,82.063,53.157,57.303
115.72,83.442,52.001,56.509
117.26,83.663,51.064,58.187
118.41,85.488,51.976,56.345
120.17,85.875,51.944,58.035
121.01,86.694,51.928,57.895
122.89,87.445,53.269,57.967
123.98,87.225,53.12,58.395
125.37,86.786,52.475,58.707
126.8,84.922,52.207,60.531
127.54,84.157,51.937,60.314
126.83,82.385,52.446,60.102
127.02,79.768,52.804,60.911
125.99,77.373,53.282,60.158
126.63,75.579,51.219,59.972
125.43,72.642,51.378,61.321
124.86,71.511,52.298,59.435
124.56,70.078,51.755,59.526
124.86,68.813,51.331,59.979
124.63,68.202,51.19,59.762
125.09,67.872,51.01,60.278
124.51,67.324,51.548,60.894
123.98,67.253,51.209,60.959
122.6,66.299,52.364,61.006
124.04,65.297,50.449,61.629
122.41,65.259,51.587,60.897
122.41,63.797,51.379,60.357
120.74,62.968,51.791,60.408
119.78,60.443,51.692,60.589
118.95,60.047,52.055,58.516
115.66,59.067,53.908,57.736
114.55,58.529,52.915,55.552
112.99,58.445,52.661,53.161
111.52,57.288,52.471,53.663
109.91,57.177,52.109,52.747
108.41,57.66,51.963,52.876
107.55,56.886,51.365,52.225
107.37,57.006,50.96,51.792
105.79,57.694,51.933,52.39
105.25,56.981,52.487,53.289
104.43,56.811,52.127,53.778
104.38,54.999,51.379,52.881
104.88,55.035,51.063,53.53
104.45,54.366,51.495,54.778
105.19,55.012,51.321,54.39
105.62,55.159,51.824,54.085
106.16,55.694,51.852,53.808
107,55.906,51.526,54.927
107.21,56.535,52.308,54.99
108.36,56.228,51.588,55.63
108.79,57.167,51.948,56.786
110.36,58.357,50.754,56.212
110.32,59.229,51.786,56.365
110.77,60.724,52.282,56.588
111.59,62.273,52.885,56.774
111.76,63.084,53.205,56.663
113.2,65.139,52.439,56.462
111.91,64.846,53.193,57.073
112.17,65.561,53.336,56.506
113.7,65.88,52.414,57.976
114.73,66.331,52.54,58.125
115.05,67.387,52.362,56.798
115.31,66.965,52.057,58.047
114.73,67.574,52.593,58.527
115.44,67.045,52.044,57.807
114.73,66.964,52.618,57.742
114.69,66.388,52.342,58.44
115.17,66.196,51.803,57.982
115.16,66.064,51.871,58.036
115,65.803,51.591,59.067
114.76,65.772,51.646,58.973
114.49,65.811,52.342,58.196
115.52,67.141,51.632,57.631
114,66.148,52.386,59.278
113.4,66.461,53.174,57.652
112.49,66.2,52.503,58.325
111.96,66.253,52.629,58.299
110.99,66.017,54.329,58.592
108.72,65.809,54.155,57.714
107.24,64.916,54.1,58.927
106.18,65.075,53.978,57.911
104.77,65.649,53.929,58.835
105.25,65.894,52.441,56.796
105.34,65.236,52.346,59.197
104.51,65.302,54.228,57.105
105.36,65.561,52.831,57.287
104.71,65.285,53.916,58.359
104.89,65.399,53.849,58.049
105.84,65.825,53.464,58.657
105.4,65.401,54.476,60.179
105.44,66.487,54.573,59.15
104.78,66.692,55.203,59.768
106.5,67.062,53.316,59.988
105.24,67.313,55.601,60.056
105.21,67.505,55.435,59.484
105.74,66.3,54.62,60.077
106.03,67.254,53.827,58.934
105.82,67.044,54.091,59.346
105.15,66.155,55.922,60.3
105.62,66.618,54.45,60.131
106.1,66.583,54.496,59.675
106.23,67.04,54.004,58.539
104.83,66.094,54.865,60.156
104.87,66.909,55.533,58.216
106.42,66.162,53.614,58.974
106.84,66.152,52.655,59.222
106.37,66.012,52.547,58.766
104.43,66.868,54.552,58.187
104.41,65.803,54.434,58.274
104.32,65.378,54.164,57.901
103.53,64.806,54.006,57.651
104.51,64.804,52.286,56.794
104.12,64.79,52.572,56.524
104.64,65.096,51.089,55.953
104.07,63.981,50.895,55.982
102.95,63.788,52.29,55.935
103.39,63.588,50.283,55.894
103.33,64.279,49.963,54.78
103.8,64.497,49.474,53.699
103.2,64.792,49.182,53.887
103.14,65.629,49.288,52.794
103.65,66.053,48.349,52.454
104.42,65.491,47.929,52.852
104.17,66.613,48.057,52.565
104.35,66.146,48.007,52.113
104.62,66.592,48.307,51.643
104.76,66.213,48.303,52.342
105.39,67.133,48.16,51.401
105.63,66.42,48.206,51.742
106.71,66.946,46.735,51.406
106.98,67.431,46.574,50.733
106.84,68.114,47.28,50.464
108.15,68.405,47.205,49.887
108.28,69.572,46.628,49.191
108.6,68.601,47.138,50.847
109.23,70.454,46.271,49.432
109.67,70.799,46.327,49.415
110.38,71.574,45.656,49.769
110.38,72.32,45.809,49.714
110.01,72.656,46.45,50.118
111.67,73.93,45.821,49.421
111.35,73.095,46.071,49.13
111.36,74.022,45.479,49.487
111.41,74.544,45.757,48.903
111.07,74.497,45.444,49.391
111.25,76.062,45.13,48.781
111.07,75.213,45.423,49.327
110.95,76.176,44.703,48.336
110.7,76.321,44.454,49.195
109.78,76.483,45.603,48.526
109.41,76.632,45.101,48.056
110.37,76.213,43.033,46.766
108.65,76.154,46.136,47.756
109.09,75.84,45.362,46.902
110.03,75.576,43.333,46.529
109.85,75.522,43.329,46.669
109.77,75.487,42.723,46.338
109.32,74.954,43.029,47.059
108.47,75.363,42.779,46.13
108.74,74.304,41.861,46.95
108.78,74.654,41.341,45.78
107.26,74.556,43.075,46.821
107.56,73.244,42.541,46.804
107.82,73.871,40.717,46.557
106.59,73.403,42.105,46.852
106.2,73.255,42.779,46.553
105.56,73.6,42.227,46.538
106.46,74.188,44.289,45.957
106.48,73.973,42.5,46.138
106.37,73.965,42.04,46.562
105.91,73.9,44.073,47.275
106.88,74.808,42.756,47.125
106.33,75.213,43.688,47.156
106.33,75.328,43.362,48.549
106.37,76.041,43.116,48.768
105.34,75.565,43.695,52.898
105.29,74.913,44.357,50.114
105.74,74.97,45.279,49.266
105.55,74.904,44.711,52.455
105.44,75.072,46.052,50.811
105.92,73.922,45.939,51.752
105.83,74.153,45.309,52.507
105.55,73.913,46.088,53.22
105.39,74.558,46.272,53.33
105.19,74.93,46.618,52.233
105.48,74.231,46.365,53.558
104.18,74.524,47.747,51.949
103.83,73.805,48.525,54.604
104.41,72.946,47.078,51.542
103.78,70.234,46.829,53.162
103.53,69.275,47.882,50.476
103.99,68.019,47.175,50.443
104.19,65.881,46.71,51.247
104.48,64.293,46.273,50.399
103.52,62.155,47.394,50.806
103.66,60.576,46.48,51.073
103.79,59.347,46.644,51.022
103.69,56.786,46.972,52.056
103.69,55.156,47.413,53.167
103.68,52.848,46.717,54.058
102.84,51.74,47.029,53.975
103.01,50.414,47.515,53.733
102.65,48.802,47.347,54.599
103.2,48.321,47.059,54.606
103.02,46.516,47.025,55.087
104.19,45.775,46.824,56.338
103.8,45.286,46.764,56.588
103.08,44.959,48.628,56.772
104.97,45.157,47.163,55.976
105.52,46.025,47.506,55.471
104.99,46.033,48.305,55.782
105.67,48.333,49.13,55.047
106.43,48.873,49.403,55.59
107.88,49.097,48.212,56.036
109.04,49.975,47.848,56.329
109.4,51.78,49.736,55.517
110.8,52.33,48.858,55.769
111.79,52.727,48.553,54.088
113.37,53.711,48.113,53.874
113.33,54.179,48.038,54.401
114.51,55.056,48.213,55.2
114.36,55.427,48.966,55.272
114.19,55.638,49.512,53.754
113.93,55.973,50.288,53.779
115.12,56.891,49.195,53.844
115.77,57.126,48.669,54.465
116.05,58.072,49.328,54.789
115.12,59.481,51.38,54.631
116.68,60.756,49.851,55.013
116.67,62.146,51.705,55.053
116.25,63.807,52.282,55.214
117.09,65.584,51.693,54.583
116.7,66.558,52.449,55.12
117.41,67.877,52.541,54.731
117.77,68.906,51.34,55.379
120.25,71.177,48.792,55.082
124.72,72.921,44.851,55.522
125.17,75.183,43.211,53.706
124.09,76.808,44.106,53.475
123.04,78.021,44.097,52.178
122.69,78.285,44.535,53.101
115.75,78.779,49.649,53.258
113.29,78.157,51.809,54.683
112.48,79.048,52.614,55.416
110.92,78.873,53.989,56.304
111.58,78.706,52.872,56.485
112.42,78.422,51.236,57.568
111.88,78.757,51.249,58.359
111.09,78.102,52.694,57.668
111.23,77.865,50.327,58.005
109.2,77.49,53.125,57.341
108.91,76.754,52.727,56.606
107.97,75.718,52.626,57.092
106.68,73.909,53.403,58.543
106.23,74.527,52.741,57.918
104.65,73.563,52.663,57.952
103.49,73.204,52.002,58.681
102.03,72.792,51.338,58.037
99.746,72.022,52.566,57.204
97.939,71.191,53.152,56.986
96.391,70.673,52.885,58.127
95.134,69.315,52.344,58.587
93.246,68.519,53.111,58.188
92.644,68.673,51.695,57.673
91.209,67.382,52.071,58.226
89.486,67.426,52.767,58.503
88.901,67.341,52.25,59.107
87.541,66.833,52.762,58.616
86.277,66.513,52.902,59.205
85.054,65.987,53.228,59.222
84.017,66.447,53.088,57.617
81.956,64.966,54.376,58.74
80.075,65.575,55.227,59.157
79.668,65.619,54.467,60.365
79.31,65.933,53.841,59.243
76.491,66.312,55.633,59.616
75.718,66.542,55.365,59.403
74.188,66.925,56.126,60.334
73.596,66.512,55.599,60.18
71.37,66.932,56.174,59.209
68.818,66.509,57.334,59.74
67.714,66.436,56.827,59.829
67.409,65.686,55.923,60.189
65.788,67.151,56.132,59.257
64.935,66.331,55.509,59.267
63.298,66.232,56.014,59.428
61.295,66.528,56.658,60.145
59.793,66.605,57.001,59.921
58.221,66.527,57.393,60.574
56.237,66.483,57.695,60.382
56.008,66.82,57.343,60.459
54.141,66.7,58.184,61.577
53.383,66.072,58.303,61.273
52.651,65.545,57.542,62.061
53.198,65.315,57.029,61.823
51.784,64.137,58.076,62.923
51.503,64.317,58.039,63.036
52.733,65.414,55.687,61.849
52.682,64.263,56.634,63.239
53.995,63.796,54.965,63.296
55.008,61.279,56.285,64.994
56.012,60.297,56.048,64.417
58.027,59.883,55.355,64.791
58.725,59.592,55.315,63.557
60.64,58.847,54.042,63.363
62.683,57.792,53.173,63.541
62.972,56.267,54.292,63.086
63.421,53.918,55.299,64.16
64.887,52.231,55.16,63.683
65.9,50.514,54.77,64.928
65.981,49.216,56.051,64.05
68.025,47.765,55.056,64.661
70.48,46.217,53.695,64.765
70.879,45.3,54.629,64.314
71.967,44.37,54.989,63.416
73.907,43.016,54.696,63.313
76.323,42.804,54.182,62.63
78.836,42.1,53.694,62.876
80.106,40.272,53.74,63.306
83.039,39.929,53.88,62.046
84.843,40.044,54.258,60.76
85.803,39.101,54.46,60.631
87.666,40.37,54.46,62.436
89.605,40.608,54.939,60.28
91.76,42.609,53.953,59.447
92.084,43.145,55.023,58.795
93.959,45.213,55.345,58.088
94.935,45.054,54.951,59.334
96.897,46.818,54.865,58.343
97.9,48.382,54.133,57.487
99.015,49.649,53.986,57.256
100.16,51.416,54.045,57.786
100.84,53.143,54.195,57.91
101.59,54.565,53.75,57.74
101.95,56.434,52.531,57.03
102.57,58.478,52.135,56.914
101.71,60.224,54.32,57.824
102.42,62.537,53.629,57.982
102.28,64.951,54.344,58.907
103.56,67.397,53.694,59.402
103.52,69.451,53.574,59.434
103.94,71.607,52.899,59.744
103.66,73.984,53.994,61.476
104.31,76.058,53.617,60.667
104.89,78.622,52.964,60.69
104.82,80.28,53.862,60.962
104.78,83.432,53.195,60.939
104.79,85.692,55.04,59.548
104.84,88.013,53.862,59.725
105.46,90.824,53.183,58.978
105.31,93.557,54.364,59.966
106.05,96.004,54.93,58.882
106.12,99.155,54.301,58.109
105.55,101.54,54.279,58.975
105.64,102.64,55.088,60.819
106.01,105.59,53.562,65.079
104.95,107.38,55.054,75.079
105.56,110.12,54.615,73.975
104.59,113.25,55.679,72.132
105.3,116.1,54.366,68.587
104.16,118.24,55.921,67.839
104.57,120.35,55.034,66.399
104.64,121.56,55.069,65.816
103.63,121.96,56.327,65.791
103.06,127.9,55.867,59.746
103.48,128.91,55.501,58.227
103.04,132.13,55.897,57.973
102.33,134.11,56.518,57.049
101.24,134.6,56.843,58.854
100.35,137.44,57.698,58.41
100.87,140.4,56.244,57.14
99.203,141.27,57.194,57.831
99.992,144.86,55.585,57.148
98.275,145.14,57.413,58.527
98.136,146.47,56.667,57.905
97.844,147.62,55.744,58.602
97.547,149.26,56.77,57.699
96.256,150.22,57.781,58.648
96.229,152.45,57.944,57.498
95.898,154.03,57.016,57.433
94.782,155.5,58.116,57.743
93.481,155.69,58.769,58.06
92.202,157.7,59.933,57.521
90.978,156.48,59.006,58.965
90.979,157.97,59.282,58.13
89.96,157.48,59.488,57.586
88.589,157.83,59.874,58.469
88.023,157.74,60.539,59.04
86.714,158.73,60.388,57.999
84.598,159.2,60.889,58.258
84.152,158.87,61.383,59.483
83.496,158.27,59.556,58.835
82.485,155.37,60.567,60.99
82.101,152.02,59.801,61.293
80.603,148.99,61.371,61.742
80.842,145.93,61.494,63.095
80.385,141.57,62.729,63.983
80.221,138.03,60.946,63.614
79.776,134.87,64.328,64.485
79.229,129.02,63.686,65.252
79.6,125.43,65.369,66.269
79.481,122.04,67.95,67.969
80.481,117.2,66.992,70.504
81.067,114.38,66.04,71.531
80.944,111.81,66.9,73.812
82.987,107.76,65.787,75.035
83.833,104.99,65.067,76.39
84.798,101.71,59.765,65.079
85.998,99.005,61.391,66.307
86.328,98.093,63.407,65.855
86.749,96.287,64.315,66.402
88.666,95.636,64.354,65.743
90.508,94.073,62.632,63.234
91.938,92.35,60.178,63.714
93.558,90.744,60.788,63.47
95.54,89.924,62.182,65.386
96.352,89.921,63.456,63.485
98.958,89.552,62.204,65.164
101.17,90.144,60.227,64.743
103.22,93.522,60.147,62.264
106.44,104.26,58.972,51.62
107.94,100.46,57.517,55.651
107.92,91.16,59.266,62.877
110.47,91.54,57.867,62.455
111.75,91.037,57.456,62.049
112.23,90.481,59.69,61.996
115.61,90.458,57.582,62.461
116.99,89.874,57.914,61.239
119.61,88.353,57.613,62.994
122.31,88.958,54.608,61.085
124.65,88.119,53.898,60.99
127.12,87.981,52.695,61.422
127.29,87.828,54.328,60.734
129.25,87.547,55.17,59.686
131.88,87.966,55.073,59.208
133.35,86.894,55.406,59.945
136.66,87.646,54.163,58.188
138.27,86.567,48.701,57.939
139.6,87.012,46.995,57.243
142.1,88.171,52.476,56.706
144.71,88.378,51.714,58.377
147.01,88.988,52.367,58.014
148.37,89.774,53.054,57.561
150.01,90.484,53.111,58.434
151.66,92.061,51.426,57.652
153.23,93.535,51.527,58.369
153.4,95.392,51.915,59.124
155.61,97.622,50.48,58.896
156.67,99.772,50.592,60.238
157.08,103.9,50.75,56.677
157.78,107.25,50.752,55.495
159.38,107.7,51.327,56.257
161.21,109.62,51.447,56.679
162.25,112.36,51.33,54.799
164.59,111.14,50.612,56.696
164.38,111.35,51.582,56.237
166.15,113.51,50.27,53.611
167.58,111.05,49.337,54.211
166.82,107.61,51.119,54.663
168.28,104.99,49.813,57.045
167.62,98.956,51.549,60.542
168.41,95.006,51.673,64.959
167.82,92.162,49.506,62.873
168.69,88.34,49.458,60.528
167.66,85.332,50.818,60.75
167.13,83.683,51.299,58.438
168.47,80.367,52.001,59.603
167.42,77.738,51.65,60.377
167.43,75.829,50.584,59.538
166.75,73.83,50.027,58.998
165.84,71.393,51.663,59.91
166.05,66.721,51.674,63.373
166.53,64.452,52.261,61.375
166.15,61.824,54.698,64.18
167.7,59.331,54.64,62.602
167.46,57.111,56.091,63.939
167.24,55.097,58.188,63.864
166.2,51.94,59.493,68.783
166.65,50.392,58.175,67.06
165.64,49.73,60.231,68.555
165.86,49.359,53.627,65.329
164.42,50.389,57.872,63.137
163.01,50.39,56.189,66.529
160.31,50.661,59.544,70.037
159.96,52.695,57.131,71.61
158.78,55.109,56.743,69.403
156.42,55.726,57.574,68.502
155.62,56.958,56.067,69.196
154.82,59.49,54.758,61.618
153.01,59.994,56.123,66.553
152.21,62.622,56.231,67.918
149.81,64.657,57.206,64.206
149.19,65.278,55.408,60.903
147.51,65.758,54.041,58.714
146.79,65.679,52.517,59.14
144.49,66.865,51.148,57.806
142.58,66.607,50.89,57.482
140.03,66.805,53.163,58.425
138.19,66.407,54.295,58.901
135.16,66.883,55.253,58.737
132.81,68.092,53.298,59.058
129.31,70.113,53.829,59.375
126.75,70.925,55.508,60.765
125.96,73.412,52.047,58.706
124.96,73.254,52.322,59.265
124.99,73.375,50.757,58.822
126.05,73.433,53.532,58.635
127.22,71.967,54.662,58.869
130.05,70.891,55.19,60.562
133.33,70.466,55.629,60.516
135.35,69.718,56.086,60.623
137.79,69.394,53.961,61.12
136.68,69.046,57.211,62.604
138.63,70.278,54.667,60.673
139.33,69.569,55.098,60.91
139.63,68.694,56.816,60.51
139.78,68.078,56.324,60.217
137.51,66.289,59.644,61.71
137.03,66.968,57.158,61.529
135.72,67.691,55.661,60.832
134.2,67.399,56.982,61.713
132.7,69.708,55.976,60.832
131.77,71.254,55.778,62.681
130.5,74.22,54.706,61.421
128.89,77.042,53.671,61.224
129.46,78.321,53.54,62.264
126.98,80.665,57.036,61.997
125.46,85.985,56.565,57.606
122.57,84.396,56.029,59.798
119.31,84.069,57.448,61.113
116.01,84.819,58.513,62.16
115.23,88.436,58.272,61.267
111.64,89.069,60.391,60.686
114.9,96.878,56.917,54.706
116.85,100.21,53.545,54.3
117.53,103.13,52.586,50.885
116.95,103.56,52.109,51.993
115.79,106.46,53.086,51.539
117.27,110.65,50.487,50.168
115.48,116.1,51.685,50.925
111.53,109.9,57.062,65.183
110.91,114.63,58.073,69.157
110.05,111.47,59.983,73.678
109.44,113.25,58.546,73.778
109.39,109.71,58.046,77.843
108.69,111.48,57.532,75.13
108.41,111.24,56.917,77.562
107.96,111.19,58.641,77.573
106.18,111.37,60.271,77.406
104.55,111.55,68.085,73.78
103.95,111.54,64.857,73.726
102.75,111.79,61.993,71.804
102.82,113.83,60.362,68.04
101.63,115.26,58.031,60.242
101.4,114.09,57.165,57.423
99.576,118.1,57.807,67.563
99.187,114.83,58.617,69.92
98.319,114.66,58.481,70.231
98.428,115.24,58.676,69.317
97.392,111.57,59.612,68.367
98.422,110.11,58.348,74.379
96.51,105.3,59.794,65.667
98.002,103.04,55.08,60.502
97.87,100.09,51.918,59.73
97.219,98.692,47.74,59.829
97.725,96.107,46.667,60.938
97.903,94.019,45.913,60.496
96.997,92.185,47.598,59.881
97.621,88.774,55.042,62.1
97.183,87.271,51.396,62.574
96.831,84.632,58.651,63.714
97.305,81.686,59.422,63.474
97.017,79.599,60.03,63.35
97.957,77.396,58.514,63.438
98.105,74.248,58.594,63.16
97.878,72.679,57.955,63.585
96.336,69.062,59.929,65.916
96.961,68.111,59.26,65.692
95.716,66.485,60.456,65.644
96.013,65.345,59.078,63.592
95.515,62.477,59.911,66.656
94.285,60.977,59.599,67.088
93.613,60.345,59.375,66.855
92.093,59.082,60.042,66.735
90.731,58.926,59.433,65.144
88.789,57.317,59.57,66.305
87.177,56.858,58.906,65.575
85.727,55.98,57.422,64.822
85.024,55.587,56.469,65.171
83.656,54.571,56.24,65.419
82.996,53.796,56.156,65.639
82.778,53.41,55.086,64.848
81.348,52.59,55.392,65.409
80.158,53.283,56.242,64.485
80.502,52.271,54.637,65.22
79.942,54.68,55.78,63.353
78.524,54.644,59.159,65.726
77.939,56.693,55.631,66.635
77.668,58.215,58.176,66.732
76.08,58.664,57.687,68.422
76.356,59.679,52.794,66.897
74.93,60.897,60.135,66.789
73.898,61.738,54.681,66.918
72.133,62.524,58.725,67.394
71.482,65.352,62.237,65.945
70.444,66.108,58.507,65.974
69.398,68.592,65.073,66.19
68.718,70.028,57.672,65.478
68.747,71.712,57.911,64.43
69.129,73.112,55.762,63.974
68.132,76.633,56.884,60.832
69.634,77.511,58.018,61.28
70.37,80.505,56.135,58.789
70.227,82.176,57.337,59.226
70.664,83.197,55.658,57.124
71.276,83.661,57.096,56.887
71.967,81.862,57.091,57.328
74.759,79.723,56.075,57.658
75.928,76.261,57.307,59.906
77.78,73.592,59.679,60.377
80.095,71.215,59.935,61.127
81.777,69.508,59.279,59.102
83.527,67.012,59.818,62.156
86.703,65.232,59.889,64.259
88.954,62.916,60.412,64.896
90.867,60.917,62.055,65.706
93.37,58.377,63.073,67.841
95.827,56.756,62.027,67.349
98.394,55.004,61.104,68.553
98.604,53.839,61.472,68.541
98.538,53.548,61.473,67.787
100.05,53.686,60.074,65.906
99.488,52.529,59.559,64.973
99.841,51.49,59.186,64.884
100.03,50.463,58.961,65.117
99.475,49.251,57.881,65.019
98.448,49.248,58.757,62.645
98.24,48.646,57.958,62.701
98.506,47.219,56.7,62.199
97.694,46.246,57.153,62.283
98.518,45.615,55.747,61.079
96.9,43.968,56.307,60.435
97.08,42.727,55.64,60.666
96.245,42.452,55.219,59.851
95.947,42.319,55.119,59.426
95.178,41.423,53.515,59.838
93.966,41.906,53.504,58.395
92.223,41.874,54.277,59.086
91.55,42.327,52.719,57.677
88.943,41.699,54.067,58.457
86.284,41.644,55.728,58.807
85.953,40.583,54.111,59.325
84.413,39.233,54.743,60.079
82.462,38.747,55.461,59.51
80.94,38.214,55.949,59.753
80.77,36.715,53.995,58.558
78.436,29.884,54.555,64.46
78.381,31.662,53.83,60.419
77.231,28.846,53.662,62.364
75.562,26.997,54.21,62.873
74.795,27.205,53.466,60.743
72.265,26.167,55.312,61.372
71.248,24.988,55.056,61.044
71.05,26.079,55.02,59.511
69.78,25.04,55.56,60.842
69.693,25.461,55.052,61.206
70.072,25.469,54.79,61.836
70.024,26.142,55.847,62.345
70.839,27.235,55.628,63.136
71.234,28.449,54.965,62.765
73.154,31.016,53.776,62.884
72.674,29.768,55.202,65.536
74.251,30.601,54.215,67.885
76.364,36.792,53.581,62.929
76.563,42.586,54.902,59.119
78.349,44.864,53.766,58.224
79.113,46.462,53.777,58.878
80.553,48.3,53.131,59.176
81.802,48.991,54.137,59.317
83.921,50.46,52.821,59.112
84.794,51.072,52.831,58.51
86.565,50.049,52.6,59.266
88.572,51.168,51.871,58.807
90.141,50.098,53.844,59.434
91.938,49.382,54.231,58.813
93.802,47.275,54.576,59.373
96.827,46.115,53.823,58.589
99.139,45.474,54.412,57.891
100.49,44.007,54.181,57.724
104.5,41.948,52.704,57.288
106.03,41.102,52.146,57.447
109.08,40.525,52.055,56.026
111.5,38.805,51.364,57.163
112.91,36.664,52.05,58.333
116.42,36.489,51.159,57.337
118.57,35.632,50.999,57.218
120.76,34.016,50.842,57.948
123.51,33.465,49.904,57.5
125.23,32.778,50.182,57.378
126.58,32.684,50.377,57.211
129.59,32.066,49.425,57.458
131.42,31.903,49.483,56.329
134.12,32.127,49.108,57.151
135.75,32.212,49.36,57.81
137.53,30.599,50.967,58.469
140.86,32.229,48.449,56.998
142.69,30.839,47.888,58.44
143.19,28.954,49.617,60.268
146.35,31.392,49.102,57.762
146.82,28.635,51.08,60.762
149.55,30.955,49.423,59.206
150.94,30.33,50.191,59.761
152.98,31.978,49.455,58.952
153.83,34.181,50.649,58.229
156.19,35.616,50.448,56.153
156.08,36.857,51.272,56.81
156.98,37.244,52.074,57.484
156.43,38.468,53.473,57.724
158.51,40.507,51.09,56.718
159.16,40.764,50.989,57.398
159.96,43.533,51.609,56.976
161.66,45.408,51.217,56.272
162.24,46.598,51.712,56.462
162.54,48.718,52.577,55.766
163.2,49.852,52.684,55.883
163.76,51.575,52.66,71.819
164.81,55.093,52.44,71.316
164.58,55.727,53.641,60.747
164.59,57.194,54.438,57.411
164.76,57.743,51.591,56.747
165.35,59.039,52.788,55.462
164.99,58.961,52.29,56.615
163.77,59.817,52.554,56.589
162.98,60.147,51.693,57.37
160.68,60.874,52.268,56.254
160.44,61.893,49.718,59.206
160.6,60.022,51.798,55.696
158.69,59.655,51.458,55.967
157.16,58.66,51.48,56.713
156.06,57.518,51.902,57.203
154.62,56.541,51.848,58.031
153.51,56.554,52.364,58.299
151.43,56.118,52.847,58.898
149.09,56.699,52.958,58.902
146.65,57.482,51.814,58.58
144.15,57.077,50.672,58.918
141.8,58.137,51.493,58.323
139.15,58.458,52.023,58.478
136.13,59.079,52.17,58.761
133.62,59.197,52.41,59.553
130.04,59.979,53.717,59.355
126.93,60.799,55.159,60.02
124.79,61.584,53.923,59.411
120.68,62.966,54.301,58.386
117.98,64.542,53.839,58.439
113.63,65.128,54.734,59.159
111.17,65.598,54.683,59.164
108.52,66.258,54.408,59.024
105.88,66.953,54.537,58.609
103.96,67.661,54.319,58.243
100.87,69.327,55.402,58.558
99.149,70.599,54.594,58.406
96.856,72.547,54.504,58.182
94.057,73.376,54.025,58.674
92.323,74.438,53.114,57.976
92.144,75.462,51.707,56.851
90.97,76.24,51.182,55.252
89.752,76.858,51.37,56.017
88.901,77.42,52.04,56.894
88.461,79.307,53.558,57.34
88.58,79.853,55.485,58.106
88.478,81.65,54.065,57.984
89.658,84.877,55.882,58.79
90.013,88.722,54.619,57.991
90.04,92.417,55.501,58.436
90.958,98.055,54.242,57.615
90.92,101.63,55.325,56.962
91.495,106.16,55.35,56.067
91.119,109.43,52.205,56.467
90.789,112.77,52.07,57.472
91.816,116.37,55.353,64.844
92.308,120.23,58.484,65.418
92.335,123.07,58.585,62.425
92.426,127.2,58.47,60.014
92.881,128.91,58.584,58.813
91.461,132.34,58.558,56.061
91.765,133.81,58.172,56.2
93.265,132.89,57.136,57.097
91.66,129.96,58.481,58.681
92.436,124.83,58.317,62.549
92.213,119.8,57.557,65.518
91.964,115.15,58.081,68.865
91.874,109.26,56.848,61.122
90.869,104.08,55.272,57.649
89.834,98.306,54.268,58.292
89.219,92.803,53.81,59.522
88.884,87.35,54.059,59.291
88.427,82.979,54.63,59.633
88.335,79.462,55.079,59.976
88.649,76.056,54.912,59.689
88.902,73.32,55.003,59.569
88.85,70.397,55.706,59.281
89.242,68.353,56.258,58.11
91.522,67.124,56.755,57.816
93.572,66.008,57.182,58.09
95.738,65.716,57.521,57.765
97.857,65.363,57.706,58.105
99.755,65.023,58.701,58.332
103.01,65.305,58.47,58.259
105.2,65.801,59.297,59.017
108.08,65.721,59.376,59.696
110.02,66.578,59.012,58.695
113.07,67.042,59.15,59.71
114.62,67.124,58.184,59.061
115.13,67.551,58.781,58.84
116.89,67.718,57.119,58.541
118.7,67.832,57.562,58.136
119.12,67.447,55.747,58.196
118.85,66.796,58.222,58.563
119.58,66.734,56.03,58.081
118.23,66.316,56.519,59.148
117.13,66.434,56.993,59.4
117.21,66.181,55.037,59.167
113.08,67.133,56.894,59.499
111.61,67.363,57.435,58.77
109.58,67.906,56.914,58.761
107.51,67.64,56.529,59.104
105.31,67.423,55.991,59.06
103.06,67.842,55.779,58.792
100.55,69.09,55.972,58.854
97.476,69.927,55.743,58.845
95.955,71.311,54.496,58.382
93.31,72.143,54.432,58.468
91.696,73.118,53.802,58.845
90.057,74.173,55.276,58.06
88.26,75.642,55.124,56.56
87.901,76.509,55.473,56.37
87.396,77.383,53.701,56.778
85.581,79.606,53.816,56.79
86.198,81.613,52.537,56.405
86.363,83.893,52.135,56.73
85.686,86.626,53.608,58.495
86.267,89.5,51.194,57.484
86.103,92.979,51.909,56.181
86.234,97.698,51.953,54.409
85.982,101.28,51.392,53.734
87.003,105.75,53.255,52.666
88.141,109.08,53.381,50.925
88.381,112.15,53.114,50.268
88.514,114.87,54.028,49.143
89.349,116.46,54.058,49.544
90.467,116.98,51.656,52.254
90.943,117.36,51.648,52.451
92.713,117.24,52.636,53.118
94.124,117.26,55.731,62.737
95.47,117.69,56.676,67.693
98.159,117.51,54.801,68.862
101.72,114.95,54.12,70.6
102.84,113.31,55.41,70.953
105.2,114.45,55.951,70.647
107.52,110.7,56.373,72.634
108.83,107.16,57.012,76.206
110.52,103.24,57.006,77.943
110.96,99.34,56.469,64.587
110.39,95.548,51.622,57.769
110.2,92.219,50.424,58.546
109.55,89.455,49.13,58.863
109.28,86.129,46.485,59.516
108.41,84.433,53.48,59.253
106.01,81.459,55.827,59.325
105.36,80.313,55.737,59.328
103.46,78.579,56.64,60.699
101.14,77.031,57.028,59.056
99.544,75.723,56.825,59.804
97.873,74.948,56.333,64.07
96.552,73.971,57.208,60.137
95.56,72.099,56.333,59.573
93.116,71.015,56.488,59.965
92.246,69.993,55.995,60.204
91.565,67.308,55.386,60.833
91.302,66.378,55.633,61.523
91.529,64.361,57.307,61.879
92.227,63.059,56.172,60.492
93.166,62.748,57.292,61.465
94.034,61.693,57.392,60.73
95.61,61.847,56.95,61.251
97.096,62.626,57.276,61.044
98.659,62.724,56.793,61.887
100.96,61.951,56.031,62.568
102.9,61.263,55.776,63.008
104.29,61.635,55.55,62.244
104.73,60.945,56.52,62.608
106.59,60.624,55.992,63.004
106.28,60.916,57.015,62.94
107.86,60.04,57.144,63.25
108.57,58.938,58.006,64.191
109.6,58.634,59.471,65.25
109.82,58.363,60.309,63.93
110.73,58.143,61.497,65.17
112.22,58.88,62.418,63.015
111.47,59.389,58.349,63.645
112.76,59.823,56.078,65.154
113.23,59.717,57.82,64.718
113.21,59.823,58.103,64.932
113.87,59.766,59.621,63.763
115.22,59.482,61.304,62.24
115.02,59.273,59.939,61.436
128.99,58.505,48.725,56.693
128.48,58.616,50.936,56.249
132.28,58.333,46.904,56.08
133.76,58.713,45.918,55.677
133.59,57.961,46.239,55.433
134.41,58.997,46.007,55.825
135.09,58.431,45.201,55.754
135.31,58.675,44.227,55.002
136.15,58.754,44.725,55.305
136.48,59.095,44.476,54.925
137.29,59.046,43.96,54.65
136.83,60.237,44.07,54.783
137.48,61.206,44.007,54.834
137.17,62.441,43.432,54.818
137.23,64.612,42.548,55.681
136.35,66.898,41.874,57.063
134.77,70.43,43.256,57.498
134.77,74.197,44.236,56.918
134.72,79.31,45.866,57.93
133.9,82.257,46.231,57.106
132.01,84.799,46.428,57.334
135.6,85.928,43.812,56.929
133.74,89.192,45.661,55.013
133.34,91.268,44.973,55.35
130.69,94.201,46.689,55.142
130.44,96.41,47.335,55.513
130.24,99.187,46.106,54.853
129.62,100.06,46.754,55.422
129.82,103.34,47.8,53.686
129.09,103.68,48.323,54.264
128.99,100.78,46.619,56.216
127.58,99.261,49.007,55.44
126.56,96.815,48.29,56.301
127.91,94.621,45.447,56.783
123.24,92.381,49.779,57.668
103.77,88.858,67.92,59.636
103.29,85.748,67.734,60.501
103.81,82.236,67.969,60.226
103,79.012,68.62,60.76
102.44,76.231,69.377,60.089
100.99,72.778,70.783,60.161
100.78,69.155,69.789,61.39
100.2,66.735,71.705,59.857
98.265,64.358,70.99,59.881
96.032,62.194,72.671,59.165
96.058,59.934,73.748,59.652
93.646,59.941,74.043,58.701
92.229,59.027,72.893,58.788
90.121,58.547,73.426,58.805
88.362,57.621,72.352,59.49
86.419,57.039,72.488,59.438
83.782,55.584,69.339,59.731
83.067,54.39,68.319,60.01
79.678,54.538,68.448,59.387
78.224,54.215,66.417,59.368
74.186,53.451,67.582,59.215
73.365,53.755,62.701,59.071
70.499,52.816,64.194,59.456
68.039,53.357,62.471,59.477
65.489,53.421,62.273,59.176
63.312,54.941,61.382,59.144
62.496,54.218,60.328,58.244
59.792,55.152,60.687,59.069
58.025,55.784,60.288,58.919
56.646,55.501,60.657,58.809
55.879,55.639,60.455,59.258
55.094,55.753,60.134,59.337
54.236,55.271,60.122,59.489
53.815,55.452,60.241,58.844
52.861,56.296,60.123,58.189
52.743,56.377,60.172,58.737
54.258,56.853,60.401,58.904
55.96,56.524,62.017,59.318
58.214,57.299,62.372,59.04
59.875,57.997,62.348,60.181
63.129,59.623,62.478,60.165
65.35,60.576,63.172,60.497
68.736,62.052,66.667,60.508
71.452,63.149,72.72,60.142
74.526,64.015,75.62,60.109
77.535,66.399,71.093,59.649
80.558,66.413,69.345,60.268
82.849,67.214,69.978,59.337
84.877,68.066,69.549,59.361
87.77,69.026,71.161,58.808
91.425,69.393,73.874,59.754
96.016,69.713,71.696,59.531
98.671,69.193,71.787,59.818
104.37,69.788,71.514,59.316
104.47,70.012,74.42,59.381
122.53,70.824,62.212,56.205
138.3,70.102,50.018,54.863
143.32,69.941,46.396,54.41
145.43,69.78,48.262,55.671
148.13,70.236,48.885,55.394
149.18,70.639,51.578,54.763
148.62,71.818,55.398,54.532
151.63,73.4,55.057,55.526
161.4,76.218,47.55,53.753
162.03,81.209,51.036,51.968
164.93,84.675,48.437,51.75
165.24,87.002,49.515,53.408
163.12,90.641,53.276,54.341
137.56,103.6,65.134,50.825
135.27,97.287,79.825,58.298
136.59,101.83,70.082,58.026
136.98,105.18,73.002,70.791
136.53,106.81,70.687,74.226
137.97,119.19,76.772,62.989
138.71,117.4,74.615,63.617
138.66,123.74,76.123,59.553
139.22,132.9,76.96,54.341
140.05,127.63,75.43,59.878
139.63,125.61,69.171,65.064
139.63,136.65,69.079,56.948
139.75,140.81,69.619,55.632
139.37,143.09,69.4,55.06
139.56,142.93,71.892,58.04
139.26,145.22,74.241,59.475
138.03,144.63,74.794,57.784
138.33,145.36,75.634,55.892
139.35,142.34,71.847,55.669
139.56,141.06,65.788,55.125
139.6,137.31,63.075,56.62
138.54,136.61,63.894,56.43
138.03,134.62,65.74,56.383
137.48,133.36,68.035,57.309
137.93,130.93,67.848,57.078
138.8,128.78,71.164,57.545
137.1,119.17,69.824,60.149
136.21,121.34,69.723,61.22
136.12,121.74,71.07,61.324
135.28,110.44,69.418,57.997
135.01,111.59,70.618,58.367
134.46,104.68,66.875,59.001
133.55,98.436,66.645,62.853
132.19,94.508,71.329,62.233
141.48,91.815,59.621,60.36
150.29,89.312,50.514,59.604
148.53,87.716,49.489,58.507
147.91,85.805,47.416,58.502
146.61,83.931,47.139,59.387
145.18,83.978,43.695,58.853
142.21,83.158,47.005,58.532
140.13,83.387,47.414,58.478
138.21,83.157,48.85,59.294
135.31,82.609,47.984,59.717
133.08,83.824,50.214,59.073
130.11,84.057,50.423,59.08
127.89,84.591,51.136,59.537
116.4,86.466,59.676,58.33
110.01,91.48,58.937,53.028
108.05,88.25,58.209,54.613
105.96,89.98,58.599,51.542
102.55,94.737,48.519,49.362
100.61,95.187,56.382,48.779
99.084,98.657,59.761,47.189
97.016,99.214,61.373,49.362
95.789,98.91,59.231,51.892
95.211,100.06,58.431,50.186
94.739,99.754,57.615,49.968
94.397,100.41,57.644,52.091
93.547,101.68,56.624,53.226
93.006,102.27,56.557,54.955
93.627,102.05,55.227,54.302
93.314,103.06,55.237,55.56
93.644,103.3,53.847,55.753
93.615,104.28,53.824,55.319
93.678,104.2,52.697,55.775
93.732,104.22,50.332,55.56
93.18,104.71,51.006,55.303
92.594,104.09,52.105,54.056
91.675,103.59,52.418,54.103
90.745,103.29,55.792,54.248
89.354,102.71,54.206,53.752
89.516,102.52,55.69,52.575
88.049,102.7,55.614,51.175
87.387,102.3,57.466,51.166
85.522,100.93,60.977,50.83
85.644,100.23,60.106,50.307
84.202,98.677,61.247,52.183
82.794,97.278,59.923,55.331
81.014,95.802,61.381,64.783
80.418,93.528,59.898,66.028
79.941,92.157,64.857,63.974
79.305,90.565,65.293,61.624
78.159,90.129,64.928,58.828
77.934,88.609,65.83,57.65
77.298,87.72,68.21,55.52
76.543,86.013,68.295,54.402
77.116,85.848,67.153,51.766
76.469,84.824,66.036,51.639
77.83,83.962,66.605,50.244
78.475,82.552,66.254,49.404
80.484,79.126,65.244,50.41
82.355,76.063,61.205,51.979
85.406,73.317,59.243,54.438
88.18,70.65,59.13,54.884
91.448,68.068,56.586,57.521
92.852,66.553,57.965,58.902
94.655,63.954,57.999,58.884
96.097,61.634,59.264,60.66
98.457,59.908,57.493,60.598
99.898,58.754,57.297,62.884
100.16,56.182,56.683,64.086
102.3,53.703,56.042,63.624
103.43,52.382,54.751,63.336
103.96,50.168,54.944,62.72
105.03,49.335,54.851,62.216
105.56,47.223,55.289,61.308
106.58,45.891,55.236,61.915
106.86,45.176,55.259,62.392
107.94,44.956,55.516,61.765
108.77,44.149,55.359,62.909
110.19,43.64,54.795,62.073
111.53,43.604,54.899,61.652
112.89,43.467,54.196,61.857
113.57,43.583,54.515,62.018
114.19,43.585,54.413,62.654
115.24,43.455,55.813,62.384
116.44,43.168,57.058,62.446
117.44,42.757,55.623,62.136
118.96,42.572,55.205,61.727
120.09,42.967,55.134,61.717
121.84,43.334,55.2,61.091
123.51,43.397,54.63,60.874
124.93,44.457,55.102,61.616
125.49,45.707,55.701,61.514
127.41,46.903,55.768,61.807
127.66,47.749,56.877,61.26
129.03,48.166,57.476,63.024
128.1,48.366,57.523,62.847
127.15,48.821,56.828,61.126
125.86,48.756,56.912,61.881
124.62,48.939,57.533,61.614
123.66,49.775,53.239,60.307
121.65,50.742,53.262,60.938
122.33,51.028,51.057,59.365
120.96,51.702,52.55,57.46
120.43,52.58,51.899,56.882
119.11,52.319,51.816,56.14
115.89,52.974,53.126,56.811
110.98,53.859,56.718,60.39
108.21,54.819,56.392,60.411
105.05,55.689,58.226,62.717
101.62,56.799,57.317,63.539
99.309,58.271,57.469,61.832
96.942,60.178,57.878,62.574
94.058,62.152,58.274,60.812
92.554,63.398,58.197,60.718
90.303,65.33,57.572,60.798
89.193,66.255,57.631,60.771
87.463,67.633,57.757,59.918
86.604,68.624,57.767,59.571
84.795,70.436,57.718,59.577
84.028,72.003,57.367,58.645
83.283,73.496,57.416,58.15
82.556,75.12,57.427,57.809
81.946,76.946,57.32,57.646
81.659,78.072,57.394,58.483
81.68,81.023,57.973,57.139
82.21,81.838,56.185,57.008
82.07,83.79,57.076,58.364
83.563,84.922,57.02,56.127
84.118,85.642,57.047,58.356
85.816,86.097,56.898,56.546
87.401,86.861,56.552,56.941
88.342,87.012,55.936,56.633
89.687,87.399,56.137,57.136
91.324,87.484,57.096,56.423
92.473,87.335,56.146,56.347
92.461,87.267,56.156,57.076
93.277,86.839,55.694,56.894
94.424,86.566,54.966,56.224
94.555,85.718,55.528,57.731
95.797,85.51,55.535,58.142
96.533,84.348,55.65,56.835
97.239,83.254,55.774,57.383
97.414,82.212,55.802,57.363
97.96,80.685,55.736,57.24
98.71,78.402,55.403,57.956
98.624,76.994,55.345,57.577
98.669,74.062,55.694,58.49
99.643,73.193,55.529,58.989
100.54,71.2,55.113,58.77
102.8,69.756,54.996,58.656
104.97,69.82,55.525,59.794
106.95,70.131,55.523,60.331
108.62,70.209,55.456,60.548
110.33,71.917,55.623,59.967
113.7,73.633,55.64,59.581
115.48,74.18,54.999,59.473
117.26,74.796,54.452,59.653
119,75.272,54.272,59.286
120.3,75.955,53.349,59.493
121.19,75.976,53.12,58.63
121.01,76.219,53.078,58.888
121.41,76.159,53.313,59.127
121.53,75.453,53.655,58.684
121.98,75.918,53.636,58.432
123.07,75.872,54.02,58.645
124.85,76.833,53.795,59.274
127.71,79.45,53.854,59.652
130.78,81.838,56.786,60.571
135.61,84.387,56.8,59.12
141.97,87.153,55.87,59.326
148.13,90.027,54.413,57.72
152.63,92.185,56.019,58.212
155.19,97.616,56.118,57.493
162.42,99.291,60.353,54.838
166.59,100.5,62.559,55.965
169.54,104.07,62.744,54.041
172.3,104.02,59.364,55.439
177.1,105.31,59.005,53.786
180.27,102.57,62.681,58.353
183.15,103.89,63.817,60.228
184.9,101.56,64.918,66.646
187.56,104.36,63.74,61.547
187.47,104.08,63.84,57.774
187.75,101.69,62.701,60.85
187.84,106.51,63.639,57.445
187.02,103.23,63.166,59.849
186.1,103.05,64.768,58.792
185.78,106.72,62.638,61.206
184.84,108.33,61.685,58.901
182.82,104.35,63.583,58.015
182.27,101.69,61.954,58.977
181.53,102.26,62.951,62.479
181.11,105.09,61.448,58.788
181.87,106.92,60.043,56.46
180.7,105.59,62.179,54.505
181.61,104.72,60.213,57.898
181.55,105.71,60.555,56.168
180.8,104.39,60.346,56.687
182.1,104.48,62.435,56.926
181.34,103.73,62.177,57.638
182.34,105.37,61.192,56.85
182.01,107.22,62.539,54.251
181.9,106.74,62.705,55.907
183.12,105.44,62.771,56.231
182.79,105.87,63.396,55.41
182.3,103.96,61.834,58.041
181.78,105.48,62.629,55.601
182.7,104.85,61.802,56.054
181.49,104.06,61.41,58.42
181.61,106.37,61.611,55.672
181.64,105.08,61.68,56.84
182.6,107.97,61.265,54.55
181.81,104.84,60.554,57.363
181.85,107.26,59.56,55.585
182.63,106.41,61.298,56.588
182.28,106.23,60.96,56.263
182.44,106.52,61.006,55.816
182.47,105.94,61.97,56.427
182.13,107.13,61.774,55.807
182.75,106.51,61.905,56.239
183.07,107.55,61.254,55.34
182.7,106.71,62.19,55.851
182.31,106.77,61.12,56.746
182.84,105.94,62.303,56.91
183.05,106.9,60.848,56.409
182.33,107.46,62.274,54.588
182.9,104.82,60.346,57.897
182.69,107.6,60.328,56.277
182.09,106.36,62.131,56.082
182.19,106.87,59.676,56.159
182.41,106.47,60.747,56.475
182.65,107.3,60.692,55.241
182.84,106.64,60.976,56.896
182.42,106.7,61.429,56.754
182.07,105.89,59.667,57.39
183.18,107.52,59.968,55.884
182.43,107.56,61.214,56.015
182.11,108.96,60.692,54.876
