33.738,61.738,69.738,79.738
39.515,67.617,69.192,75.325
45.576,74.089,68.424,74.003
49.425,81.023,68.415,72.372
60.768,83.984,68.324,76.317
71.875,86.596,65.886,76.605
81.073,88.808,66.615,76.536
90.924,91.323,65.723,74.44
96.767,95.565,67.526,74.277
108.11,99.083,65.178,73.662
118.73,101.44,64.63,71.884
125.93,101.14,65.037,68.914
134.68,99.419,62.844,69.49
139.31,95.193,63.307,70.897
143.91,92.152,61.872,71.081
148.94,88.354,62.066,72.038
153.69,86.361,62.861,70.974
159.43,83.378,63.095,71.587
168.23,81.506,63.28,70.951
181.87,80.874,62.914,67.688
199.11,80.077,62.988,69.016
215.8,78.96,61.426,69.632
231.76,78.573,63.318,71.044
247.85,79.218,63.524,71.121
262.3,79.038,65.111,71.43
277.64,78.799,62.509,71.335
287.94,77.699,63.429,71.445
295.77,77.244,63.113,69.602
298.44,74.205,62.866,71.529
298.51,72.108,62.792,72.194
292.53,72.405,63.034,70.977
279.83,73.858,63.452,72.894
267.41,72.816,63.039,70.733
253.53,70.647,63.773,68.246
239.06,69.948,65.119,69.389
223.66,70.379,65.19,69.752
206.44,73.37,65.486,70.241
188.36,78.572,68.606,70.876
177.64,82.492,66.968,71.837
170.8,85.109,63.858,69.837
162.27,89.44,64.712,77.077
154.56,91.868,64.321,94.249
144.98,92.29,64.775,95.072
136.06,97.375,68.1,85.307
129.69,94.394,67.66,73.579
125.02,95.746,65.773,70.268
121.79,96.555,66.455,70.951
117.62,95.564,66.622,71.648
114.86,95.235,66.588,70.825
111.8,93.069,70.442,73.208
110.23,93.239,66.563,71.413
113.68,92.479,71.716,73.664
122.29,94.163,67.449,70.987
137.8,94.006,65.993,72.864
154.17,91.984,67.22,72.046
175.09,92.207,64.16,70.742
195.72,90.159,62.347,69.754
215.74,87.945,60.802,68.307
231.91,86.101,61.504,70.969
250.23,85.73,62.157,71.307
264.17,84.738,62.711,71.407
276.59,81.753,64.162,73.07
289.4,77.44,65.706,87.629
294.31,73.262,71.273,112.29
298.19,70.416,75.31,110.24
304.79,67.607,74.289,122.16
305.37,66.325,71.907,120.59
302.88,66.415,73.596,118.22
294.65,68.771,73.063,124.57
285.43,73.72,70.497,117.08
267.14,79.93,72.314,107.99
244.72,85.238,73.667,87.039
220.72,89.262,77.562,76.219
198.66,92.845,77.774,71.858
176.49,94.8,76.245,76.934
151.58,93.145,78.903,83.118
127.65,90.153,80.659,84.101
106.14,85.951,82.085,85.387
88.223,80.733,83.843,86.564
68.725,74.627,83.798,86.659
44.328,71.282,83.38,88.122
26.906,73.275,85.663,87.771
4.2891,78.081,81.036,82.291
3.2685,83.083,66.648,77.707
2.8992,86.675,64.778,74.946
3.0602,87.786,62.307,72.913
2.4386,87.537,60.881,73.559
2.9475,86.027,60.07,75.743
3.2261,86.043,63.259,77.057
2.5597,87.618,67.53,71.133
3.1092,85.334,72.177,73.065
4.4749,84.282,76.894,75.877
4.4504,83.527,80.019,75.341
4.5763,85.747,80.386,77.571
12.897,87.918,78.806,77.132
25.456,90.684,72.716,73.311
32.575,92.406,77.392,74.124
40.542,93.2,78.139,77.348
62.427,93.93,67.614,82.064
71.655,95.459,71.877,85.113
81.746,96.456,74.716,85.849
101.16,98.919,72.817,85.649
117.84,101.29,76.36,84.745
141.07,103.19,73.891,84.607
162.3,106.31,72.454,82.34
182.36,108.15,72.869,75.615
203.67,110.11,80.058,65.242
233.33,113.24,69.511,82.428
254.63,113.78,71.913,83.726
277.93,115.15,72.542,82.794
301.4,115.67,71.912,81.824
319.25,113.09,74.768,79.588
334.84,112.05,71.558,75.973
349.8,109.33,71.718,74.571
356.99,105.23,69.679,77.038
360.56,98.84,71.896,80.963
356.83,93.786,73.376,83.064
347.38,88.178,75.271,86.716
333.82,82.636,79.088,85.176
318.92,78.161,82.354,85.478
303.24,76.072,83.756,86.99
286.81,74.383,84.199,87.704
273.88,74.216,84.993,89.97
268.82,79.524,88.476,99.653
265.38,90.899,88.68,111.82
256.69,93.145,92.564,113.58
252.45,91.313,83.682,89.01
252.8,91.602,80.692,89.101
246.23,92.666,82.083,89.227
231.63,89.636,89.44,93.675
213.45,85.249,87.162,81.12
197,86.29,80.982,79.558
181.54,82.313,80.963,81.278
166.96,78.779,87.879,82.047
157.8,82.154,85.649,75.309
162.92,84.925,85.077,84.502
174.97,87.129,86.623,82.758
193.79,90.313,84.917,78.516
217.3,93.579,80.016,75.648
235.31,99.944,73.254,69.193
251.28,103.44,74.007,75.774
256.55,102.36,73.716,79.751
258.77,102.19,71.019,80.062
256.28,104.02,71.264,79.224
254.88,106.41,69.11,78.56
251.61,108.29,65.426,80.012
245.32,109.49,65.185,75.402
239.49,109.59,64.905,75.018
237.81,107.16,64.537,72.186
228.9,102,63.482,69.026
226.11,96.835,64.783,69.372
236.32,94.312,62.95,70.265
252.48,92.325,60.21,70.642
268.12,90.068,61.266,73.182
282.04,89.513,64.231,82.631
293.35,87.082,66.965,98.074
296.15,81.556,71.326,113.17
304.21,76.263,69.492,111.98
308.51,72.083,68.413,118.02
300.47,69.416,77.747,125.1
303.64,69.69,72.507,116.12
297.76,70.117,74.768,123.56
295.03,77.305,71.056,114.06
288.35,89.133,71.936,107.53
279.71,99.124,71.697,105.68
272.73,107.8,72.192,101.98
270.32,107.01,69.189,90.977
265.45,102.76,71.614,86.626
251.52,98.38,86.699,104.7
238.47,89.59,102.98,115.55
229.43,83.892,97.84,106.42
225.72,90.599,90.528,93.539
204.48,75.494,91.312,84.265
207.08,75.801,85.885,81.686
209.98,75.429,84.774,81.818
204.31,77.69,86.073,79.922
183.78,79.347,92.591,82.876
169.4,84.507,91.925,89.626
154.86,95.108,88.904,84.346
153.77,100.89,85.411,82.171
161.05,101.64,84.542,82.846
167.07,99.607,84.291,82.833
168.08,96.518,81.244,80.905
170.38,96.743,78.231,79.899
189.6,100.42,73.28,75.415
201.38,102.59,70.899,68.304
206.56,98.735,71.231,67.518
209.46,93.838,70.333,69.288
213.26,87.537,70.425,72.145
220.26,82.772,69.361,73.688
223.9,77.616,70.403,73.631
224.31,76.487,67.294,64.951
221.89,75.454,67.673,64.992
221,75.817,63.614,70.67
220.29,78.751,68.513,73.905
224.05,79.521,69.948,75.593
221.63,82.318,71.211,74.54
221.8,81.595,70.881,76.427
218.89,84.078,71.84,75.198
224.12,83.306,73.904,76.45
226.13,81.784,80.082,78.391
235.61,78.06,78.717,82.454
249.25,77.442,79.79,84.459
272.87,78.552,77.998,90.166
279.69,77.141,77.645,102.9
263.54,73.618,81.96,86.81
249.78,74.36,85.116,88.377
234.46,76.539,87.639,88.287
231.72,81.817,85.886,91.319
237.43,86.068,86.08,101.14
242.73,88.69,82.326,107.43
241.12,92.862,78.996,89.109
225.33,93.015,84.545,79.261
206.92,92.58,80.688,77.054
189.95,95.181,78.126,76.163
174.45,97.464,77.548,81.2
158.68,101.82,76.389,84.792
149.64,107.96,73.138,86.527
152.86,116.91,70.26,80.319
159.36,117.38,70.431,78.699
166.77,111.77,71.353,76.791
177.25,103.23,70.32,77.204
186.78,95.922,68.476,73.89
197.3,86.284,62.813,75.379
205.26,74.519,64.69,79.204
218.66,68.017,69.102,79.493
232.99,64.928,63.914,78.482
240.48,65.67,66.921,75.982
246.27,67.261,67.493,77.419
245.31,72.034,68.898,77.329
240.07,74.136,72.157,77.494
228.76,79.523,70.895,72.978
212.2,83.232,81.521,78.593
194.5,91.586,85.21,78.135
182.52,99.298,81.67,79.171
176.81,109.27,82.392,79.843
179.21,114.59,78.233,77.362
183.66,111.66,76.927,78.512
186.96,109.12,78.16,75.758
196.8,99.259,81.524,76.942
207.24,93.278,82.47,79.322
220,87.686,81.584,83.404
223.95,89.558,75.877,77.607
228.78,89.288,76.108,77.858
232.58,90.743,80.889,93.889
239.68,92.492,80.363,80.645
243.93,96.997,75.84,92.368
244.86,98.468,74.766,102.72
242.75,99.516,74.306,103.3
227.75,97.498,78.579,93.026
220.25,98.133,67.687,72.859
216.95,103.26,68.341,65.421
209,109.06,68.261,63.315
206.6,113.3,65.962,60.94
204.73,119.41,63.931,58.94
203.67,123.55,65.243,62.068
209.42,120.38,69.48,72.128
214.38,115.97,69.628,77.365
221.36,109.09,73.492,81.177
229.4,105.64,75.946,85.591
231.74,102.04,77.669,93.389
226.89,101.33,84.516,96.543
219.37,99.219,82.588,97.475
210.58,96.353,80.833,100.36
196.95,95.786,80.484,102.79
187.77,95.486,85.149,101
185.65,86.124,95.863,106.09
187.92,73.745,98.829,116.33
194.18,70.385,98.167,110.8
193.98,64.936,100.21,115.69
192.78,59.703,98.353,113.96
194.75,63.468,99.345,118.02
187.02,60.668,91.337,81.345
183.7,63.974,84.848,73.278
177.71,66.142,86.664,79.498
169.34,67.524,92.731,83.427
157.76,68.597,94.991,90.198
147.21,71.731,93.639,91.565
131.97,77.15,92.331,93.782
128.17,77.724,90.317,94.186
127.08,76.336,92.348,92.623
131.65,70.917,92.952,94.711
136.75,64.419,95.233,97.104
155.6,64.715,104.65,95.854
183.16,64.236,104.3,98.476
201.48,64.37,101.08,105.75
222.66,72.582,91.394,94.936
244.53,81.784,91.572,103.12
262.71,88.513,86.881,98.645
270.83,86.075,84.5,104.01
267.73,84.106,81.619,93.923
257.07,82.196,82.81,81.25
249.73,82.106,86.915,88.006
243.98,84.155,98.96,108.52
241.88,83.004,103.37,120.53
245.5,79.352,83.663,108.21
242.1,83.035,102.67,113.08
235.96,82.467,90.707,104.18
225.24,84.665,91.267,96.441
217.45,82.014,83.378,84.566
207.59,85.148,80.711,76.057
202.22,89.081,79.751,76.653
206.19,93.869,79.409,80.974
221.8,96.95,76.948,87.965
239.79,101.42,72.27,89.528
249.04,104.07,74.306,90.683
256.18,103.67,76.721,91.526
255.73,98.906,75,88.063
249.72,95.279,76.116,87.448
247.84,92.07,77.431,89.101
249.65,91.842,77.088,89.496
246.25,89.435,76.442,88.245
233.29,85.741,81.234,74.499
189.87,81.635,90.442,83.487
163.53,81.341,87.767,89.978
153.7,82.976,91.7,90.485
151.39,82.459,91.249,90.527
168.49,84.131,92.822,89.899
194.75,77.992,91.935,83.851
237.71,73.737,85.618,91.297
280.08,71.169,89.369,94.097
298.44,66.913,85.821,90.465
298.06,62.072,85.552,89.976
269.01,61.871,84.826,123.95
219.45,65.192,106.61,110.21
189.75,82.82,97.099,98.67
171.91,99.379,85.574,86.354
163.78,112.22,87.268,77.318
172.34,117.34,86.083,82.893
192.64,116.17,82.748,97.994
208.36,99.612,74.749,103.19
224.5,88.686,73.886,94.559
243.07,81.628,71.753,77.632
247.1,77.192,68.965,84.784
226.29,90.001,87.159,97.663
204.34,96.619,94.738,96.688
195.88,102.8,88.509,91.183
196.97,109.06,84.965,91.053
222.03,116.56,71.111,91.7
247.33,122.7,67.243,84.576
271.07,120.33,71.726,79.261
299.04,108.48,82.198,90.161
314.92,95.506,94.16,102.19
334.35,78.335,78.612,82.87
314.75,70.122,76.164,83.075
283.4,70.209,77.193,92.51
245.36,73.855,83.616,84.934
211.31,79.372,82.937,76.136
177.89,87.744,87.858,76.144
151.46,90.86,84.708,85.06
134.8,97.523,76.189,84.183
130.47,105.32,76.518,81.016
140.41,113.87,76.038,81.984
169.95,128.4,83.276,78.652
196.05,135.68,71.319,76.871
211.03,130.59,63.298,79.961
215.33,116.13,63.783,81.593
188.48,96.884,74.668,75.386
164.08,97.528,75.392,75.801
141.47,95.504,78.007,78.198
126.69,97.935,80.256,80.67
119.68,104.42,74.931,78.326
125.72,102.8,75.046,79.213
142.58,97.441,74.67,81.681
162.44,87.543,74.533,83.231
