232.96,88.961,76.961,84.961
244.48,89.482,69.776,90.791
249.3,93.989,74.699,91.873
261.18,99.51,70.411,91.614
268.5,103.26,71.624,90.393
278.54,106.04,69.797,89.369
287.5,107.93,70.642,89.67
296.11,110.02,70.704,89.188
302.78,112.64,69.278,89.846
306.87,116.05,71.37,90.683
311.68,117.1,70.409,91.562
315.15,114.77,69.897,93.395
313.43,112.48,72.904,94.169
307.21,108.01,73.983,93.463
299,102.51,73.347,89.639
290.01,95.721,72.694,93.056
278.25,91.889,72.281,95.263
265.13,88.504,72.883,102.88
252,86.411,73.464,100.73
240.77,87.326,73.943,105.41
231.18,86.647,74.428,105.41
218.82,88.205,76.003,100.52
209.92,89.908,78.339,97.651
210.11,92.142,74.11,94.79
219.64,95.845,69.362,91.754
227.33,100.5,73.06,89.945
240.33,104.19,70.511,88.994
255.33,108.61,71.579,91.892
268.36,111.29,70.715,91.357
278.61,113.55,69.266,93.509
287.9,114.07,70.577,93.105
296.14,113.17,72.223,90.856
303.14,112.06,71.659,92.412
302.77,110.12,72.738,99.385
300.5,112.12,73.174,91.285
297.42,113.98,74.36,91.824
292.65,113.72,75.107,92.519
284.82,112.16,76.84,92.314
274.62,110.12,82.996,91.709
261.79,106.02,90.515,95.852
251.11,99.866,93.094,102.04
239.36,89.892,96.726,116.15
233.69,82.051,93.196,119.66
241.14,74.766,86.044,122.77
248.26,73.569,87.067,116.42
269.22,75.279,83.322,119.22
296.61,76.724,81.601,109.36
322.32,79.66,76.664,97.87
339.04,78.831,78.222,101.62
349.11,80.785,77.586,97.595
350.57,85.559,75.512,95.808
344.27,89.62,73.664,92.744
332.4,94.712,71.028,94.945
313.85,103.1,69.983,93.608
291.58,108.52,70.824,91.761
265.68,111.63,70.108,89.407
240.13,111.35,69.78,90.023
220.41,112.03,71.569,87.861
205.18,111.74,68.497,92.204
192.69,112.46,65.164,89.065
182.13,110.03,73.049,84.141
174.96,105.52,75.285,86.269
175.82,94.57,77.288,93.048
185.55,81.523,83.292,98.904
204.31,68.824,84.822,111.57
227.14,54.887,80.935,118.54
247.89,49.557,85.121,122.24
264.83,51.893,89.506,126.9
282.88,51.036,96.357,131.31
295.94,51.602,88.483,130.13
300.3,53.713,86.314,122.45
293.83,60.305,97.226,112.8
298.33,71.01,98.762,108.82
312.73,75.479,96.772,101.63
332.16,77.355,92.683,102.67
351.62,73.615,93.442,108.16
367.91,67.422,91.394,109.3
380.48,58.232,93.757,116.4
381.6,50.923,99.591,119.03
366.5,46.841,108.11,119.42
348.56,45.411,113.84,115.17
325.89,48.265,115.8,118.65
299.68,54.582,122.61,110.71
277.52,58.794,118.35,113.62
259.66,63.791,107.18,110.73
240.97,71.373,106.43,110.2
227.27,71.951,106.55,119.2
214.48,73.264,100.45,117.93
199.15,73.65,100.39,111.93
186.39,73.308,98.28,107.2
176.28,70.697,98.967,105.34
167.37,66.786,99.979,110.59
146.2,64.329,114.52,124.5
144.02,62.254,109.83,121.4
155.27,64.506,98.161,123.19
135.52,62.62,108.18,122.82
114.27,63.73,129.46,122.29
121.4,70.543,110.44,106.21
131.64,75.897,122.2,109.14
141.97,79.278,119.94,105.32
154.86,83.512,116.32,102.53
167.14,87.784,105.81,99.41
177.88,91.989,95.76,99.223
178.97,97.389,98.442,97.414
182.75,101.91,102.32,96.229
183.98,101.59,97.338,95.723
179.88,102.66,94.044,94.535
178.09,103.77,89.517,95.644
191.03,104.02,78.665,94.213
202.99,104.77,71.59,86.976
217.84,105.52,65.325,88.289
231.87,105.32,69.501,86.562
246.99,106.58,68.78,88.229
268.66,106.2,65.296,86.244
287.41,105.16,69.216,86.567
301.56,104.81,76.005,89.955
312.58,102.27,82.757,92.843
332.74,99.445,75.376,90.086
347.35,97.945,76.776,84.462
363.32,97.304,69.068,76.889
361.37,97.809,76.092,79.414
354.15,99.701,79.783,86.036
351.55,102.44,76.008,86.264
360.03,103.71,65.688,84.234
357.95,104.92,68.962,84.292
360.99,101.11,70.787,87.218
363.52,93.546,75.402,88.061
363.63,85.07,77.441,92.824
357.59,76.994,78.614,93.782
341.43,70.283,86.136,102.29
326.76,68.772,89.176,94.745
303.41,69.404,97.011,99.654
280.28,71.967,100.57,108.71
258.14,72.359,105.48,105.7
241.87,73.836,97.569,107.25
228.74,78.866,96.541,120.4
213.83,84.018,93.874,105.17
191.69,89.843,99.105,104.02
179.33,92.254,94.68,108.26
173.1,93.131,90.66,102.21
152.95,93.21,89.563,99.202
138.36,93.13,82.452,89.668
126.6,93.122,81.271,97.711
114.91,93.877,82.748,98.213
107.88,92.45,79.808,98.569
108.88,91.741,78.124,100.44
115.8,91.605,79.902,100.7
125.05,91.681,83.692,100.75
144.87,91.379,84.3,99.511
160.71,92.006,85.263,101.46
183.33,92.707,83.386,102.3
208.59,89.741,78.777,99.398
233.02,84.131,71.145,100.54
247.59,78.953,78.366,102.83
267.08,71.236,81.915,113.75
286.13,63.602,84.092,121.06
305.16,56.83,84.656,124.51
322.14,51.924,84.489,121.82
328.87,47.146,86.059,125.05
326.92,45.124,90.485,119.05
321.83,42.789,99.147,124.09
309.79,46.187,99.1,111.63
298.17,50.021,104.62,116.87
286.52,58.565,102.67,114.92
275,60.308,101.61,119.55
262.09,71.281,102.2,110.16
246.5,74.322,97.412,103.31
238.19,78.467,102.02,114.41
219.84,84.984,101.13,114.07
196.3,84.42,106.6,108.76
183.53,83.346,97.26,101.66
165.21,82.175,98.715,97.38
156.9,80.41,92.982,103.34
158.01,79.589,83.087,106.06
155.66,80.856,80.24,106.31
154.28,81.816,82.697,106.76
166.6,83.205,82.866,100.92
181.1,86.377,85.002,97.316
209.81,85.561,80.883,97.718
235.17,77.717,75.983,105.15
252.9,71.405,80.513,108.03
260.8,63.175,84.015,119.94
247.07,60.074,94.993,110.98
235.87,61.051,99.516,104.45
222.54,59.397,99.928,104.14
222.88,54.833,88.551,110.71
230.1,49.087,86.806,117.6
249.23,45.022,79.795,112.34
256.95,49.176,81.71,111.33
265.39,65.101,81.934,101.65
266.03,81.215,81.059,93.899
262.42,90.595,76.926,92.787
263.87,100.98,68.533,88.191
265.57,103.84,70.138,83.217
273.44,98.478,71.602,85.865
280.75,90.482,75.117,89.775
283.79,85.397,75.415,93.947
279.47,76.861,75.426,105.52
266.94,72.697,86.115,109.87
266.18,63.206,85.1,119.82
263.08,56.746,85.469,129
247.94,52.192,92.644,132.77
233.95,60.992,97.583,122.71
222.47,67.213,96.923,116.64
225.81,81.404,86.631,102.36
234.67,82.924,78.044,102.85
244.79,76.945,73.197,101.48
248.69,70.543,72.275,96.161
241.35,65.081,73.861,88.177
235.89,64.398,75.054,82.685
231.31,69.805,67.256,85.031
215.41,76.327,75.494,109.3
203.94,90.947,83.776,101.8
208.37,105.76,83.717,95.954
223.75,109.83,87.192,94.316
240.81,104.21,88.048,100.83
264.66,93.684,82.292,101.71
280.82,76.856,82.179,105.35
292.17,65.043,88.598,117.4
298.74,53.148,98.029,125.05
306.35,47.728,102.94,126.3
324.71,52.977,87.018,109.54
321.12,65.476,79.464,104.26
296.21,80.86,97.047,100.32
279.16,91.387,95.415,96.473
255.09,96.742,93.554,96.143
245.22,91.408,91.698,103.7
247.19,84.259,80.594,107.07
254.63,80.896,79.336,111.56
268.11,83.748,74.437,91.635
268.36,87.113,76.472,103.82
265.74,92.857,77.124,94.736
251,94.044,77.87,96.207
229.2,94.573,79.767,98.129
203.32,96.129,85.751,95.62
181.59,99.613,93.097,102.02
175.28,102.87,95.629,105.94
193.53,99.644,84.696,103.43
222.48,90.549,74.292,96.369
245.29,82.099,74.248,98.516
267.19,79.226,75.926,100.13
284.65,80.493,77.592,98.556
300.92,88.211,76.129,96.142
311.45,91.444,72.286,94.923
308.77,96.188,70.911,91.206
293.2,102.93,69,87.504
274.62,108.24,67.783,88.936
248.97,116.44,67.098,85.053
234.07,119.43,68.045,85.461
225.04,117.96,68.439,85.561
224.43,110.61,65.841,86.313
220.46,104.13,69.285,88.674
229.38,99.327,71.527,92.306
245,93.573,71.936,104.79
267.25,84.18,74.394,102.8
286.13,73.057,76.734,108.64
295.52,66.071,80.43,117.2
293.61,62.13,78.497,118.68
286.7,64.247,77.181,119.09
285.4,69.346,77.295,101.17
291.08,74.479,78.382,106.85
303.04,77.917,78.517,94.902
313.77,71.637,78.373,97.676
315.79,58.435,83.182,121.56
318.16,48.49,80.945,125.11
316.87,43.008,82.373,128.39
318.98,48.046,77.965,117.33
317.25,52.47,81.76,112.18
320.25,57.928,79.826,92.519
309.98,64.91,87.412,99.231
309.9,68.81,80.269,91.308
307.4,72.565,77.201,90.093
302.26,66.813,84.027,109.49
304.64,55.85,85.942,122.57
312.79,41.106,83.735,131.81
324.06,29.212,82.032,135.19
327.59,16.004,80.551,139.27
323.39,6.7952,84.866,141.02
315.7,3.9434,87.53,138.66
307.06,6.037,88.326,136.63
299.54,15.31,84.961,130.75
296.57,31.017,82.366,120.84
293.46,47.338,79.343,106.82
289.54,60.279,77.951,104.07
285.42,70.682,77.255,103.28
282.85,80.489,73.89,95.143
277.19,86.706,69.399,92.534
265.97,91.12,69.721,92.421
253.5,93.424,70.007,91.885
237.69,93.95,74.012,98.077
217.8,93.136,83.138,99.081
196.65,85.964,94.45,105.17
202.49,78.34,85.628,102.9
202.43,70.13,94.242,115.28
216.54,63.773,84.355,93.077
237.11,94.596,86.944,100.11
248.35,97.844,85.135,104.63
249.86,94.651,85.326,107.29
246.5,97.987,85.868,103
245.1,100.63,85.107,93.252
241.6,98.378,86.359,88.912
237.69,96.761,82.632,88.109
233.34,94.844,83.928,87.846
230.8,38.58,88.158,119.81
230.67,38.192,86.066,105.01
214.95,43.45,93.73,123.09
203.54,103.28,78.347,89.005
213.13,97.055,64.428,90.538
186.78,95.843,87.557,95.877
175.28,89.453,109.88,104.47
191.58,93.871,113.33,101.18
219.84,99.799,111.39,98.733
248.26,98.685,100.75,97.324
281.66,97.257,81.479,94.937
295.71,98.108,72.715,91.359
287.72,103.52,69.055,87.926
272.65,110.68,63.477,86.252
251.27,123.37,69.703,84.002
238.19,135.06,70.431,88.054
238.62,147.2,67.626,81.775
242.35,133.7,70.99,82.831
255.76,111.29,78.481,98.265
274.74,82.853,83.106,112.41
295.82,57.006,84.201,134.66
304.4,34.947,83.885,128.44
287.95,24.472,101.63,120.75
266.25,30.146,114.59,107.51
248.95,39.849,119.08,101.31
240.98,40.348,111.6,100.6
248.12,36.994,92.165,102.74
252.14,41.637,82.613,100.61
246.99,62.536,83.053,98.348
239.75,79.38,78.827,98.81
238.96,96.554,72.108,93.836
239.49,103.38,73.127,89.281
245.33,100.33,77.519,89.154
250.7,100.39,83.147,90.207
270.72,97.003,73.786,81.847
261.13,86.219,74.29,73.333
231.28,80.347,75.46,80.321
188.92,84.376,91.72,94.686
171.48,95.586,90.366,99.17
163.34,109.54,87.702,86.588
166.09,123.96,86.723,83.045
183.12,129.2,80.484,83.284
200.26,129.43,67.889,79.634
210.42,130.69,62.451,78.865
215.29,125.55,64.588,82.15
215.76,120.9,64.292,84.611
204.9,116.55,62.651,85.693
178.74,107.04,74.039,78.727
154.11,96.67,83.294,92.043
141.55,81.936,90.76,93
117.33,70.056,93.539,93.517
