692.6,439.6,24.6,79.6
688.44,437.54,27.463,81.886
683.05,437.23,29.556,82.924
679,438.02,31.083,81.859
671.74,437.74,37.328,81.422
669.46,438.18,38.855,81.176
665.53,436.49,39.846,80.126
663.02,435.51,39.691,80.175
663.77,434.6,36.183,79.753
662.67,434.23,32.909,78.231
662.31,432.93,27.583,77.875
660.84,431.72,24.623,77.749
658.06,431.21,25.786,77.138
655.56,429.87,23.98,78.416
651.66,429.4,25.053,78.102
646.79,430.22,28.555,77.187
637.77,429.4,36.187,78.01
633.19,429.59,39.389,78.389
631.04,430.12,41.378,77.282
628.78,429.77,40.89,75.546
626.83,430.24,42.706,75.558
625.66,428.94,40.457,75.329
624.98,426.86,36.722,74.998
623.9,426.64,32.512,73.908
623.48,424.62,29.016,75.714
621.45,424.29,24.662,75.531
618.34,422.88,25.219,77.05
615.78,422.97,26.493,76.254
612.29,422.3,26.701,76.904
606.48,422.8,31.61,77.137
601.87,423.31,33.966,76.26
599.45,423.3,35.693,75.948
595.29,423.36,38.598,74.831
595.05,421.75,35.944,75.453
594.64,420.59,34.217,75.283
594.37,419.63,29.78,74.923
593.25,418.69,28.011,73.193
592.38,417.87,23.246,73.097
590.06,417.92,23.386,72.64
587.62,416.45,23.222,74.39
584.15,415.74,23.58,74.42
579.6,416.67,27.867,73.025
572.59,417.1,31.73,72.833
568.69,416.25,35.646,73.768
566.39,416.96,37.382,72.253
564.73,416.95,36.931,72.682
562.62,415.35,37.584,72.944
563.33,415.6,34.24,71.089
563.02,414.31,31.141,71.068
559.94,413.15,28.855,70.996
558.49,411.57,26.069,72.173
557.12,411.09,23.959,71.526
554.57,410.63,23.854,72.475
553.08,409.75,23.739,72.677
547.91,410.5,24.787,72.907
545.13,410.07,27.816,73.168
542.63,410.94,28.181,72.409
540.3,410.13,29.87,73.189
536.22,410.62,32.827,71.887
533.84,408.34,33.23,72.47
533.95,408.34,29.179,70.824
532.45,407.61,27.587,69.593
532.32,406.17,23.46,69.999
530.56,404.84,21.638,68.644
527.87,404.84,21.66,68.61
525.06,403.26,21.726,70.117
523.68,403.79,21.435,68.974
519.45,403.12,24.892,69.353
512.99,403.7,29.744,69.578
510.25,404.04,31.375,68.915
505.96,403.36,35.653,69.267
504.6,404.15,35.427,66.594
504.19,402.88,34.218,69.468
504.79,402.82,31.642,67.809
503.02,401.65,29.445,67.818
502.08,400.49,26.649,67.921
499.09,399.62,24.758,67.589
497.11,398.24,22.676,68.639
495.76,398.74,21.78,68.004
494.08,397.71,22.112,69.557
491.19,397.41,23.072,69.954
488.4,397.64,25.524,69.59
486.73,397.96,25.336,69.574
483.54,398.84,27.056,67.871
478.99,398.48,29.868,67.46
477.97,396.96,28.225,68.579
476.87,397.59,27.493,66.742
476.41,395.44,25.917,66.145
475.36,394.83,19.865,64.854
474.18,393.63,18.576,64.779
471.64,393.57,19.427,65.575
469.56,391.69,20.987,67.701
467.31,391.59,21.39,66.551
463.55,392.21,23.34,65.78
458.27,392.21,28.064,65.84
456.24,392.51,29.055,66.425
452.88,392.55,32.241,65.356
450.97,393.97,33.356,63.358
450.84,392.78,31.151,64.898
449.05,391.92,31.006,64.1
448.68,391.5,29.667,62.551
448.29,389.77,25.052,62.488
447.81,389.23,22.603,62.335
445.18,388.28,21.672,63.979
443.08,387.75,20.831,63.791
440.81,387.66,22.271,64.556
439.81,387.04,21.272,64.065
436.29,387.71,24.193,63.233
434.19,387.25,25.343,64.092
431.67,387.15,26.531,65.429
429.26,387.06,27.738,64.878
428.3,386.97,26.764,63.058
426.56,385.4,26.512,64.941
427.65,385.41,23.552,64.595
425.46,384.76,23.448,62.581
424.23,383.46,20.392,62.353
422.55,382.43,19.533,63.226
420.33,381.79,20.393,63.717
418.55,381.6,20.842,63.031
416.18,382.03,20.671,62.081
411.61,382.3,25.129,62.901
407.82,381.57,28.411,62.692
403.99,382.56,32.195,63.383
404.07,382.31,30.114,61.968
403.14,382.39,30.221,61.163
402.31,382.07,28.177,61.096
402.26,380.74,26.447,61.034
400.32,380.11,24.954,61.251
399.62,378.76,21.628,61.337
397.76,377.84,20.173,62.277
396,377.83,20.718,61.215
394.42,377.65,20.609,60.897
391.67,378,20.78,61.644
390.39,377.84,22.064,61.281
387.18,378.14,22.917,60.844
383.95,378.08,25.734,61.476
383.44,377.43,25.062,62.032
380.61,377.25,26.414,62.127
379.9,375.6,26.131,63.884
378.72,374.73,25.765,63.827
378.94,375.76,21.88,60.112
377.23,374.54,21.128,60.233
375.42,375.06,20.014,59.762
373.66,373.15,20.707,61.946
371.94,373.43,20.25,60.622
369.62,373.21,21.645,60.855
365.61,373.44,23.773,60.129
362.29,373.32,26.829,60.213
359.77,374,28.022,60.533
357.94,374.64,30.002,59
356.99,374.65,29.011,58.351
357.13,373.05,28.171,59.844
356.96,372.05,24.957,58.504
355.52,372.57,24.954,57.76
354.23,371.05,23.148,57.262
352.97,370.81,20.121,59.177
351.98,370.79,18.572,56.975
348.76,371.09,21.155,58.192
347.98,371.15,18.903,56.964
345.48,370.67,20.102,57.118
342.94,370.87,23.318,57.686
341.21,371.34,23.535,57.336
339.41,370.96,24.62,57.679
338.22,369.82,24.999,58.102
337.73,369.8,22.487,57.053
336.22,368.48,23.098,59.473
335.02,368.02,21.692,57.53
334.04,367.88,18.898,56.724
333.49,368.09,17.498,54.615
331.49,366.63,17.991,56.874
329.76,367.67,18.745,55.794
328.48,366.86,18.085,54.875
326.32,366.39,19.104,55.804
322.01,365.98,23.292,57.33
317.79,366.57,26.707,56.057
316.5,367.35,27.648,56.045
316.47,367.53,27.058,54.976
316.65,367.29,26.813,54.817
315.53,366.24,25.021,55.403
313.65,367.61,24.763,52.678
314.2,365.17,21.677,53.475
311.87,365.16,20.159,52.577
308.61,363.5,20.886,54.016
307.76,362.97,19.354,55.167
306.89,362.45,18.94,55.561
304.5,362.49,19.837,55.414
302.57,362.99,20.437,55.092
300.41,364.26,22.01,53.752
299.34,362.65,23.151,54.87
298.3,363.75,19.616,46.328
296.98,362.7,22.217,54.666
295.03,362.66,23.89,54.697
295.03,361.22,20.855,53.761
292.9,360.53,19.844,53.629
291.95,360.15,18.523,52.774
290.58,358.55,17.335,54.896
289.05,359.92,17.35,52.926
286.59,358.6,18.954,53.924
285.18,358.92,19.016,53.285
281.27,359.02,22.852,52.937
278.68,359.8,25.306,52.345
276.69,359.53,26.192,52.994
274.78,358.31,27.258,53.135
273.93,357.96,25.881,52.903
273.59,358.84,25.668,53.078
273.61,358.81,23.901,51.009
272.42,359.02,21.492,49.691
271.47,357.8,19.228,50.869
268.91,355.79,18.879,53.426
267.02,356.28,19.312,51.22
264.92,355.57,19.517,52.878
263.86,355.48,18.484,53.813
262.38,354.79,19.77,52.731
260.13,355.9,20.77,52.154
259.16,355.7,21.633,52.074
256.88,355.42,23.034,52.901
255.19,355.46,22.877,52.802
254.73,355.21,22.201,52.819
252.89,354.91,21.171,52.272
250.87,355.44,20.653,50.69
250.29,353.32,17.568,46.406
249.27,352.28,16.495,45.961
247.58,352.39,17.09,45.129
246.23,353.06,16.765,48.202
244.75,352.79,18.104,50.477
241.71,353.19,20.776,49.001
236.67,353.2,24.123,48.643
235.34,353.91,24.198,46.542
234.51,353.67,23.971,46.051
234.28,353.49,23.752,46.739
233.76,352.88,21.875,47.48
232.69,353.68,21.691,46.623
230.58,352.85,22.214,48.866
229.15,349.94,20.668,50.439
228.01,351.29,18.335,48.239
225.75,349.04,18.011,50.435
223.89,349.77,18.607,50.615
221.96,349.12,19.794,51.399
220.03,348.61,21.158,51.924
219.52,349.97,20.911,49.565
215.93,349.29,24.155,51.519
215.76,348.76,22.315,51.878
215.12,350.22,21.504,49.751
214.29,349.01,20.983,50.533
212.61,348.73,20.555,50.352
212.35,348.08,18.843,50.001
210.6,347.04,17.545,49.819
209.11,346.23,16.707,51.918
208.08,347.35,17.333,49.501
206.14,345.81,18.097,50.96
205.55,347.34,18.589,49.346
203.16,347.06,19.611,49.763
199.64,346.8,22.217,49.438
199.88,347.2,21.149,50.069
198.71,347.89,21.409,49.296
197.96,347.71,22.107,49.122
196.01,347.76,22.235,48.452
195.5,348,21.12,48.384
193.16,345.94,21.693,50.49
191.93,345.68,19.966,51.562
190.98,344.04,17.362,50.984
189.02,344.13,18.825,52.105
188.21,344.1,18.375,52.869
186.72,344.48,18.732,48.799
185.53,345.28,18.059,46.441
183.23,345.48,20.116,43.692
180.89,344.57,20.853,46.668
180.55,344.64,21.375,45.242
179.89,344.55,21.001,45.641
178.71,344.4,20.434,45.818
177.39,344.51,20.83,46.43
175.97,342.28,17.654,47.924
175.5,341.76,17,48.36
174.09,341.82,17.247,47.894
171.84,341.15,17.278,47.918
170.84,342.05,17.571,47.03
168.89,341.29,18.544,47.121
167.52,342.51,19.831,45.317
163.96,340.06,22.219,48.713
162.51,340.73,23.824,48.014
161.3,340.24,23.487,48.148
161.07,341.14,22.822,47.893
160.68,341.55,22.916,47.163
160.25,340.13,21.195,46.584
158.25,340.37,19.962,46.203
157.83,340.21,18.305,46.187
156.17,339.15,16.726,47.374
154.35,339.75,15.833,47.082
152.29,339.98,17.907,45.468
151.62,339.36,16.987,45.198
150.42,339.01,17.541,46.801
148.57,339.51,18.455,46.548
146.89,340.11,19.11,46.078
145.15,340.13,20.427,46.12
143.85,340.66,20.343,44.709
143.15,339.84,19.552,45.31
142.81,337.88,18.735,47.467
141.48,339.48,18.648,44.88
139.72,336.1,16.85,48.17
138.59,336.98,16.37,46.42
138.41,336.94,15.723,46.686
136.18,335.48,16.321,47.084
135.24,335.53,16.73,46.77
133.97,335.55,17.056,46.755
131.27,335.89,19.24,47.274
129.51,336.36,20.837,46.086
128.12,337.48,22.225,45.066
128.2,336.72,20.445,45.73
127.39,337.17,20.143,44.192
125.75,336.24,20.395,45.255
124.99,335.41,20.576,44.805
123.94,334.72,18.655,45.542
122.37,334.21,18.107,45.83
121.62,334.38,15.933,45.356
120.56,333.33,16.187,46.702
118.9,334.24,16.412,45.901
117.75,333.53,16.933,46.03
116.72,334.35,17.729,45.466
116.45,333.94,17.13,46.56
115.01,334.44,17.943,44.902
113.65,335.27,18.429,43.623
113.31,334.19,17.548,45.103
111.53,334.17,18.46,45.041
111.78,333.49,17.622,45.573
110.6,332.05,16.435,45.203
109.35,332.33,16.297,44.751
109.52,332.55,15.284,43.923
108.6,331.14,15.067,45.638
107.83,329.72,14.507,46.167
105.6,331.1,16.271,44.173
104.47,331.07,16.432,45.918
103.53,331.6,17.848,44.099
101.03,331.5,19.978,44.348
100.76,330.98,19.793,45.307
99.827,330.43,20.458,46.098
99.379,331.13,19.583,44.45
98.48,329.82,19.676,45.702
96.826,329.42,19.044,44.493
96.177,327.93,17.386,45.424
94.197,327.18,17.631,46.356
93.448,327.32,16.71,45.433
91.803,327.5,16.737,44.696
91.956,328.17,15.916,44.247
90.821,327.17,17.156,45.26
89.987,327.95,16.575,44.363
89.596,327.93,16.364,46.152
88.818,328.31,16.171,43.945
86.843,327.62,17.584,44.343
86.195,328.31,16.707,43.438
85.723,327.81,17.196,44.58
85.291,327.2,15.899,43.392
83.82,326.77,15.612,43.052
83.955,326.76,14.51,42.359
82.423,325.89,14.811,44.157
81.979,326.15,14.69,43.258
80.774,325.82,15.388,43.318
80.008,324.77,15.387,44.397
79.124,325.38,16.037,44.142
77.12,324.92,16.557,44.532
75.957,326.9,17.475,42.752
75.371,326.44,18.301,43.067
74.655,326.33,17.703,41.94
74.257,325.2,17.775,43.534
73.085,326.63,17.968,40.872
71.925,325.71,18.082,41.072
71.257,325.18,16.879,41.267
69.556,323.76,16.505,42.667
68.486,323.18,15.929,44.768
67.228,323.1,16.735,43.411
66.138,322.9,16.836,42.824
65.307,323.08,17.442,43.223
65.108,324.14,15.657,41.207
64.413,323.29,16.818,42.747
63.367,323.62,17.653,42.184
62.824,323.08,17.11,43.17
61.889,323.02,16.632,42.809
60.808,322.62,17.25,43.059
59.835,321.65,17.248,43.157
59.262,320.51,15.607,43.363
58.582,320.89,15.337,42.725
57.771,320.93,15.146,43.121
56.661,319.37,15.874,44.983
56.49,319.93,14.825,43.304
55.682,320.17,15.255,43.215
54.802,320.11,15.732,43.059
52.51,320.55,17.34,42.713
50.618,321.26,18.457,43.27
50.565,320.44,18.785,43.348
49.592,320.1,19.322,43.542
49.752,319.57,17.66,43.733
48.906,319.96,17.141,42.511
47.601,320.17,17.613,41.171
46.899,318.59,17.011,42.407
45.677,318.74,16.344,42.141
44.503,318.46,15.617,42.947
44.198,319.17,14.694,41.518
43.156,318.69,15.295,41.714
41.284,318.59,16.403,41.418
41.613,319.64,15.944,40.736
40.179,320.49,17.524,40.829
40.072,318.76,16.223,41.539
38.959,319.41,16.441,41.261
38.397,319.03,16.751,42.298
37.791,318.63,15.916,41.869
37.648,318.38,14.674,40.828
36.626,317.16,14.434,41.093
35.561,317.09,15.116,41.42
34.336,317.25,15.81,41.095
34.462,317.43,15.112,41.172
33.444,315.22,15.383,41.753
33.005,316.96,15.06,40.568
32.342,316.12,15.424,41.432
