130.06,132.06,31.065,115.06
129.23,132.41,32.346,110.84
129.21,132.56,32.659,110.47
128.75,132.01,32.545,109.58
128.25,131.29,33.446,109.54
128.05,129.94,33.662,109.21
127.6,128.55,33.611,109.95
127.22,127.23,33.818,110.81
127.85,127.08,32.544,110.83
126.37,126.34,33.706,111.6
127.14,127.19,32.729,111.47
124.8,128.25,35.154,110.07
124.63,127.96,35.502,109.32
124.84,128.33,34.356,107.86
123.17,127.46,35.823,108.01
123.73,126.53,33.235,106.49
122.18,125.37,36.816,106.72
122.53,123.96,35.094,107
122.03,123.61,35.667,107.49
122.41,123.58,33.175,108.19
122.16,122.86,33.722,107.8
121.98,123.84,33.335,106.8
122.06,124.42,34.165,106.28
122.51,124.29,33.923,105.65
122.58,123.69,33.818,106.15
121.51,123.95,34.679,105.32
122.07,121.15,34.026,104.79
121.56,120.49,34.672,104.54
122.75,119.8,32.262,104.19
121.38,119.37,34.165,104.29
121.13,118.37,34.3,104.9
120.86,118.06,34.087,106.17
120.51,118.44,34.222,104.92
120.66,119.11,33.286,102.71
120.18,118.64,34.337,104.09
120.46,119.1,32.822,102.62
120.59,118.26,32.983,102.13
119.08,117.63,34.316,101.99
119.89,115.84,33.693,102.37
120.81,115.72,32.215,102.38
120.1,115.02,32.766,102.77
120.3,114.5,32,103.31
120.11,115.47,32.502,102.07
121.48,114.44,30.005,102.97
120.69,115.12,31.261,101.71
120.88,114.83,31.081,101.33
120.82,114.74,31.076,101.06
120.47,114.65,31.74,100.19
120.53,114.66,32.219,99.799
120.78,112.86,32.767,99.457
120.22,112.26,32.984,99.667
120.2,111.12,32.242,99.269
120.63,110.93,31.611,99.484
120.34,110.67,31.963,99.858
119.41,110.16,33.543,100.56
120.12,111.54,32.168,98.731
118.71,112.1,33.193,97.402
118.1,110.45,33.089,98.505
118.9,109.89,32.079,98.363
118.09,110.01,33.258,96.352
118.34,109.13,32.305,96.854
118.14,108.65,31.091,97.25
119.51,108.57,29.213,97.331
119.31,107.71,29.457,97.542
118.9,107.8,29.832,97.694
118.65,107.98,29.877,97.537
119.41,108.23,29.437,96.288
119.07,108.26,30.213,96.092
118.52,107.68,31.176,94.755
118.81,107.2,31.444,94.898
118.49,106.24,32.096,94.31
118.61,105.6,31.819,94.303
118.99,103.87,31.438,96.07
118.25,103.88,30.991,94.88
118.47,103.9,31.53,95.132
118.87,104.22,29.861,94.766
117.2,103.5,31.567,94.718
117.3,103.99,32.521,95.513
117.79,104.51,30.574,93.983
118.24,103.58,29.715,93.401
117.64,102.85,30.248,93.153
115.83,102.65,31.427,92.675
116.86,101.99,30.957,93.164
116.72,100.93,30.677,94.362
117.77,100.42,28.908,94.462
117.34,100.4,30.233,93.981
118.12,100.7,27.817,93.8
118.06,101.03,27.896,93.014
118.65,101.44,28.295,92.5
117.78,101.73,28.49,92.017
117.72,101.74,28.7,91.808
118.8,100.71,27.951,91.309
118.75,100.8,27.393,90.216
117.51,99.117,29.035,90.999
118.27,98.286,28.157,91.803
118.15,98.419,28.703,90.946
118.13,97.469,28.021,92.721
118.43,98.005,28.536,91.198
118.25,98.186,28.184,90.797
118.28,98.844,27.631,89.95
117.38,97.915,28.388,90.208
117.85,97.623,27.446,89.442
116.18,97.54,31.228,88.196
116.44,95.936,29.461,88.188
116.36,95.716,28.796,89.511
117.13,94.62,27.687,90.01
116.64,95.252,28.846,90.081
117.33,94.812,27.817,89.674
115.78,94.55,30.18,90.185
117.43,94.936,26.933,89.396
117.27,95.267,27.293,89.271
117.47,95.933,27.255,88.441
117.41,94.452,28.086,88.308
117.74,94.615,27.155,88.006
117.47,93.98,27.305,86.762
116.91,92.19,28.516,88.489
116.74,92.409,27.412,87.465
116.75,92.042,28.077,87.312
116.43,92.228,27.674,87.186
114.87,92.735,30.45,87.358
114.98,92.622,28.813,86.318
115.15,92.575,28.766,86.567
114.95,92.056,28.558,86.144
114.06,91.879,29.308,85.511
114.17,91.428,28.085,84.926
114.05,90.442,28.21,85.363
112.69,89.863,29.586,85.116
112.87,89.259,29.209,86.474
113.46,89.362,28.067,86.075
113.85,89.48,27.882,86.638
113.88,89.483,26.576,85.84
112.99,89.685,27.537,85.378
112.8,90.006,28.126,84.653
113.49,89.783,26.963,83.93
113.35,89.215,27.134,84.451
112.72,88.997,28.776,83.01
112.51,87.677,27.914,84.073
113.32,87.276,27.443,84.128
112.64,86.57,27.604,83.946
111.71,86.353,27.29,82.998
112.31,86.932,27.599,84.129
110.51,86.956,27.983,84.406
111.14,86.803,27.237,83.276
110,87.364,28.39,83.265
109.4,86.896,27.744,83.377
108.71,86.626,27.737,81.46
109.79,85.985,27.172,81.253
110.07,84.904,25.907,82.92
109.2,85.076,27.054,82.165
108,84.59,27.703,82.947
109.84,84.209,25.292,83.118
109.06,83.859,26.031,83.33
109.78,83.787,24.291,82.566
109.05,84.517,25.397,82.085
108.74,83.833,24.672,82.146
109.16,84.425,24.237,81.857
108.32,83.414,26.219,82.605
109.07,83.741,24.85,79.747
109.45,83.713,24.51,80.284
107.87,83.015,26.437,80.452
107.83,82.603,25.285,80.32
107.73,81.385,25.246,82.349
107.12,81.996,25.633,80.727
108.15,81.151,24.58,81.747
106.73,81.765,25.341,81.92
106.43,82.342,25.759,79.83
106.47,81.755,25.801,80.711
106.26,81.536,24.187,79.63
105.1,80.199,25.793,81.586
104.9,80.773,25.618,79.493
105.56,79.989,24.818,79.728
104.8,79.149,25.985,81.742
104.3,78.822,27.564,81.571
105.27,79.611,25.084,80.435
104.92,79.474,25.134,79.464
104.44,79.397,25.743,79.889
105.02,80.842,24.805,78.105
104.77,80.311,24.218,79.297
104.79,79.545,25.011,79.793
104.62,79.794,24.015,76.52
103.08,79.022,27.328,77.908
103.5,77.552,26.733,77.507
102.73,77.36,27.563,78.389
103.26,75.86,26.983,79.594
104.12,77.2,25.46,79.878
103.63,77.027,27.36,79.881
104,77.767,26.129,79.187
103.96,77.626,26.326,78.087
102.91,77.422,26.929,78.686
103.28,76.395,25.501,77.752
102.97,76.685,26.069,74.569
102.74,75.791,26.262,75.598
102.28,75.039,26.026,76.33
102.4,74.252,26.478,76.339
102.41,74.913,26.634,78.214
102.08,74.979,27.942,76.669
101.12,74.212,28.29,77.731
100.93,74.773,27.719,77.11
100.52,75.529,28.076,79.02
100.09,74.049,26.753,80.802
98.568,74.991,27.612,88.368
96.374,76.327,31.436,111.24
95.979,80.24,33.766,107.59
95.994,78.965,33.74,108.39
96.495,76.979,34.485,111.49
97.184,72.799,34.045,114.33
98.005,80.724,32.938,108.24
99.071,83.958,33.09,105.02
99.221,84.165,32.467,103.64
97.144,74.663,30.701,102.42
97.145,72.15,29.612,89.78
96.654,71.3,28.59,80.846
97.489,69.98,26.879,82.458
97.449,70.913,26.302,82.038
96.882,68.862,26.367,83.063
98.394,70.232,25.233,82.325
96.915,68.914,25.779,83.7
97.279,69.542,25.197,84.704
97.062,69.858,26.028,82.845
97.326,69.604,25.807,83.463
97.31,71.295,25.416,79.655
97.239,69.631,25.06,82.767
98.366,70.333,25.67,86.282
95.75,67.945,26.77,85.77
97.287,66.985,27.205,83.968
97.834,65.769,25.741,80.404
97.033,65.96,24.992,75.415
97.264,66.984,25.722,73.927
97.571,66.861,24.47,74.323
98.075,67.149,24,73.041
97.424,68.258,25.078,72.426
98.124,68.209,23.233,71.003
98.337,68.399,22.645,71.34
97.234,67.187,23.263,71.943
97.129,68.111,23.397,71.64
96.334,66.716,23.875,73.418
97.456,65.9,22.333,72.951
96.782,65.789,23.652,72.608
96.51,66.34,24.304,73.189
96.47,66.214,22.854,72.677
97.233,66.107,23.116,72.791
97.176,65.469,23.529,73.993
98.323,66.193,22.234,72.096
97.264,66.449,22.495,71.027
97.164,65.763,22.54,70.997
97.034,66.07,22.781,69.285
96.398,65.69,25.045,69.458
96.966,64.62,23.724,69.741
97.275,64.837,23.686,68.49
97.897,63.769,23.588,71.093
98.251,64.937,23.865,70.248
97.962,63.627,23.282,71.655
96.452,64.292,24.242,70.309
98.59,64.546,22.256,69.699
97.872,64.647,22.499,69.778
97.284,64.29,22.959,69.179
95.917,64.214,26.19,68.043
97.745,63.482,23.324,67.897
98.676,63.513,22.383,67.558
98.547,62.594,21.855,69.6
98.391,63.109,21.551,69.392
99.805,63.102,21.114,70.037
99.124,63.14,23.125,68.896
99.857,62.964,21.458,69.075
99.031,63.051,22.505,68.785
100.05,62.312,21.43,69.368
99.438,62.775,23.047,68.977
100.24,62.436,22.759,68.677
99.939,62.025,23.167,69.274
99.391,61.947,23.249,67.777
100.08,61.12,23.249,68.677
100.34,60.969,23.016,68.324
100.11,60.98,22.404,68.743
100.59,61.51,21.685,68.083
100.38,61.171,21.695,68.016
100.2,61.412,21.405,67.614
100.3,61.769,20.728,67.083
99.38,60.978,23.208,66.656
98.132,61.071,23.709,66.114
98.781,60.454,22.879,66.198
99.925,60.373,22.056,67.296
99.226,58.536,21.696,68.681
99.86,59.489,21.498,68.214
100.06,60.027,21.224,66.823
99.794,59.736,22.339,67.44
99.48,60.204,21.439,66.84
99.388,60.02,22.378,66.526
100.06,59.279,21.083,67.385
99.517,59.635,20.59,66.001
100.64,59.565,19.383,65.776
99.938,58.264,20.868,66.071
99.61,58.396,22.483,66.088
100.18,58.057,21.31,65.966
100.15,57.535,20.859,66.767
99.788,57.175,20.801,66.685
100.61,57.328,20.161,66.191
99.623,57.763,21.216,65.604
99.964,58.198,21.621,65.269
99.682,58.205,20.825,65.309
98.753,58.381,21.734,64.909
98.735,57.327,22.338,63.895
99.558,56.968,21.077,63.925
98.964,56.808,22.091,64.704
99.122,55.754,20.66,66.405
99.417,55.37,21.98,65.256
99.506,55.693,21.834,65.573
99.069,55.698,22.67,65.218
99.335,57.339,20.989,63.657
99.589,56.729,20.063,64.24
99.5,55.836,20.537,65.288
99.431,56.108,21.539,64.172
99.799,55.854,21.462,64.508
99.433,55.19,22.033,64.8
99.278,55.279,21.202,63.818
98.908,54.419,22.519,64.523
98.77,54.824,21.932,63.608
98.095,54.414,23.046,64.03
98.755,55.02,21.189,63.897
97.919,54.91,21.627,63.197
98.257,55.479,21.587,62.649
97.889,54.456,22.132,63.004
98.58,53.641,20.709,63.422
98.199,54.195,20.632,62.873
97.857,52.859,21.374,63.03
97.677,52.914,21.968,63.742
98.025,52.624,21.418,63.637
98.226,52.696,20.238,63.443
98.508,52.855,19.601,62.912
97.747,54.142,19.833,62.29
98.767,52.697,19.729,62.576
98.733,54.234,19.919,62.088
98.493,53.277,20.519,63.588
99.21,53.718,19.509,62.061
98.613,53.598,20.389,61.695
97.349,51.795,21.951,62.405
97.373,51.592,20.991,62.999
97.996,51.753,20.733,61.683
98.148,51.246,20.226,62.824
98.713,51.112,19.622,62.905
98.665,51.456,19.744,63.053
98.677,51.977,19.283,62.217
98.073,51.85,20.156,61.781
97.513,51.599,20.508,61.84
97.56,50.877,19.903,62.096
97.133,51.299,19.985,61.35
96.582,51.457,20.226,60.612
97.509,51.046,19.769,60.848
97.614,50.535,20.175,60.662
97.434,50.076,20.877,62.18
96.156,49.405,22.573,61.759
97.602,50.481,20.187,60.612
97.275,50.648,19.536,61.316
97.494,50.759,20.096,59.651
98.251,51.846,18.353,59.967
97.454,50.062,19.836,60.606
97.744,51.101,19.935,60.303
97.257,50.486,21.413,60.615
96.35,49.738,23.672,59.483
96.54,49.545,21.994,60.65
96.754,49.253,21.514,60.251
96.313,48.632,22.808,60.783
97.503,49.382,21,60.109
95.595,48.782,23.04,61.384
96.045,49.388,22.492,59.711
95.736,49.654,23.402,59.412
95.196,49.29,23.336,60.174
95.708,49.046,23.205,59.804
95.655,48.455,23.059,60.84
95.157,48.293,24.199,61.783
95.652,46.94,24.391,62.918
94.891,47.185,23.974,63.699
95.171,47.494,24.593,62.274
96.807,46.869,21.345,59.668
95.86,48.25,22.49,56.744
95.626,48.338,22.235,56.092
96.984,47.731,20.445,57.257
96.007,47.493,21.162,56.911
96.599,47.533,20.415,58.928
96.266,48.122,21.333,59.44
96.997,45.707,20.929,61.913
96.653,46.191,21.696,60.367
96.885,45.681,20.841,60.542
97.117,46.186,20.054,60.387
96.377,46.535,21.406,60.428
96.344,46.051,21.437,60.608
96.351,46.677,21.082,59.007
96.856,46.321,20.25,59.112
96.147,47.376,21.016,58.324
94.989,46.182,22.201,58.097
95.98,47.29,20.664,56.299
95.773,46.315,21.279,57.568
96.306,45.575,21.221,59.005
96.596,45.87,20.49,58.946
96.403,46.124,20.4,57.861
96.803,45.942,20.128,58.635
96.285,45.962,19.952,58.619
96.694,46.421,19.841,58.278
96.683,46.518,19.191,57.179
96.291,45.86,19.86,57.489
96.994,45.653,19.178,57.294
96.943,44.629,19.984,57.517
95.992,44.266,20.377,57.476
95.495,43.572,20.456,57.886
95.721,43.119,20.373,58.517
95.471,43.998,19.685,57.231
95.375,43.872,19.659,57.391
95.566,44.104,19.312,57.65
94.79,44.927,20.684,56.801
95.075,44.878,19.271,57.157
94.358,44.675,19.493,56.841
94.9,45.208,18.717,55.078
95.218,44.944,18.363,55.618
93.86,43.378,19.064,56.714
94.272,43.324,19.824,56.895
94.472,43.352,18.649,57.187
94.071,43.557,18.405,57.067
94.547,43.817,18.171,56.565
93.9,44.071,19.002,56.234
93.776,44.356,18.246,55.89
93.622,43.452,18.647,56.344
93.888,44.409,18.742,54.629
94.218,43.76,17.888,55.849
93.391,42.72,18.557,55.338
92.17,42.302,20.59,55.466
91.757,42.481,20.938,54.918
92.082,41.972,19.321,55.443
92.86,42.188,19.32,55.825
91.933,42.319,19.739,55.626
91.832,42.261,19.202,56.32
91.451,44.07,19.62,54.351
91.859,42.583,18.309,56.112
91.101,43.814,20.314,54.107
90.837,43.067,19.004,53.291
90.224,41.97,20.285,53.685
90.788,42.046,19.131,54.105
90.776,42.28,20.26,53.798
90.874,41.324,19.537,54.562
91.131,42.028,18.682,54.165
90.474,41.284,19.83,55.727
90.206,41.773,19.878,54.998
90.258,42.514,19.819,53.658
91.211,42.675,17.711,53.129
90.144,42.344,19.135,53.114
90.918,41.774,18.126,52.733
90.102,41.364,19.183,53.122
90.521,40.318,19.436,54.668
91.005,41.081,18.406,53.074
90.197,40.481,18.735,54.333
89.725,40.554,18.998,54.199
90.192,40.272,19.111,55.595
90.091,40.869,18.902,53.505
91.261,41.054,17.866,53.892
90.564,41.5,17.912,52.673
90.044,40.923,17.756,53.128
90.417,40.521,17.613,52.51
90.238,41.096,17.072,51.961
89.911,39.217,17.635,53.204
90.17,39.244,17.794,53.906
90.57,38.313,17.708,54.973
89.871,39.272,18.2,53.413
89.917,39.889,18.281,52.711
90.327,40.461,17.429,52.609
89.656,40.507,18.534,53.032
90.901,40.613,17.154,52.136
89.095,39.599,19.276,53.011
88.899,39.956,19.754,51.938
89.948,38.785,19.444,53.251
89.711,39.282,19.3,53.502
90.911,39.569,18.636,52.059
89.621,38.802,19.046,53.448
90.737,38.815,19.087,53.089
90.406,38.473,19.093,52.382
89.785,38.74,19.359,52.29
90.469,39.152,18.86,52.242
90.854,39.75,17.948,51.925
89.81,39.53,18.448,50.83
91.36,38.945,16.863,51.217
90.711,38.819,17.637,51.252
90.05,38.268,19.109,52.046
89.24,38.103,20.79,51.764
89.396,36.717,20.48,54.003
89.652,36.554,20.268,53.206
90.578,37.732,19.012,51.672
91.134,37.185,18.531,52.968
90.739,38.167,18.285,50.814
90.828,38.923,18.911,50.616
91.197,38.926,18.795,50.455
91.508,37.615,18.831,51.345
91.305,37.528,19.03,51.023
90.356,36.791,20.041,52.43
90.757,35.758,19.816,52.686
90.306,35.601,20.364,53.463
90.915,36.614,18.595,51.964
91.981,35.966,17.743,52.798
91.165,36.983,18.316,50.7
91.207,37.124,19.354,50.546
91.317,37.038,19.054,51.146
91.348,35.686,19.053,52.449
91.226,35.972,18.502,51.065
91.635,35.011,18.229,51.816
